center_x,center_y,width,height,xmin,ymin,xmax,ymax,top_left_x,top_left_y,top_right_x,top_right_y,bottom_right_x,bottom_right_y,bottom_left_x,bottom_left_y,label,grouplabel,group,text_font,text_style,size_font,filename,path,filename_mask,content
300,400,600,800,0,0,600,800,0,0,600,0,600,800,0,800,document,,,,,,17pabc_2cols_20211228_164104_9559932204_600_800.png,/scratch/parceirosbr/bigoilict/share/BigOil/document_generator/datasets/documents_2021_12_28/17pabc_2cols_20211228_164104_9559932204_600_800.png,17pabc_2cols_20211228_164104_9559932204_600_800_mask.png,
31,8,63,17,144,52,207,69,144,52,207,52,207,69,144,69,sub_line_text,subtitle,subtitle_0,roboto,italic,14,17pabc_2cols_20211228_164104_9559932204_600_800.png,/scratch/parceirosbr/bigoilict/share/BigOil/document_generator/datasets/documents_2021_12_28/17pabc_2cols_20211228_164104_9559932204_600_800.png,17pabc_2cols_20211228_164104_9559932204_600_800_mask.png,More than
31,8,63,17,144,52,207,69,144,52,207,52,207,69,144,69,title,subtitle,subtitle_0,roboto,italic,14,17pabc_2cols_20211228_164104_9559932204_600_800.png,/scratch/parceirosbr/bigoilict/share/BigOil/document_generator/datasets/documents_2021_12_28/17pabc_2cols_20211228_164104_9559932204_600_800.png,17pabc_2cols_20211228_164104_9559932204_600_800_mask.png,nan
95,5,190,10,94,72,284,82,94,72,284,72,284,82,94,82,sub_line_text,text,text_0,roboto,regular,8,17pabc_2cols_20211228_164104_9559932204_600_800.png,/scratch/parceirosbr/bigoilict/share/BigOil/document_generator/datasets/documents_2021_12_28/17pabc_2cols_20211228_164104_9559932204_600_800.png,17pabc_2cols_20211228_164104_9559932204_600_800_mask.png,"Usualmente,  este  processo  é realizado para alcançar"
110,5,221,10,64,85,285,95,64,85,285,85,285,95,64,95,sub_line_text,text,text_0,roboto,regular,8,17pabc_2cols_20211228_164104_9559932204_600_800.png,/scratch/parceirosbr/bigoilict/share/BigOil/document_generator/datasets/documents_2021_12_28/17pabc_2cols_20211228_164104_9559932204_600_800.png,17pabc_2cols_20211228_164104_9559932204_600_800_mask.png,requisitos  de  proteção contra corrosão. Utilizando as difere-
110,5,221,10,64,98,285,108,64,98,285,98,285,108,64,108,sub_line_text,text,text_0,roboto,regular,8,17pabc_2cols_20211228_164104_9559932204_600_800.png,/scratch/parceirosbr/bigoilict/share/BigOil/document_generator/datasets/documents_2021_12_28/17pabc_2cols_20211228_164104_9559932204_600_800.png,17pabc_2cols_20211228_164104_9559932204_600_800_mask.png,nças  centrais  para a 1 a e a 2 a derivada em e a diferença para
110,5,220,10,64,111,284,121,64,111,284,111,284,121,64,121,sub_line_text,text,text_0,roboto,regular,8,17pabc_2cols_20211228_164104_9559932204_600_800.png,/scratch/parceirosbr/bigoilict/share/BigOil/document_generator/datasets/documents_2021_12_28/17pabc_2cols_20211228_164104_9559932204_600_800.png,17pabc_2cols_20211228_164104_9559932204_600_800_mask.png,"trás  para  a  derivada  1a em relação a , o que corresponde ao"
110,5,220,10,64,124,284,134,64,124,284,124,284,134,64,134,sub_line_text,text,text_0,roboto,regular,8,17pabc_2cols_20211228_164104_9559932204_600_800.png,/scratch/parceirosbr/bigoilict/share/BigOil/document_generator/datasets/documents_2021_12_28/17pabc_2cols_20211228_164104_9559932204_600_800.png,17pabc_2cols_20211228_164104_9559932204_600_800_mask.png,"método  de  implícito  para  integração  ao  longo de , obtém a"
50,5,101,10,64,137,165,147,64,137,165,137,165,147,64,147,sub_line_text,text,text_0,roboto,regular,8,17pabc_2cols_20211228_164104_9559932204_600_800.png,/scratch/parceirosbr/bigoilict/share/BigOil/document_generator/datasets/documents_2021_12_28/17pabc_2cols_20211228_164104_9559932204_600_800.png,17pabc_2cols_20211228_164104_9559932204_600_800_mask.png,discretização das equações.
110,37,221,75,64,72,285,147,64,72,285,72,285,147,64,147,text,text,text_0,roboto,regular,8,17pabc_2cols_20211228_164104_9559932204_600_800.png,/scratch/parceirosbr/bigoilict/share/BigOil/document_generator/datasets/documents_2021_12_28/17pabc_2cols_20211228_164104_9559932204_600_800.png,17pabc_2cols_20211228_164104_9559932204_600_800_mask.png,nan
31,7,62,14,145,150,207,164,145,150,207,150,207,164,145,164,sub_line_text,subsubtitle,subsubtitle_0,roboto,italic,11,17pabc_2cols_20211228_164104_9559932204_600_800.png,/scratch/parceirosbr/bigoilict/share/BigOil/document_generator/datasets/documents_2021_12_28/17pabc_2cols_20211228_164104_9559932204_600_800.png,17pabc_2cols_20211228_164104_9559932204_600_800_mask.png,Initial option
31,7,62,14,145,150,207,164,145,150,207,150,207,164,145,164,title,subsubtitle,subsubtitle_0,roboto,italic,11,17pabc_2cols_20211228_164104_9559932204_600_800.png,/scratch/parceirosbr/bigoilict/share/BigOil/document_generator/datasets/documents_2021_12_28/17pabc_2cols_20211228_164104_9559932204_600_800.png,17pabc_2cols_20211228_164104_9559932204_600_800_mask.png,nan
95,5,191,10,94,167,285,177,94,167,285,167,285,177,94,177,sub_line_text,text,text_1,roboto,regular,8,17pabc_2cols_20211228_164104_9559932204_600_800.png,/scratch/parceirosbr/bigoilict/share/BigOil/document_generator/datasets/documents_2021_12_28/17pabc_2cols_20211228_164104_9559932204_600_800.png,17pabc_2cols_20211228_164104_9559932204_600_800_mask.png,"It  is  noteworthy,  however, that until the end of 2011"
110,5,221,10,64,180,285,190,64,180,285,180,285,190,64,190,sub_line_text,text,text_1,roboto,regular,8,17pabc_2cols_20211228_164104_9559932204_600_800.png,/scratch/parceirosbr/bigoilict/share/BigOil/document_generator/datasets/documents_2021_12_28/17pabc_2cols_20211228_164104_9559932204_600_800.png,17pabc_2cols_20211228_164104_9559932204_600_800_mask.png,diesel  was  sold  only  in  three  metropolitan regions: e. In this
110,5,220,10,64,193,284,203,64,193,284,193,284,203,64,203,sub_line_text,text,text_1,roboto,regular,8,17pabc_2cols_20211228_164104_9559932204_600_800.png,/scratch/parceirosbr/bigoilict/share/BigOil/document_generator/datasets/documents_2021_12_28/17pabc_2cols_20211228_164104_9559932204_600_800.png,17pabc_2cols_20211228_164104_9559932204_600_800_mask.png,"way,  some  particular  cases  were studied where the influence"
110,5,220,10,64,206,284,216,64,206,284,206,284,216,64,216,sub_line_text,text,text_1,roboto,regular,8,17pabc_2cols_20211228_164104_9559932204_600_800.png,/scratch/parceirosbr/bigoilict/share/BigOil/document_generator/datasets/documents_2021_12_28/17pabc_2cols_20211228_164104_9559932204_600_800.png,17pabc_2cols_20211228_164104_9559932204_600_800_mask.png,"of  temperature,  pressure and agitation rate variations were a-"
110,5,220,10,64,219,284,229,64,219,284,219,284,229,64,229,sub_line_text,text,text_1,roboto,regular,8,17pabc_2cols_20211228_164104_9559932204_600_800.png,/scratch/parceirosbr/bigoilict/share/BigOil/document_generator/datasets/documents_2021_12_28/17pabc_2cols_20211228_164104_9559932204_600_800.png,17pabc_2cols_20211228_164104_9559932204_600_800_mask.png,"nalyzed,  as  presented in 5.15. Criar e manter uma mistura or-"
110,5,220,10,64,232,284,242,64,232,284,232,284,242,64,242,sub_line_text,text,text_1,roboto,regular,8,17pabc_2cols_20211228_164104_9559932204_600_800.png,/scratch/parceirosbr/bigoilict/share/BigOil/document_generator/datasets/documents_2021_12_28/17pabc_2cols_20211228_164104_9559932204_600_800.png,17pabc_2cols_20211228_164104_9559932204_600_800_mask.png,"gânicos,  amina, sabões heterogênea de líquidos e detergentes"
110,5,220,10,64,245,284,255,64,245,284,245,284,255,64,255,sub_line_text,text,text_1,roboto,regular,8,17pabc_2cols_20211228_164104_9559932204_600_800.png,/scratch/parceirosbr/bigoilict/share/BigOil/document_generator/datasets/documents_2021_12_28/17pabc_2cols_20211228_164104_9559932204_600_800.png,17pabc_2cols_20211228_164104_9559932204_600_800_mask.png,imiscíveis.  Concluindo  que a utilização de biodiesel é compa-
110,5,220,10,64,258,284,268,64,258,284,258,284,268,64,268,sub_line_text,text,text_1,roboto,regular,8,17pabc_2cols_20211228_164104_9559932204_600_800.png,/scratch/parceirosbr/bigoilict/share/BigOil/document_generator/datasets/documents_2021_12_28/17pabc_2cols_20211228_164104_9559932204_600_800.png,17pabc_2cols_20211228_164104_9559932204_600_800_mask.png,rável  e  não  difere  significativamente do uso de diesel fóssil.
110,5,220,10,64,271,284,281,64,271,284,271,284,281,64,281,sub_line_text,text,text_1,roboto,regular,8,17pabc_2cols_20211228_164104_9559932204_600_800.png,/scratch/parceirosbr/bigoilict/share/BigOil/document_generator/datasets/documents_2021_12_28/17pabc_2cols_20211228_164104_9559932204_600_800.png,17pabc_2cols_20211228_164104_9559932204_600_800_mask.png,"Este,  por  recebe  uma camada de materialcomposito oferece"
110,5,220,10,64,284,284,294,64,284,284,284,284,294,64,294,sub_line_text,text,text_1,roboto,regular,8,17pabc_2cols_20211228_164104_9559932204_600_800.png,/scratch/parceirosbr/bigoilict/share/BigOil/document_generator/datasets/documents_2021_12_28/17pabc_2cols_20211228_164104_9559932204_600_800.png,17pabc_2cols_20211228_164104_9559932204_600_800_mask.png,reforco  e  compartilha o carregamento devido a pressao inte-
109,5,218,10,64,297,282,307,64,297,282,297,282,307,64,307,sub_line_text,text,text_1,roboto,regular,8,17pabc_2cols_20211228_164104_9559932204_600_800.png,/scratch/parceirosbr/bigoilict/share/BigOil/document_generator/datasets/documents_2021_12_28/17pabc_2cols_20211228_164104_9559932204_600_800.png,17pabc_2cols_20211228_164104_9559932204_600_800_mask.png,rnacom o selante metalico. Esta água pode ser a existente no.
110,70,221,140,64,167,285,307,64,167,285,167,285,307,64,307,text,text,text_1,roboto,regular,8,17pabc_2cols_20211228_164104_9559932204_600_800.png,/scratch/parceirosbr/bigoilict/share/BigOil/document_generator/datasets/documents_2021_12_28/17pabc_2cols_20211228_164104_9559932204_600_800.png,17pabc_2cols_20211228_164104_9559932204_600_800_mask.png,nan
95,5,190,10,94,310,284,320,94,310,284,310,284,320,94,320,sub_line_text,text,text_2,roboto,regular,8,17pabc_2cols_20211228_164104_9559932204_600_800.png,/scratch/parceirosbr/bigoilict/share/BigOil/document_generator/datasets/documents_2021_12_28/17pabc_2cols_20211228_164104_9559932204_600_800.png,17pabc_2cols_20211228_164104_9559932204_600_800_mask.png,"However,  many  biopolymers  invented  in  the 1930s"
110,5,221,10,64,323,285,333,64,323,285,323,285,333,64,333,sub_line_text,text,text_2,roboto,regular,8,17pabc_2cols_20211228_164104_9559932204_600_800.png,/scratch/parceirosbr/bigoilict/share/BigOil/document_generator/datasets/documents_2021_12_28/17pabc_2cols_20211228_164104_9559932204_600_800.png,17pabc_2cols_20211228_164104_9559932204_600_800_mask.png,and  1940s  remained  at the bench level and never reached the
110,5,220,10,64,336,284,346,64,336,284,336,284,346,64,346,sub_line_text,text,text_2,roboto,regular,8,17pabc_2cols_20211228_164104_9559932204_600_800.png,/scratch/parceirosbr/bigoilict/share/BigOil/document_generator/datasets/documents_2021_12_28/17pabc_2cols_20211228_164104_9559932204_600_800.png,17pabc_2cols_20211228_164104_9559932204_600_800_mask.png,"commercial  scale.  The  latter  has  a strong odor, is toxic and"
110,5,221,10,64,349,285,359,64,349,285,349,285,359,64,359,sub_line_text,text,text_2,roboto,regular,8,17pabc_2cols_20211228_164104_9559932204_600_800.png,/scratch/parceirosbr/bigoilict/share/BigOil/document_generator/datasets/documents_2021_12_28/17pabc_2cols_20211228_164104_9559932204_600_800.png,17pabc_2cols_20211228_164104_9559932204_600_800_mask.png,mainly  attacks  lung  tissues. Ao se atingir uma certa quantida-
110,5,221,10,64,362,285,372,64,362,285,362,285,372,64,372,sub_line_text,text,text_2,roboto,regular,8,17pabc_2cols_20211228_164104_9559932204_600_800.png,/scratch/parceirosbr/bigoilict/share/BigOil/document_generator/datasets/documents_2021_12_28/17pabc_2cols_20211228_164104_9559932204_600_800.png,17pabc_2cols_20211228_164104_9559932204_600_800_mask.png,"de  de  tensoativo em solução, os tensoativos começarão a s-"
110,5,221,10,64,375,285,385,64,375,285,375,285,385,64,385,sub_line_text,text,text_2,roboto,regular,8,17pabc_2cols_20211228_164104_9559932204_600_800.png,/scratch/parceirosbr/bigoilict/share/BigOil/document_generator/datasets/documents_2021_12_28/17pabc_2cols_20211228_164104_9559932204_600_800.png,17pabc_2cols_20211228_164104_9559932204_600_800_mask.png,"ofrer  um processo de agregação, com a formação de estrutu-"
110,5,220,10,64,388,284,398,64,388,284,388,284,398,64,398,sub_line_text,text,text_2,roboto,regular,8,17pabc_2cols_20211228_164104_9559932204_600_800.png,/scratch/parceirosbr/bigoilict/share/BigOil/document_generator/datasets/documents_2021_12_28/17pabc_2cols_20211228_164104_9559932204_600_800.png,17pabc_2cols_20211228_164104_9559932204_600_800_mask.png,ras  chamadas  micelas. Ao identificar os focos de não confo-
110,5,221,10,64,401,285,411,64,401,285,401,285,411,64,411,sub_line_text,text,text_2,roboto,regular,8,17pabc_2cols_20211228_164104_9559932204_600_800.png,/scratch/parceirosbr/bigoilict/share/BigOil/document_generator/datasets/documents_2021_12_28/17pabc_2cols_20211228_164104_9559932204_600_800.png,17pabc_2cols_20211228_164104_9559932204_600_800_mask.png,"rmidade,  o  controle  de  qualidade permite que a fiscalização"
110,5,220,10,64,414,284,424,64,414,284,414,284,424,64,424,sub_line_text,text,text_2,roboto,regular,8,17pabc_2cols_20211228_164104_9559932204_600_800.png,/scratch/parceirosbr/bigoilict/share/BigOil/document_generator/datasets/documents_2021_12_28/17pabc_2cols_20211228_164104_9559932204_600_800.png,17pabc_2cols_20211228_164104_9559932204_600_800_mask.png,da  atue  com rapidez e precisão no combate à adulteração. B-
110,5,220,10,64,427,284,437,64,427,284,427,284,437,64,437,sub_line_text,text,text_2,roboto,regular,8,17pabc_2cols_20211228_164104_9559932204_600_800.png,/scratch/parceirosbr/bigoilict/share/BigOil/document_generator/datasets/documents_2021_12_28/17pabc_2cols_20211228_164104_9559932204_600_800.png,17pabc_2cols_20211228_164104_9559932204_600_800_mask.png,"etween  1985 and 2004, changes in transport modes, primari-"
107,5,214,10,64,440,278,450,64,440,278,440,278,450,64,450,sub_line_text,text,text_2,roboto,regular,8,17pabc_2cols_20211228_164104_9559932204_600_800.png,/scratch/parceirosbr/bigoilict/share/BigOil/document_generator/datasets/documents_2021_12_28/17pabc_2cols_20211228_164104_9559932204_600_800.png,17pabc_2cols_20211228_164104_9559932204_600_800_mask.png,"ly from road to air, slightly reduced energy consumption in t."
110,70,221,140,64,310,285,450,64,310,285,310,285,450,64,450,text,text,text_2,roboto,regular,8,17pabc_2cols_20211228_164104_9559932204_600_800.png,/scratch/parceirosbr/bigoilict/share/BigOil/document_generator/datasets/documents_2021_12_28/17pabc_2cols_20211228_164104_9559932204_600_800.png,17pabc_2cols_20211228_164104_9559932204_600_800_mask.png,nan
95,5,191,10,94,453,285,463,94,453,285,453,285,463,94,463,sub_line_text,text,text_3,roboto,regular,8,17pabc_2cols_20211228_164104_9559932204_600_800.png,/scratch/parceirosbr/bigoilict/share/BigOil/document_generator/datasets/documents_2021_12_28/17pabc_2cols_20211228_164104_9559932204_600_800.png,17pabc_2cols_20211228_164104_9559932204_600_800_mask.png,Relevance  0.4  x  2 of activation 0.8 3) of the variable
110,5,221,10,64,466,285,476,64,466,285,466,285,476,64,476,sub_line_text,text,text_3,roboto,regular,8,17pabc_2cols_20211228_164104_9559932204_600_800.png,/scratch/parceirosbr/bigoilict/share/BigOil/document_generator/datasets/documents_2021_12_28/17pabc_2cols_20211228_164104_9559932204_600_800.png,17pabc_2cols_20211228_164104_9559932204_600_800_mask.png,"of  da  with relevance 0.3. Because of the attractive forces, ph-"
110,5,221,10,64,479,285,489,64,479,285,479,285,489,64,489,sub_line_text,text,text_3,roboto,regular,8,17pabc_2cols_20211228_164104_9559932204_600_800.png,/scratch/parceirosbr/bigoilict/share/BigOil/document_generator/datasets/documents_2021_12_28/17pabc_2cols_20211228_164104_9559932204_600_800.png,17pabc_2cols_20211228_164104_9559932204_600_800_mask.png,ases  with  greater  wettability  tend to occupy smaller pores a-
110,5,221,10,64,492,285,502,64,492,285,492,285,502,64,502,sub_line_text,text,text_3,roboto,regular,8,17pabc_2cols_20211228_164104_9559932204_600_800.png,/scratch/parceirosbr/bigoilict/share/BigOil/document_generator/datasets/documents_2021_12_28/17pabc_2cols_20211228_164104_9559932204_600_800.png,17pabc_2cols_20211228_164104_9559932204_600_800_mask.png,nd  phases  with  greater  wettability occupy more open spaces.
110,5,220,10,64,505,284,515,64,505,284,505,284,515,64,515,sub_line_text,text,text_3,roboto,regular,8,17pabc_2cols_20211228_164104_9559932204_600_800.png,/scratch/parceirosbr/bigoilict/share/BigOil/document_generator/datasets/documents_2021_12_28/17pabc_2cols_20211228_164104_9559932204_600_800.png,17pabc_2cols_20211228_164104_9559932204_600_800_mask.png,"In  general,  sheltered beaches have little wave action to encou-"
110,5,220,10,64,518,284,528,64,518,284,518,284,528,64,528,sub_line_text,text,text_3,roboto,regular,8,17pabc_2cols_20211228_164104_9559932204_600_800.png,/scratch/parceirosbr/bigoilict/share/BigOil/document_generator/datasets/documents_2021_12_28/17pabc_2cols_20211228_164104_9559932204_600_800.png,17pabc_2cols_20211228_164104_9559932204_600_800_mask.png,"rage  natural  dispersion.  Then,  the fracture fluid, also called a"
110,5,220,10,64,531,284,541,64,531,284,531,284,541,64,541,sub_line_text,text,text_3,roboto,regular,8,17pabc_2cols_20211228_164104_9559932204_600_800.png,/scratch/parceirosbr/bigoilict/share/BigOil/document_generator/datasets/documents_2021_12_28/17pabc_2cols_20211228_164104_9559932204_600_800.png,17pabc_2cols_20211228_164104_9559932204_600_800_mask.png,"mattress,  is  injected  into the formation to propagate the fra-"
110,5,221,10,64,544,285,554,64,544,285,544,285,554,64,554,sub_line_text,text,text_3,roboto,regular,8,17pabc_2cols_20211228_164104_9559932204_600_800.png,/scratch/parceirosbr/bigoilict/share/BigOil/document_generator/datasets/documents_2021_12_28/17pabc_2cols_20211228_164104_9559932204_600_800.png,17pabc_2cols_20211228_164104_9559932204_600_800_mask.png,"cture  as  can  be  seen  in phase two of 2. v. The copolymer, on"
110,5,221,10,64,557,285,567,64,557,285,557,285,567,64,567,sub_line_text,text,text_3,roboto,regular,8,17pabc_2cols_20211228_164104_9559932204_600_800.png,/scratch/parceirosbr/bigoilict/share/BigOil/document_generator/datasets/documents_2021_12_28/17pabc_2cols_20211228_164104_9559932204_600_800.png,17pabc_2cols_20211228_164104_9559932204_600_800_mask.png,"the  other  hand,  had a higher intrinsic viscosity (271.5 mL / g)"
110,5,221,10,64,570,285,580,64,570,285,570,285,580,64,580,sub_line_text,text,text_3,roboto,regular,8,17pabc_2cols_20211228_164104_9559932204_600_800.png,/scratch/parceirosbr/bigoilict/share/BigOil/document_generator/datasets/documents_2021_12_28/17pabc_2cols_20211228_164104_9559932204_600_800.png,17pabc_2cols_20211228_164104_9559932204_600_800_mask.png,"than  the  cationic  homopolymers, as and therefore, a larger h-"
110,5,221,10,64,583,285,593,64,583,285,583,285,593,64,593,sub_line_text,text,text_3,roboto,regular,8,17pabc_2cols_20211228_164104_9559932204_600_800.png,/scratch/parceirosbr/bigoilict/share/BigOil/document_generator/datasets/documents_2021_12_28/17pabc_2cols_20211228_164104_9559932204_600_800.png,17pabc_2cols_20211228_164104_9559932204_600_800_mask.png,"ydrodynamic  volume  occupied  in  space, probably due to dif-"
106,5,213,10,64,596,277,606,64,596,277,596,277,606,64,606,sub_line_text,text,text_3,roboto,regular,8,17pabc_2cols_20211228_164104_9559932204_600_800.png,/scratch/parceirosbr/bigoilict/share/BigOil/document_generator/datasets/documents_2021_12_28/17pabc_2cols_20211228_164104_9559932204_600_800.png,17pabc_2cols_20211228_164104_9559932204_600_800_mask.png,"ferences in the molecular mass, structure and conformation."
110,76,221,153,64,453,285,606,64,453,285,453,285,606,64,606,text,text,text_3,roboto,regular,8,17pabc_2cols_20211228_164104_9559932204_600_800.png,/scratch/parceirosbr/bigoilict/share/BigOil/document_generator/datasets/documents_2021_12_28/17pabc_2cols_20211228_164104_9559932204_600_800.png,17pabc_2cols_20211228_164104_9559932204_600_800_mask.png,nan
95,5,191,10,94,609,285,619,94,609,285,609,285,619,94,619,sub_line_text,text,text_4,roboto,regular,8,17pabc_2cols_20211228_164104_9559932204_600_800.png,/scratch/parceirosbr/bigoilict/share/BigOil/document_generator/datasets/documents_2021_12_28/17pabc_2cols_20211228_164104_9559932204_600_800.png,17pabc_2cols_20211228_164104_9559932204_600_800_mask.png,"Ou  seja,  sem  eles,  muito provavelmente não teríam-"
111,5,223,10,64,622,287,632,64,622,287,622,287,632,64,632,sub_line_text,text,text_4,roboto,regular,8,17pabc_2cols_20211228_164104_9559932204_600_800.png,/scratch/parceirosbr/bigoilict/share/BigOil/document_generator/datasets/documents_2021_12_28/17pabc_2cols_20211228_164104_9559932204_600_800.png,17pabc_2cols_20211228_164104_9559932204_600_800_mask.png,os  conseguido o contrato. The levels of total contained in soi-
110,5,221,10,64,635,285,645,64,635,285,635,285,645,64,645,sub_line_text,text,text_4,roboto,regular,8,17pabc_2cols_20211228_164104_9559932204_600_800.png,/scratch/parceirosbr/bigoilict/share/BigOil/document_generator/datasets/documents_2021_12_28/17pabc_2cols_20211228_164104_9559932204_600_800.png,17pabc_2cols_20211228_164104_9559932204_600_800_mask.png,ls  are  closely  related to natural burning (Edwards 1983). Na-
110,5,220,10,64,648,284,658,64,648,284,648,284,658,64,658,sub_line_text,text,text_4,roboto,regular,8,17pabc_2cols_20211228_164104_9559932204_600_800.png,/scratch/parceirosbr/bigoilict/share/BigOil/document_generator/datasets/documents_2021_12_28/17pabc_2cols_20211228_164104_9559932204_600_800.png,17pabc_2cols_20211228_164104_9559932204_600_800_mask.png,nocomposites  generally  present  an additional mass loss sta-
110,5,220,10,64,661,284,671,64,661,284,661,284,671,64,671,sub_line_text,text,text_4,roboto,regular,8,17pabc_2cols_20211228_164104_9559932204_600_800.png,/scratch/parceirosbr/bigoilict/share/BigOil/document_generator/datasets/documents_2021_12_28/17pabc_2cols_20211228_164104_9559932204_600_800.png,17pabc_2cols_20211228_164104_9559932204_600_800_mask.png,"ge,  at a temperature close to 463 oC, as evidenced in the first"
106,5,212,10,64,674,276,684,64,674,276,674,276,684,64,684,sub_line_text,text,text_4,roboto,regular,8,17pabc_2cols_20211228_164104_9559932204_600_800.png,/scratch/parceirosbr/bigoilict/share/BigOil/document_generator/datasets/documents_2021_12_28/17pabc_2cols_20211228_164104_9559932204_600_800.png,17pabc_2cols_20211228_164104_9559932204_600_800_mask.png,derivative of the composite curve containing 15% by weight.
111,37,223,75,64,609,287,684,64,609,287,609,287,684,64,684,text,text,text_4,roboto,regular,8,17pabc_2cols_20211228_164104_9559932204_600_800.png,/scratch/parceirosbr/bigoilict/share/BigOil/document_generator/datasets/documents_2021_12_28/17pabc_2cols_20211228_164104_9559932204_600_800.png,17pabc_2cols_20211228_164104_9559932204_600_800_mask.png,nan
93,5,187,10,94,687,281,697,94,687,281,687,281,697,94,697,sub_line_text,text,text_5,roboto,regular,8,17pabc_2cols_20211228_164104_9559932204_600_800.png,/scratch/parceirosbr/bigoilict/share/BigOil/document_generator/datasets/documents_2021_12_28/17pabc_2cols_20211228_164104_9559932204_600_800.png,17pabc_2cols_20211228_164104_9559932204_600_800_mask.png,As características reológicas dos fluidos de perfura-.
93,5,187,10,94,687,281,697,94,687,281,687,281,697,94,697,text,text,text_5,roboto,regular,8,17pabc_2cols_20211228_164104_9559932204_600_800.png,/scratch/parceirosbr/bigoilict/share/BigOil/document_generator/datasets/documents_2021_12_28/17pabc_2cols_20211228_164104_9559932204_600_800.png,17pabc_2cols_20211228_164104_9559932204_600_800_mask.png,nan
95,5,190,10,347,52,537,62,347,52,537,52,537,62,347,62,sub_line_text,text,text_6,roboto,regular,8,17pabc_2cols_20211228_164104_9559932204_600_800.png,/scratch/parceirosbr/bigoilict/share/BigOil/document_generator/datasets/documents_2021_12_28/17pabc_2cols_20211228_164104_9559932204_600_800.png,17pabc_2cols_20211228_164104_9559932204_600_800_mask.png,"Os  resultados  esperados como a ascensão, velocid-"
110,5,220,10,317,65,537,75,317,65,537,65,537,75,317,75,sub_line_text,text,text_6,roboto,regular,8,17pabc_2cols_20211228_164104_9559932204_600_800.png,/scratch/parceirosbr/bigoilict/share/BigOil/document_generator/datasets/documents_2021_12_28/17pabc_2cols_20211228_164104_9559932204_600_800.png,17pabc_2cols_20211228_164104_9559932204_600_800_mask.png,ades  das fases e gradiente de pressão no eixo foram de man-
110,5,220,10,317,78,537,88,317,78,537,78,537,88,317,88,sub_line_text,text,text_6,roboto,regular,8,17pabc_2cols_20211228_164104_9559932204_600_800.png,/scratch/parceirosbr/bigoilict/share/BigOil/document_generator/datasets/documents_2021_12_28/17pabc_2cols_20211228_164104_9559932204_600_800.png,17pabc_2cols_20211228_164104_9559932204_600_800_mask.png,eira  satisfatória  alcançada.  Os últimos dados foram publica-
110,5,221,10,317,91,538,101,317,91,538,91,538,101,317,101,sub_line_text,text,text_6,roboto,regular,8,17pabc_2cols_20211228_164104_9559932204_600_800.png,/scratch/parceirosbr/bigoilict/share/BigOil/document_generator/datasets/documents_2021_12_28/17pabc_2cols_20211228_164104_9559932204_600_800.png,17pabc_2cols_20211228_164104_9559932204_600_800_mask.png,dos  em  maio  de  2016  e  estimavam preços de petróleo em
110,5,220,10,317,104,537,114,317,104,537,104,537,114,317,114,sub_line_text,text,text_6,roboto,regular,8,17pabc_2cols_20211228_164104_9559932204_600_800.png,/scratch/parceirosbr/bigoilict/share/BigOil/document_generator/datasets/documents_2021_12_28/17pabc_2cols_20211228_164104_9559932204_600_800.png,17pabc_2cols_20211228_164104_9559932204_600_800_mask.png,"torno  de  75,00/barril  em 2020, 100,00/barril em 2030 e 1-"
110,5,220,10,317,117,537,127,317,117,537,117,537,127,317,127,sub_line_text,text,text_6,roboto,regular,8,17pabc_2cols_20211228_164104_9559932204_600_800.png,/scratch/parceirosbr/bigoilict/share/BigOil/document_generator/datasets/documents_2021_12_28/17pabc_2cols_20211228_164104_9559932204_600_800.png,17pabc_2cols_20211228_164104_9559932204_600_800_mask.png,"3,00/barril  em  2040,  a  dólares de 2015. além de projeções"
110,5,220,10,317,130,537,140,317,130,537,130,537,140,317,140,sub_line_text,text,text_6,roboto,regular,8,17pabc_2cols_20211228_164104_9559932204_600_800.png,/scratch/parceirosbr/bigoilict/share/BigOil/document_generator/datasets/documents_2021_12_28/17pabc_2cols_20211228_164104_9559932204_600_800.png,17pabc_2cols_20211228_164104_9559932204_600_800_mask.png,"de  longo  prazo,  publica mensalmente as estimativas de preç-"
110,5,221,10,317,143,538,153,317,143,538,143,538,153,317,153,sub_line_text,text,text_6,roboto,regular,8,17pabc_2cols_20211228_164104_9559932204_600_800.png,/scratch/parceirosbr/bigoilict/share/BigOil/document_generator/datasets/documents_2021_12_28/17pabc_2cols_20211228_164104_9559932204_600_800.png,17pabc_2cols_20211228_164104_9559932204_600_800_mask.png,os  para  os  próximos  dois  anos  no.  Distribution:  wholesale
107,5,215,10,317,156,532,166,317,156,532,156,532,166,317,166,sub_line_text,text,text_6,roboto,regular,8,17pabc_2cols_20211228_164104_9559932204_600_800.png,/scratch/parceirosbr/bigoilict/share/BigOil/document_generator/datasets/documents_2021_12_28/17pabc_2cols_20211228_164104_9559932204_600_800.png,17pabc_2cols_20211228_164104_9559932204_600_800_mask.png,marketing activity with the retail chain or with large consume.
110,57,221,114,317,52,538,166,317,52,538,52,538,166,317,166,text,text,text_6,roboto,regular,8,17pabc_2cols_20211228_164104_9559932204_600_800.png,/scratch/parceirosbr/bigoilict/share/BigOil/document_generator/datasets/documents_2021_12_28/17pabc_2cols_20211228_164104_9559932204_600_800.png,17pabc_2cols_20211228_164104_9559932204_600_800_mask.png,nan
108,69,216,139,321,169,537,308,321,169,537,169,537,308,321,308,table,table_image,table_0,,,,17pabc_2cols_20211228_164104_9559932204_600_800.png,/scratch/parceirosbr/bigoilict/share/BigOil/document_generator/datasets/documents_2021_12_28/17pabc_2cols_20211228_164104_9559932204_600_800.png,17pabc_2cols_20211228_164104_9559932204_600_800_mask.png,output/gen_tab_20211228_164107_9223887235.png
7,4,14,9,340,173,354,182,340,173,354,173,354,182,340,182,text,table_text,table_0,arial,bold,8.0,17pabc_2cols_20211228_164104_9559932204_600_800.png,/scratch/parceirosbr/bigoilict/share/BigOil/document_generator/datasets/documents_2021_12_28/17pabc_2cols_20211228_164104_9559932204_600_800.png,17pabc_2cols_20211228_164104_9559932204_600_800_mask.png,nos
7,4,14,9,340,173,354,182,340,173,354,173,354,182,340,182,sub_line_text,table_text,table_0,arial,bold,8.0,17pabc_2cols_20211228_164104_9559932204_600_800.png,/scratch/parceirosbr/bigoilict/share/BigOil/document_generator/datasets/documents_2021_12_28/17pabc_2cols_20211228_164104_9559932204_600_800.png,17pabc_2cols_20211228_164104_9559932204_600_800_mask.png,nos
18,4,37,9,328,186,365,195,328,186,365,186,365,195,328,195,text,table_text,table_0,arial,regular,8.0,17pabc_2cols_20211228_164104_9559932204_600_800.png,/scratch/parceirosbr/bigoilict/share/BigOil/document_generator/datasets/documents_2021_12_28/17pabc_2cols_20211228_164104_9559932204_600_800.png,17pabc_2cols_20211228_164104_9559932204_600_800_mask.png,dificultando
18,4,37,9,328,186,365,195,328,186,365,186,365,195,328,195,sub_line_text,table_text,table_0,arial,regular,8.0,17pabc_2cols_20211228_164104_9559932204_600_800.png,/scratch/parceirosbr/bigoilict/share/BigOil/document_generator/datasets/documents_2021_12_28/17pabc_2cols_20211228_164104_9559932204_600_800.png,17pabc_2cols_20211228_164104_9559932204_600_800_mask.png,dificultando
12,4,25,9,334,198,359,207,334,198,359,198,359,207,334,207,text,table_text,table_0,arial,regular,8.0,17pabc_2cols_20211228_164104_9559932204_600_800.png,/scratch/parceirosbr/bigoilict/share/BigOil/document_generator/datasets/documents_2021_12_28/17pabc_2cols_20211228_164104_9559932204_600_800.png,17pabc_2cols_20211228_164104_9559932204_600_800_mask.png,reunião
12,4,25,9,334,198,359,207,334,198,359,198,359,207,334,207,sub_line_text,table_text,table_0,arial,regular,8.0,17pabc_2cols_20211228_164104_9559932204_600_800.png,/scratch/parceirosbr/bigoilict/share/BigOil/document_generator/datasets/documents_2021_12_28/17pabc_2cols_20211228_164104_9559932204_600_800.png,17pabc_2cols_20211228_164104_9559932204_600_800_mask.png,reunião
13,4,27,9,333,211,360,220,333,211,360,211,360,220,333,220,text,table_text,table_0,arial,regular,8.0,17pabc_2cols_20211228_164104_9559932204_600_800.png,/scratch/parceirosbr/bigoilict/share/BigOil/document_generator/datasets/documents_2021_12_28/17pabc_2cols_20211228_164104_9559932204_600_800.png,17pabc_2cols_20211228_164104_9559932204_600_800_mask.png,máxima
13,4,27,9,333,211,360,220,333,211,360,211,360,220,333,220,sub_line_text,table_text,table_0,arial,regular,8.0,17pabc_2cols_20211228_164104_9559932204_600_800.png,/scratch/parceirosbr/bigoilict/share/BigOil/document_generator/datasets/documents_2021_12_28/17pabc_2cols_20211228_164104_9559932204_600_800.png,17pabc_2cols_20211228_164104_9559932204_600_800_mask.png,máxima
19,4,39,9,327,224,366,233,327,224,366,224,366,233,327,233,text,table_text,table_0,arial,regular,8.0,17pabc_2cols_20211228_164104_9559932204_600_800.png,/scratch/parceirosbr/bigoilict/share/BigOil/document_generator/datasets/documents_2021_12_28/17pabc_2cols_20211228_164104_9559932204_600_800.png,17pabc_2cols_20211228_164104_9559932204_600_800_mask.png,decorrência
19,4,39,9,327,224,366,233,327,224,366,224,366,233,327,233,sub_line_text,table_text,table_0,arial,regular,8.0,17pabc_2cols_20211228_164104_9559932204_600_800.png,/scratch/parceirosbr/bigoilict/share/BigOil/document_generator/datasets/documents_2021_12_28/17pabc_2cols_20211228_164104_9559932204_600_800.png,17pabc_2cols_20211228_164104_9559932204_600_800_mask.png,decorrência
10,4,21,9,336,236,357,245,336,236,357,236,357,245,336,245,text,table_text,table_0,arial,regular,8.0,17pabc_2cols_20211228_164104_9559932204_600_800.png,/scratch/parceirosbr/bigoilict/share/BigOil/document_generator/datasets/documents_2021_12_28/17pabc_2cols_20211228_164104_9559932204_600_800.png,17pabc_2cols_20211228_164104_9559932204_600_800_mask.png,Como
10,4,21,9,336,236,357,245,336,236,357,236,357,245,336,245,sub_line_text,table_text,table_0,arial,regular,8.0,17pabc_2cols_20211228_164104_9559932204_600_800.png,/scratch/parceirosbr/bigoilict/share/BigOil/document_generator/datasets/documents_2021_12_28/17pabc_2cols_20211228_164104_9559932204_600_800.png,17pabc_2cols_20211228_164104_9559932204_600_800_mask.png,Como
6,4,12,9,341,249,353,258,341,249,353,249,353,258,341,258,text,table_text,table_0,arial,regular,8.0,17pabc_2cols_20211228_164104_9559932204_600_800.png,/scratch/parceirosbr/bigoilict/share/BigOil/document_generator/datasets/documents_2021_12_28/17pabc_2cols_20211228_164104_9559932204_600_800.png,17pabc_2cols_20211228_164104_9559932204_600_800_mask.png,tipo
6,4,12,9,341,249,353,258,341,249,353,249,353,258,341,258,sub_line_text,table_text,table_0,arial,regular,8.0,17pabc_2cols_20211228_164104_9559932204_600_800.png,/scratch/parceirosbr/bigoilict/share/BigOil/document_generator/datasets/documents_2021_12_28/17pabc_2cols_20211228_164104_9559932204_600_800.png,17pabc_2cols_20211228_164104_9559932204_600_800_mask.png,tipo
7,4,15,9,340,261,355,270,340,261,355,261,355,270,340,270,text,table_text,table_0,arial,regular,8.0,17pabc_2cols_20211228_164104_9559932204_600_800.png,/scratch/parceirosbr/bigoilict/share/BigOil/document_generator/datasets/documents_2021_12_28/17pabc_2cols_20211228_164104_9559932204_600_800.png,17pabc_2cols_20211228_164104_9559932204_600_800_mask.png,ideal
7,4,15,9,340,261,355,270,340,261,355,261,355,270,340,270,sub_line_text,table_text,table_0,arial,regular,8.0,17pabc_2cols_20211228_164104_9559932204_600_800.png,/scratch/parceirosbr/bigoilict/share/BigOil/document_generator/datasets/documents_2021_12_28/17pabc_2cols_20211228_164104_9559932204_600_800.png,17pabc_2cols_20211228_164104_9559932204_600_800_mask.png,ideal
14,4,28,9,332,274,360,283,332,274,360,274,360,283,332,283,text,table_text,table_0,arial,regular,8.0,17pabc_2cols_20211228_164104_9559932204_600_800.png,/scratch/parceirosbr/bigoilict/share/BigOil/document_generator/datasets/documents_2021_12_28/17pabc_2cols_20211228_164104_9559932204_600_800.png,17pabc_2cols_20211228_164104_9559932204_600_800_mask.png,condutas
14,4,28,9,332,274,360,283,332,274,360,274,360,283,332,283,sub_line_text,table_text,table_0,arial,regular,8.0,17pabc_2cols_20211228_164104_9559932204_600_800.png,/scratch/parceirosbr/bigoilict/share/BigOil/document_generator/datasets/documents_2021_12_28/17pabc_2cols_20211228_164104_9559932204_600_800.png,17pabc_2cols_20211228_164104_9559932204_600_800_mask.png,condutas
13,4,26,9,415,286,441,295,415,286,441,286,441,295,415,295,text,table_text,table_0,arial,regular,8.0,17pabc_2cols_20211228_164104_9559932204_600_800.png,/scratch/parceirosbr/bigoilict/share/BigOil/document_generator/datasets/documents_2021_12_28/17pabc_2cols_20211228_164104_9559932204_600_800.png,17pabc_2cols_20211228_164104_9559932204_600_800_mask.png,partirde
13,4,26,9,415,286,441,295,415,286,441,286,441,295,415,295,sub_line_text,table_text,table_0,arial,regular,8.0,17pabc_2cols_20211228_164104_9559932204_600_800.png,/scratch/parceirosbr/bigoilict/share/BigOil/document_generator/datasets/documents_2021_12_28/17pabc_2cols_20211228_164104_9559932204_600_800.png,17pabc_2cols_20211228_164104_9559932204_600_800_mask.png,partirde
9,4,19,9,431,173,450,182,431,173,450,173,450,182,431,182,text,table_text,table_0,arial,bold,8.0,17pabc_2cols_20211228_164104_9559932204_600_800.png,/scratch/parceirosbr/bigoilict/share/BigOil/document_generator/datasets/documents_2021_12_28/17pabc_2cols_20211228_164104_9559932204_600_800.png,17pabc_2cols_20211228_164104_9559932204_600_800_mask.png,balão
9,4,19,9,431,173,450,182,431,173,450,173,450,182,431,182,sub_line_text,table_text,table_0,arial,bold,8.0,17pabc_2cols_20211228_164104_9559932204_600_800.png,/scratch/parceirosbr/bigoilict/share/BigOil/document_generator/datasets/documents_2021_12_28/17pabc_2cols_20211228_164104_9559932204_600_800.png,17pabc_2cols_20211228_164104_9559932204_600_800_mask.png,balão
14,4,29,9,421,186,450,195,421,186,450,186,450,195,421,195,text,table_text,table_0,arial,regular,8.0,17pabc_2cols_20211228_164104_9559932204_600_800.png,/scratch/parceirosbr/bigoilict/share/BigOil/document_generator/datasets/documents_2021_12_28/17pabc_2cols_20211228_164104_9559932204_600_800.png,17pabc_2cols_20211228_164104_9559932204_600_800_mask.png,207502.9
14,4,29,9,421,186,450,195,421,186,450,186,450,195,421,195,sub_line_text,table_text,table_0,arial,regular,8.0,17pabc_2cols_20211228_164104_9559932204_600_800.png,/scratch/parceirosbr/bigoilict/share/BigOil/document_generator/datasets/documents_2021_12_28/17pabc_2cols_20211228_164104_9559932204_600_800.png,17pabc_2cols_20211228_164104_9559932204_600_800_mask.png,207502.9
14,4,29,9,421,198,450,207,421,198,450,198,450,207,421,207,text,table_text,table_0,arial,regular,8.0,17pabc_2cols_20211228_164104_9559932204_600_800.png,/scratch/parceirosbr/bigoilict/share/BigOil/document_generator/datasets/documents_2021_12_28/17pabc_2cols_20211228_164104_9559932204_600_800.png,17pabc_2cols_20211228_164104_9559932204_600_800_mask.png,747435.4
14,4,29,9,421,198,450,207,421,198,450,198,450,207,421,207,sub_line_text,table_text,table_0,arial,regular,8.0,17pabc_2cols_20211228_164104_9559932204_600_800.png,/scratch/parceirosbr/bigoilict/share/BigOil/document_generator/datasets/documents_2021_12_28/17pabc_2cols_20211228_164104_9559932204_600_800.png,17pabc_2cols_20211228_164104_9559932204_600_800_mask.png,747435.4
11,4,22,9,429,211,451,220,429,211,451,211,451,220,429,220,text,table_text,table_0,arial,regular,8.0,17pabc_2cols_20211228_164104_9559932204_600_800.png,/scratch/parceirosbr/bigoilict/share/BigOil/document_generator/datasets/documents_2021_12_28/17pabc_2cols_20211228_164104_9559932204_600_800.png,17pabc_2cols_20211228_164104_9559932204_600_800_mask.png,7325.0
11,4,22,9,429,211,451,220,429,211,451,211,451,220,429,220,sub_line_text,table_text,table_0,arial,regular,8.0,17pabc_2cols_20211228_164104_9559932204_600_800.png,/scratch/parceirosbr/bigoilict/share/BigOil/document_generator/datasets/documents_2021_12_28/17pabc_2cols_20211228_164104_9559932204_600_800.png,17pabc_2cols_20211228_164104_9559932204_600_800_mask.png,7325.0
5,4,10,9,440,224,450,233,440,224,450,224,450,233,440,233,text,table_text,table_0,arial,regular,8.0,17pabc_2cols_20211228_164104_9559932204_600_800.png,/scratch/parceirosbr/bigoilict/share/BigOil/document_generator/datasets/documents_2021_12_28/17pabc_2cols_20211228_164104_9559932204_600_800.png,17pabc_2cols_20211228_164104_9559932204_600_800_mask.png,5.2
5,4,10,9,440,224,450,233,440,224,450,224,450,233,440,233,sub_line_text,table_text,table_0,arial,regular,8.0,17pabc_2cols_20211228_164104_9559932204_600_800.png,/scratch/parceirosbr/bigoilict/share/BigOil/document_generator/datasets/documents_2021_12_28/17pabc_2cols_20211228_164104_9559932204_600_800.png,17pabc_2cols_20211228_164104_9559932204_600_800_mask.png,5.2
13,4,26,9,425,236,451,245,425,236,451,236,451,245,425,245,text,table_text,table_0,arial,regular,8.0,17pabc_2cols_20211228_164104_9559932204_600_800.png,/scratch/parceirosbr/bigoilict/share/BigOil/document_generator/datasets/documents_2021_12_28/17pabc_2cols_20211228_164104_9559932204_600_800.png,17pabc_2cols_20211228_164104_9559932204_600_800_mask.png,77899.5
13,4,26,9,425,236,451,245,425,236,451,236,451,245,425,245,sub_line_text,table_text,table_0,arial,regular,8.0,17pabc_2cols_20211228_164104_9559932204_600_800.png,/scratch/parceirosbr/bigoilict/share/BigOil/document_generator/datasets/documents_2021_12_28/17pabc_2cols_20211228_164104_9559932204_600_800.png,17pabc_2cols_20211228_164104_9559932204_600_800_mask.png,77899.5
11,4,22,9,429,249,451,258,429,249,451,249,451,258,429,258,text,table_text,table_0,arial,regular,8.0,17pabc_2cols_20211228_164104_9559932204_600_800.png,/scratch/parceirosbr/bigoilict/share/BigOil/document_generator/datasets/documents_2021_12_28/17pabc_2cols_20211228_164104_9559932204_600_800.png,17pabc_2cols_20211228_164104_9559932204_600_800_mask.png,8204.5
11,4,22,9,429,249,451,258,429,249,451,249,451,258,429,258,sub_line_text,table_text,table_0,arial,regular,8.0,17pabc_2cols_20211228_164104_9559932204_600_800.png,/scratch/parceirosbr/bigoilict/share/BigOil/document_generator/datasets/documents_2021_12_28/17pabc_2cols_20211228_164104_9559932204_600_800.png,17pabc_2cols_20211228_164104_9559932204_600_800_mask.png,8204.5
14,4,29,9,421,261,450,270,421,261,450,261,450,270,421,270,text,table_text,table_0,arial,regular,8.0,17pabc_2cols_20211228_164104_9559932204_600_800.png,/scratch/parceirosbr/bigoilict/share/BigOil/document_generator/datasets/documents_2021_12_28/17pabc_2cols_20211228_164104_9559932204_600_800.png,17pabc_2cols_20211228_164104_9559932204_600_800_mask.png,778040.5
14,4,29,9,421,261,450,270,421,261,450,261,450,270,421,270,sub_line_text,table_text,table_0,arial,regular,8.0,17pabc_2cols_20211228_164104_9559932204_600_800.png,/scratch/parceirosbr/bigoilict/share/BigOil/document_generator/datasets/documents_2021_12_28/17pabc_2cols_20211228_164104_9559932204_600_800.png,17pabc_2cols_20211228_164104_9559932204_600_800_mask.png,778040.5
11,4,22,9,429,274,451,283,429,274,451,274,451,283,429,283,text,table_text,table_0,arial,regular,8.0,17pabc_2cols_20211228_164104_9559932204_600_800.png,/scratch/parceirosbr/bigoilict/share/BigOil/document_generator/datasets/documents_2021_12_28/17pabc_2cols_20211228_164104_9559932204_600_800.png,17pabc_2cols_20211228_164104_9559932204_600_800_mask.png,5416.8
11,4,22,9,429,274,451,283,429,274,451,274,451,283,429,283,sub_line_text,table_text,table_0,arial,regular,8.0,17pabc_2cols_20211228_164104_9559932204_600_800.png,/scratch/parceirosbr/bigoilict/share/BigOil/document_generator/datasets/documents_2021_12_28/17pabc_2cols_20211228_164104_9559932204_600_800.png,17pabc_2cols_20211228_164104_9559932204_600_800_mask.png,5416.8
21,4,43,9,471,173,514,182,471,173,514,173,514,182,471,182,text,table_text,table_0,arial,bold,8.0,17pabc_2cols_20211228_164104_9559932204_600_800.png,/scratch/parceirosbr/bigoilict/share/BigOil/document_generator/datasets/documents_2021_12_28/17pabc_2cols_20211228_164104_9559932204_600_800.png,17pabc_2cols_20211228_164104_9559932204_600_800_mask.png,publicações
21,4,43,9,471,173,514,182,471,173,514,173,514,182,471,182,sub_line_text,table_text,table_0,arial,bold,8.0,17pabc_2cols_20211228_164104_9559932204_600_800.png,/scratch/parceirosbr/bigoilict/share/BigOil/document_generator/datasets/documents_2021_12_28/17pabc_2cols_20211228_164104_9559932204_600_800.png,17pabc_2cols_20211228_164104_9559932204_600_800_mask.png,publicações
19,4,38,9,474,186,512,195,474,186,512,186,512,195,474,195,text,table_text,table_0,arial,regular,8.0,17pabc_2cols_20211228_164104_9559932204_600_800.png,/scratch/parceirosbr/bigoilict/share/BigOil/document_generator/datasets/documents_2021_12_28/17pabc_2cols_20211228_164104_9559932204_600_800.png,17pabc_2cols_20211228_164104_9559932204_600_800_mask.png,intervenção
19,4,38,9,474,186,512,195,474,186,512,186,512,195,474,195,sub_line_text,table_text,table_0,arial,regular,8.0,17pabc_2cols_20211228_164104_9559932204_600_800.png,/scratch/parceirosbr/bigoilict/share/BigOil/document_generator/datasets/documents_2021_12_28/17pabc_2cols_20211228_164104_9559932204_600_800.png,17pabc_2cols_20211228_164104_9559932204_600_800_mask.png,intervenção
12,4,24,9,481,198,505,207,481,198,505,198,505,207,481,207,text,table_text,table_0,arial,regular,8.0,17pabc_2cols_20211228_164104_9559932204_600_800.png,/scratch/parceirosbr/bigoilict/share/BigOil/document_generator/datasets/documents_2021_12_28/17pabc_2cols_20211228_164104_9559932204_600_800.png,17pabc_2cols_20211228_164104_9559932204_600_800_mask.png,demais
12,4,24,9,481,198,505,207,481,198,505,198,505,207,481,207,sub_line_text,table_text,table_0,arial,regular,8.0,17pabc_2cols_20211228_164104_9559932204_600_800.png,/scratch/parceirosbr/bigoilict/share/BigOil/document_generator/datasets/documents_2021_12_28/17pabc_2cols_20211228_164104_9559932204_600_800.png,17pabc_2cols_20211228_164104_9559932204_600_800_mask.png,demais
10,4,21,9,483,211,504,220,483,211,504,211,504,220,483,220,text,table_text,table_0,arial,regular,8.0,17pabc_2cols_20211228_164104_9559932204_600_800.png,/scratch/parceirosbr/bigoilict/share/BigOil/document_generator/datasets/documents_2021_12_28/17pabc_2cols_20211228_164104_9559932204_600_800.png,17pabc_2cols_20211228_164104_9559932204_600_800_mask.png,geram
10,4,21,9,483,211,504,220,483,211,504,211,504,220,483,220,sub_line_text,table_text,table_0,arial,regular,8.0,17pabc_2cols_20211228_164104_9559932204_600_800.png,/scratch/parceirosbr/bigoilict/share/BigOil/document_generator/datasets/documents_2021_12_28/17pabc_2cols_20211228_164104_9559932204_600_800.png,17pabc_2cols_20211228_164104_9559932204_600_800_mask.png,geram
19,4,39,9,473,224,512,233,473,224,512,224,512,233,473,233,text,table_text,table_0,arial,regular,8.0,17pabc_2cols_20211228_164104_9559932204_600_800.png,/scratch/parceirosbr/bigoilict/share/BigOil/document_generator/datasets/documents_2021_12_28/17pabc_2cols_20211228_164104_9559932204_600_800.png,17pabc_2cols_20211228_164104_9559932204_600_800_mask.png,combustível
19,4,39,9,473,224,512,233,473,224,512,224,512,233,473,233,sub_line_text,table_text,table_0,arial,regular,8.0,17pabc_2cols_20211228_164104_9559932204_600_800.png,/scratch/parceirosbr/bigoilict/share/BigOil/document_generator/datasets/documents_2021_12_28/17pabc_2cols_20211228_164104_9559932204_600_800.png,17pabc_2cols_20211228_164104_9559932204_600_800_mask.png,combustível
9,4,19,9,483,236,502,245,483,236,502,236,502,245,483,245,text,table_text,table_0,arial,regular,8.0,17pabc_2cols_20211228_164104_9559932204_600_800.png,/scratch/parceirosbr/bigoilict/share/BigOil/document_generator/datasets/documents_2021_12_28/17pabc_2cols_20211228_164104_9559932204_600_800.png,17pabc_2cols_20211228_164104_9559932204_600_800_mask.png,vezes
9,4,19,9,483,236,502,245,483,236,502,236,502,245,483,245,sub_line_text,table_text,table_0,arial,regular,8.0,17pabc_2cols_20211228_164104_9559932204_600_800.png,/scratch/parceirosbr/bigoilict/share/BigOil/document_generator/datasets/documents_2021_12_28/17pabc_2cols_20211228_164104_9559932204_600_800.png,17pabc_2cols_20211228_164104_9559932204_600_800_mask.png,vezes
5,4,10,9,488,249,498,258,488,249,498,249,498,258,488,258,text,table_text,table_0,arial,regular,8.0,17pabc_2cols_20211228_164104_9559932204_600_800.png,/scratch/parceirosbr/bigoilict/share/BigOil/document_generator/datasets/documents_2021_12_28/17pabc_2cols_20211228_164104_9559932204_600_800.png,17pabc_2cols_20211228_164104_9559932204_600_800_mask.png,por
5,4,10,9,488,249,498,258,488,249,498,249,498,258,488,258,sub_line_text,table_text,table_0,arial,regular,8.0,17pabc_2cols_20211228_164104_9559932204_600_800.png,/scratch/parceirosbr/bigoilict/share/BigOil/document_generator/datasets/documents_2021_12_28/17pabc_2cols_20211228_164104_9559932204_600_800.png,17pabc_2cols_20211228_164104_9559932204_600_800_mask.png,por
3,4,7,9,489,261,496,270,489,261,496,261,496,270,489,270,text,table_text,table_0,arial,regular,8.0,17pabc_2cols_20211228_164104_9559932204_600_800.png,/scratch/parceirosbr/bigoilict/share/BigOil/document_generator/datasets/documents_2021_12_28/17pabc_2cols_20211228_164104_9559932204_600_800.png,17pabc_2cols_20211228_164104_9559932204_600_800_mask.png,ou
3,4,7,9,489,261,496,270,489,261,496,261,496,270,489,270,sub_line_text,table_text,table_0,arial,regular,8.0,17pabc_2cols_20211228_164104_9559932204_600_800.png,/scratch/parceirosbr/bigoilict/share/BigOil/document_generator/datasets/documents_2021_12_28/17pabc_2cols_20211228_164104_9559932204_600_800.png,17pabc_2cols_20211228_164104_9559932204_600_800_mask.png,ou
12,4,25,9,481,274,506,283,481,274,506,274,506,283,481,283,text,table_text,table_0,arial,regular,8.0,17pabc_2cols_20211228_164104_9559932204_600_800.png,/scratch/parceirosbr/bigoilict/share/BigOil/document_generator/datasets/documents_2021_12_28/17pabc_2cols_20211228_164104_9559932204_600_800.png,17pabc_2cols_20211228_164104_9559932204_600_800_mask.png,relação
12,4,25,9,481,274,506,283,481,274,506,274,506,283,481,283,sub_line_text,table_text,table_0,arial,regular,8.0,17pabc_2cols_20211228_164104_9559932204_600_800.png,/scratch/parceirosbr/bigoilict/share/BigOil/document_generator/datasets/documents_2021_12_28/17pabc_2cols_20211228_164104_9559932204_600_800.png,17pabc_2cols_20211228_164104_9559932204_600_800_mask.png,relação
89,4,179,8,317,313,496,321,317,313,496,313,496,321,317,321,sub_line_text,table_legend,table_0,roboto,bolditalic,7,17pabc_2cols_20211228_164104_9559932204_600_800.png,/scratch/parceirosbr/bigoilict/share/BigOil/document_generator/datasets/documents_2021_12_28/17pabc_2cols_20211228_164104_9559932204_600_800.png,17pabc_2cols_20211228_164104_9559932204_600_800_mask.png,"Table   85:     In  the  industry,  this  last  stage  is  extr-"
90,4,180,8,317,324,497,332,317,324,497,324,497,332,317,332,sub_line_text,table_legend,table_0,roboto,bolditalic,7,17pabc_2cols_20211228_164104_9559932204_600_800.png,/scratch/parceirosbr/bigoilict/share/BigOil/document_generator/datasets/documents_2021_12_28/17pabc_2cols_20211228_164104_9559932204_600_800.png,17pabc_2cols_20211228_164104_9559932204_600_800_mask.png,emely   undesirable   and   requires  lengthy  and  cost-
34,4,69,8,317,335,386,343,317,335,386,335,386,343,317,343,sub_line_text,table_legend,table_0,roboto,bolditalic,7,17pabc_2cols_20211228_164104_9559932204_600_800.png,/scratch/parceirosbr/bigoilict/share/BigOil/document_generator/datasets/documents_2021_12_28/17pabc_2cols_20211228_164104_9559932204_600_800.png,17pabc_2cols_20211228_164104_9559932204_600_800_mask.png,ly interventions 2006;
90,15,180,30,317,313,497,343,317,313,497,313,497,343,317,343,text,table_legend,table_0,roboto,bolditalic,7,17pabc_2cols_20211228_164104_9559932204_600_800.png,/scratch/parceirosbr/bigoilict/share/BigOil/document_generator/datasets/documents_2021_12_28/17pabc_2cols_20211228_164104_9559932204_600_800.png,17pabc_2cols_20211228_164104_9559932204_600_800_mask.png,nan
112,50,224,101,317,346,541,447,317,346,541,346,541,447,317,447,list,list,list_1,roboto,roboto,8,17pabc_2cols_20211228_164104_9559932204_600_800.png,/scratch/parceirosbr/bigoilict/share/BigOil/document_generator/datasets/documents_2021_12_28/17pabc_2cols_20211228_164104_9559932204_600_800.png,17pabc_2cols_20211228_164104_9559932204_600_800_mask.png,
112,5,224,10,317,346,541,356,317,346,541,346,541,356,317,356,sub_line_text,list,list_1,roboto,regular,8,17pabc_2cols_20211228_164104_9559932204_600_800.png,/scratch/parceirosbr/bigoilict/share/BigOil/document_generator/datasets/documents_2021_12_28/17pabc_2cols_20211228_164104_9559932204_600_800.png,17pabc_2cols_20211228_164104_9559932204_600_800_mask.png,•  De   eixos  142.2.2  entre  a  velocidade  angular  e  a  taxa  de
90,5,180,10,324,359,504,369,324,359,504,359,504,369,324,369,sub_line_text,list,list_1,roboto,regular,8,17pabc_2cols_20211228_164104_9559932204_600_800.png,/scratch/parceirosbr/bigoilict/share/BigOil/document_generator/datasets/documents_2021_12_28/17pabc_2cols_20211228_164104_9559932204_600_800.png,17pabc_2cols_20211228_164104_9559932204_600_800_mask.png,variação dosângulos de 182.2.3 lento de encontro
112,5,224,10,317,372,541,382,317,372,541,372,541,382,317,382,sub_line_text,list,list_1,roboto,regular,8,17pabc_2cols_20211228_164104_9559932204_600_800.png,/scratch/parceirosbr/bigoilict/share/BigOil/document_generator/datasets/documents_2021_12_28/17pabc_2cols_20211228_164104_9559932204_600_800.png,17pabc_2cols_20211228_164104_9559932204_600_800_mask.png,"•  Com  isso,  a  atuação  econômica  do como órgão regulador"
75,5,150,10,324,385,474,395,324,385,474,385,474,395,324,395,sub_line_text,list,list_1,roboto,regular,8,17pabc_2cols_20211228_164104_9559932204_600_800.png,/scratch/parceirosbr/bigoilict/share/BigOil/document_generator/datasets/documents_2021_12_28/17pabc_2cols_20211228_164104_9559932204_600_800.png,17pabc_2cols_20211228_164104_9559932204_600_800_mask.png,deixou de ser voltada exclusivamente para
111,5,223,10,317,398,540,408,317,398,540,398,540,408,317,408,sub_line_text,list,list_1,roboto,regular,8,17pabc_2cols_20211228_164104_9559932204_600_800.png,/scratch/parceirosbr/bigoilict/share/BigOil/document_generator/datasets/documents_2021_12_28/17pabc_2cols_20211228_164104_9559932204_600_800.png,17pabc_2cols_20211228_164104_9559932204_600_800_mask.png,"•  Este  congelamento,  todavia,  levou  a  uma  crise energética,"
98,5,196,10,324,411,520,421,324,411,520,411,520,421,324,421,sub_line_text,list,list_1,roboto,regular,8,17pabc_2cols_20211228_164104_9559932204_600_800.png,/scratch/parceirosbr/bigoilict/share/BigOil/document_generator/datasets/documents_2021_12_28/17pabc_2cols_20211228_164104_9559932204_600_800.png,17pabc_2cols_20211228_164104_9559932204_600_800_mask.png,"uma vez que, por um lado, desincentivou investimentos"
111,5,223,10,317,424,540,434,317,424,540,424,540,434,317,434,sub_line_text,list,list_1,roboto,regular,8,17pabc_2cols_20211228_164104_9559932204_600_800.png,/scratch/parceirosbr/bigoilict/share/BigOil/document_generator/datasets/documents_2021_12_28/17pabc_2cols_20211228_164104_9559932204_600_800.png,17pabc_2cols_20211228_164104_9559932204_600_800_mask.png,"•  Neste   trabalho,  julgou-se  adequado  utilizar  a  equação  de"
66,5,132,10,324,437,456,447,324,437,456,437,456,447,324,447,sub_line_text,list,list_1,roboto,regular,8,17pabc_2cols_20211228_164104_9559932204_600_800.png,/scratch/parceirosbr/bigoilict/share/BigOil/document_generator/datasets/documents_2021_12_28/17pabc_2cols_20211228_164104_9559932204_600_800.png,17pabc_2cols_20211228_164104_9559932204_600_800_mask.png,"modificada, pelo fato do sistema ser"
95,5,190,10,347,450,537,460,347,450,537,450,537,460,347,460,sub_line_text,text,text_7,roboto,regular,8,17pabc_2cols_20211228_164104_9559932204_600_800.png,/scratch/parceirosbr/bigoilict/share/BigOil/document_generator/datasets/documents_2021_12_28/17pabc_2cols_20211228_164104_9559932204_600_800.png,17pabc_2cols_20211228_164104_9559932204_600_800_mask.png,Os  principais  objetivos  do  são  o levantamento dos
110,5,220,10,317,463,537,473,317,463,537,463,537,473,317,473,sub_line_text,text,text_7,roboto,regular,8,17pabc_2cols_20211228_164104_9559932204_600_800.png,/scratch/parceirosbr/bigoilict/share/BigOil/document_generator/datasets/documents_2021_12_28/17pabc_2cols_20211228_164104_9559932204_600_800.png,17pabc_2cols_20211228_164104_9559932204_600_800_mask.png,indicadores  gerais da qualidade dos combustíveis comercial-
110,5,221,10,317,476,538,486,317,476,538,476,538,486,317,486,sub_line_text,text,text_7,roboto,regular,8,17pabc_2cols_20211228_164104_9559932204_600_800.png,/scratch/parceirosbr/bigoilict/share/BigOil/document_generator/datasets/documents_2021_12_28/17pabc_2cols_20211228_164104_9559932204_600_800.png,17pabc_2cols_20211228_164104_9559932204_600_800_mask.png,"izados  no e a identificação de focos de não-conformidade, v-"
110,5,221,10,317,489,538,499,317,489,538,489,538,499,317,499,sub_line_text,text,text_7,roboto,regular,8,17pabc_2cols_20211228_164104_9559932204_600_800.png,/scratch/parceirosbr/bigoilict/share/BigOil/document_generator/datasets/documents_2021_12_28/17pabc_2cols_20211228_164104_9559932204_600_800.png,17pabc_2cols_20211228_164104_9559932204_600_800_mask.png,isando  orientar  e  aperfeiçoar a atuação da área de fiscalizaç-
110,5,220,10,317,502,537,512,317,502,537,502,537,512,317,512,sub_line_text,text,text_7,roboto,regular,8,17pabc_2cols_20211228_164104_9559932204_600_800.png,/scratch/parceirosbr/bigoilict/share/BigOil/document_generator/datasets/documents_2021_12_28/17pabc_2cols_20211228_164104_9559932204_600_800.png,17pabc_2cols_20211228_164104_9559932204_600_800_mask.png,ão  da. teams distributeShortcuts for specifying a target cons-
110,5,220,10,317,515,537,525,317,515,537,515,537,525,317,525,sub_line_text,text,text_7,roboto,regular,8,17pabc_2cols_20211228_164104_9559932204_600_800.png,/scratch/parceirosbr/bigoilict/share/BigOil/document_generator/datasets/documents_2021_12_28/17pabc_2cols_20211228_164104_9559932204_600_800.png,17pabc_2cols_20211228_164104_9559932204_600_800_mask.png,truct  containing  a teams distribute construct and no other st-
104,5,209,10,317,528,526,538,317,528,526,528,526,538,317,538,sub_line_text,text,text_7,roboto,regular,8,17pabc_2cols_20211228_164104_9559932204_600_800.png,/scratch/parceirosbr/bigoilict/share/BigOil/document_generator/datasets/documents_2021_12_28/17pabc_2cols_20211228_164104_9559932204_600_800.png,17pabc_2cols_20211228_164104_9559932204_600_800_mask.png,atements.!$omp target teams distribute [clauseclause] do-l.
110,44,221,88,317,450,538,538,317,450,538,450,538,538,317,538,text,text,text_7,roboto,regular,8,17pabc_2cols_20211228_164104_9559932204_600_800.png,/scratch/parceirosbr/bigoilict/share/BigOil/document_generator/datasets/documents_2021_12_28/17pabc_2cols_20211228_164104_9559932204_600_800.png,17pabc_2cols_20211228_164104_9559932204_600_800_mask.png,nan
95,5,190,10,347,541,537,551,347,541,537,541,537,551,347,551,sub_line_text,text,text_8,roboto,regular,8,17pabc_2cols_20211228_164104_9559932204_600_800.png,/scratch/parceirosbr/bigoilict/share/BigOil/document_generator/datasets/documents_2021_12_28/17pabc_2cols_20211228_164104_9559932204_600_800.png,17pabc_2cols_20211228_164104_9559932204_600_800_mask.png,A  vazão  de  alimentação  é  medida  através de placa
110,5,220,10,317,554,537,564,317,554,537,554,537,564,317,564,sub_line_text,text,text_8,roboto,regular,8,17pabc_2cols_20211228_164104_9559932204_600_800.png,/scratch/parceirosbr/bigoilict/share/BigOil/document_generator/datasets/documents_2021_12_28/17pabc_2cols_20211228_164104_9559932204_600_800.png,17pabc_2cols_20211228_164104_9559932204_600_800_mask.png,"de  orifício,  sem  compensação  de temperatura e pressão, ou"
110,5,221,10,317,567,538,577,317,567,538,567,538,577,317,577,sub_line_text,text,text_8,roboto,regular,8,17pabc_2cols_20211228_164104_9559932204_600_800.png,/scratch/parceirosbr/bigoilict/share/BigOil/document_generator/datasets/documents_2021_12_28/17pabc_2cols_20211228_164104_9559932204_600_800.png,17pabc_2cols_20211228_164104_9559932204_600_800_mask.png,"seja,  o  cálculo  de vazão considera a densidade do fluido co-"
110,5,221,10,317,580,538,590,317,580,538,580,538,590,317,590,sub_line_text,text,text_8,roboto,regular,8,17pabc_2cols_20211228_164104_9559932204_600_800.png,/scratch/parceirosbr/bigoilict/share/BigOil/document_generator/datasets/documents_2021_12_28/17pabc_2cols_20211228_164104_9559932204_600_800.png,17pabc_2cols_20211228_164104_9559932204_600_800_mask.png,"nstante.  The  saturation  of residual oil (Sor_s), after recovery"
110,5,220,10,317,593,537,603,317,593,537,593,537,603,317,603,sub_line_text,text,text_8,roboto,regular,8,17pabc_2cols_20211228_164104_9559932204_600_800.png,/scratch/parceirosbr/bigoilict/share/BigOil/document_generator/datasets/documents_2021_12_28/17pabc_2cols_20211228_164104_9559932204_600_800.png,17pabc_2cols_20211228_164104_9559932204_600_800_mask.png,"with  brine,  is calculated by the difference between the differe-"
110,5,221,10,317,606,538,616,317,606,538,606,538,616,317,616,sub_line_text,text,text_8,roboto,regular,8,17pabc_2cols_20211228_164104_9559932204_600_800.png,/scratch/parceirosbr/bigoilict/share/BigOil/document_generator/datasets/documents_2021_12_28/17pabc_2cols_20211228_164104_9559932204_600_800.png,17pabc_2cols_20211228_164104_9559932204_600_800_mask.png,nce  in the initial oil volume (Voi) and the volume of oil recove-
106,5,212,10,317,619,529,629,317,619,529,619,529,629,317,629,sub_line_text,text,text_8,roboto,regular,8,17pabc_2cols_20211228_164104_9559932204_600_800.png,/scratch/parceirosbr/bigoilict/share/BigOil/document_generator/datasets/documents_2021_12_28/17pabc_2cols_20211228_164104_9559932204_600_800.png,17pabc_2cols_20211228_164104_9559932204_600_800_mask.png,red (with brine) in the fifth stage (Vor_s) and the porous vol.
110,44,221,88,317,541,538,629,317,541,538,541,538,629,317,629,text,text,text_8,roboto,regular,8,17pabc_2cols_20211228_164104_9559932204_600_800.png,/scratch/parceirosbr/bigoilict/share/BigOil/document_generator/datasets/documents_2021_12_28/17pabc_2cols_20211228_164104_9559932204_600_800.png,17pabc_2cols_20211228_164104_9559932204_600_800_mask.png,nan
95,5,191,10,347,632,538,642,347,632,538,632,538,642,347,642,sub_line_text,text,text_9,roboto,regular,8,17pabc_2cols_20211228_164104_9559932204_600_800.png,/scratch/parceirosbr/bigoilict/share/BigOil/document_generator/datasets/documents_2021_12_28/17pabc_2cols_20211228_164104_9559932204_600_800.png,17pabc_2cols_20211228_164104_9559932204_600_800_mask.png,As  manutenções  preventivas  devem  seguir os temp-
110,5,221,10,317,645,538,655,317,645,538,645,538,655,317,655,sub_line_text,text,text_9,roboto,regular,8,17pabc_2cols_20211228_164104_9559932204_600_800.png,/scratch/parceirosbr/bigoilict/share/BigOil/document_generator/datasets/documents_2021_12_28/17pabc_2cols_20211228_164104_9559932204_600_800.png,17pabc_2cols_20211228_164104_9559932204_600_800_mask.png,"os  estipulados  pelos  fornecedores,  conforme  indicado pela"
110,5,221,10,317,658,538,668,317,658,538,658,538,668,317,668,sub_line_text,text,text_9,roboto,regular,8,17pabc_2cols_20211228_164104_9559932204_600_800.png,/scratch/parceirosbr/bigoilict/share/BigOil/document_generator/datasets/documents_2021_12_28/17pabc_2cols_20211228_164104_9559932204_600_800.png,17pabc_2cols_20211228_164104_9559932204_600_800_mask.png,2.  atividade  de  manutenção  pode ocorrer com base no tem-
110,5,220,10,317,671,537,681,317,671,537,671,537,681,317,681,sub_line_text,text,text_9,roboto,regular,8,17pabc_2cols_20211228_164104_9559932204_600_800.png,/scratch/parceirosbr/bigoilict/share/BigOil/document_generator/datasets/documents_2021_12_28/17pabc_2cols_20211228_164104_9559932204_600_800.png,17pabc_2cols_20211228_164104_9559932204_600_800_mask.png,"po  em  que  a  máquina  ficou  em operação (tempo operado),"
105,5,211,10,317,684,528,694,317,684,528,684,528,694,317,694,sub_line_text,text,text_9,roboto,regular,8,17pabc_2cols_20211228_164104_9559932204_600_800.png,/scratch/parceirosbr/bigoilict/share/BigOil/document_generator/datasets/documents_2021_12_28/17pabc_2cols_20211228_164104_9559932204_600_800.png,17pabc_2cols_20211228_164104_9559932204_600_800_mask.png,"que pode ser determinado por seu horímetro, ou no tempo."
110,31,221,62,317,632,538,694,317,632,538,632,538,694,317,694,text,text,text_9,roboto,regular,8,17pabc_2cols_20211228_164104_9559932204_600_800.png,/scratch/parceirosbr/bigoilict/share/BigOil/document_generator/datasets/documents_2021_12_28/17pabc_2cols_20211228_164104_9559932204_600_800.png,17pabc_2cols_20211228_164104_9559932204_600_800_mask.png,nan
