center_x,center_y,width,height,xmin,ymin,xmax,ymax,top_left_x,top_left_y,top_right_x,top_right_y,bottom_right_x,bottom_right_y,bottom_left_x,bottom_left_y,label,grouplabel,group,text_font,text_style,size_font,filename,path,filename_mask,content
300,400,600,800,0,0,600,800,0,0,600,0,600,800,0,800,document,,,,,,19co3fig2_20211228_164158_8480537910_600_800.png,/scratch/parceirosbr/bigoilict/share/BigOil/document_generator/datasets/documents_2021_12_28/19co3fig2_20211228_164158_8480537910_600_800.png,19co3fig2_20211228_164158_8480537910_600_800_mask.png,
106,5,213,10,54,83,267,93,54,83,267,83,267,93,54,93,sub_line_text,table_legend,table_0,opensans,bolditalic,8,19co3fig2_20211228_164158_8480537910_600_800.png,/scratch/parceirosbr/bigoilict/share/BigOil/document_generator/datasets/documents_2021_12_28/19co3fig2_20211228_164158_8480537910_600_800.png,19co3fig2_20211228_164158_8480537910_600_800_mask.png,Table   5:      A  mesma  lei  prevê  a  elaboração  e  execuç-
106,5,213,10,54,99,267,109,54,99,267,99,267,109,54,109,sub_line_text,table_legend,table_0,opensans,bolditalic,8,19co3fig2_20211228_164158_8480537910_600_800.png,/scratch/parceirosbr/bigoilict/share/BigOil/document_generator/datasets/documents_2021_12_28/19co3fig2_20211228_164158_8480537910_600_800.png,19co3fig2_20211228_164158_8480537910_600_800_mask.png,"ão   de   um   plano  de  contingência,  a  ser  ainda  regul-"
69,5,138,10,54,115,192,125,54,115,192,115,192,125,54,125,sub_line_text,table_legend,table_0,opensans,bolditalic,8,19co3fig2_20211228_164158_8480537910_600_800.png,/scratch/parceirosbr/bigoilict/share/BigOil/document_generator/datasets/documents_2021_12_28/19co3fig2_20211228_164158_8480537910_600_800.png,19co3fig2_20211228_164158_8480537910_600_800_mask.png,amentado pelo em norma específica.
106,21,213,42,54,83,267,125,54,83,267,83,267,125,54,125,text,table_legend,table_0,opensans,bolditalic,8,19co3fig2_20211228_164158_8480537910_600_800.png,/scratch/parceirosbr/bigoilict/share/BigOil/document_generator/datasets/documents_2021_12_28/19co3fig2_20211228_164158_8480537910_600_800.png,19co3fig2_20211228_164158_8480537910_600_800_mask.png,nan
116,83,232,166,58,130,290,296,58,130,290,130,290,296,58,296,table,table_image,table_0,,,,19co3fig2_20211228_164158_8480537910_600_800.png,/scratch/parceirosbr/bigoilict/share/BigOil/document_generator/datasets/documents_2021_12_28/19co3fig2_20211228_164158_8480537910_600_800.png,19co3fig2_20211228_164158_8480537910_600_800_mask.png,output/gen_tab_20211228_164158_7411535461.png
20,5,40,10,77,135,117,145,77,135,117,135,117,145,77,145,text,table_text,table_0,courier,regular,10.0,19co3fig2_20211228_164158_8480537910_600_800.png,/scratch/parceirosbr/bigoilict/share/BigOil/document_generator/datasets/documents_2021_12_28/19co3fig2_20211228_164158_8480537910_600_800.png,19co3fig2_20211228_164158_8480537910_600_800_mask.png,elevada
20,5,40,10,77,135,117,145,77,135,117,135,117,145,77,145,sub_line_text,table_text,table_0,courier,regular,10.0,19co3fig2_20211228_164158_8480537910_600_800.png,/scratch/parceirosbr/bigoilict/share/BigOil/document_generator/datasets/documents_2021_12_28/19co3fig2_20211228_164158_8480537910_600_800.png,19co3fig2_20211228_164158_8480537910_600_800_mask.png,elevada
26,5,52,10,65,149,117,159,65,149,117,149,117,159,65,159,text,table_text,table_0,courier,regular,10.0,19co3fig2_20211228_164158_8480537910_600_800.png,/scratch/parceirosbr/bigoilict/share/BigOil/document_generator/datasets/documents_2021_12_28/19co3fig2_20211228_164158_8480537910_600_800.png,19co3fig2_20211228_164158_8480537910_600_800_mask.png,5689787.5
26,5,52,10,65,149,117,159,65,149,117,149,117,159,65,159,sub_line_text,table_text,table_0,courier,regular,10.0,19co3fig2_20211228_164158_8480537910_600_800.png,/scratch/parceirosbr/bigoilict/share/BigOil/document_generator/datasets/documents_2021_12_28/19co3fig2_20211228_164158_8480537910_600_800.png,19co3fig2_20211228_164158_8480537910_600_800_mask.png,5689787.5
26,5,52,10,65,163,117,173,65,163,117,163,117,173,65,173,text,table_text,table_0,courier,regular,10.0,19co3fig2_20211228_164158_8480537910_600_800.png,/scratch/parceirosbr/bigoilict/share/BigOil/document_generator/datasets/documents_2021_12_28/19co3fig2_20211228_164158_8480537910_600_800.png,19co3fig2_20211228_164158_8480537910_600_800_mask.png,2078864.1
26,5,52,10,65,163,117,173,65,163,117,163,117,173,65,173,sub_line_text,table_text,table_0,courier,regular,10.0,19co3fig2_20211228_164158_8480537910_600_800.png,/scratch/parceirosbr/bigoilict/share/BigOil/document_generator/datasets/documents_2021_12_28/19co3fig2_20211228_164158_8480537910_600_800.png,19co3fig2_20211228_164158_8480537910_600_800_mask.png,2078864.1
26,5,52,10,65,176,117,186,65,176,117,176,117,186,65,186,text,table_text,table_0,courier,regular,10.0,19co3fig2_20211228_164158_8480537910_600_800.png,/scratch/parceirosbr/bigoilict/share/BigOil/document_generator/datasets/documents_2021_12_28/19co3fig2_20211228_164158_8480537910_600_800.png,19co3fig2_20211228_164158_8480537910_600_800_mask.png,4968092.3
26,5,52,10,65,176,117,186,65,176,117,176,117,186,65,186,sub_line_text,table_text,table_0,courier,regular,10.0,19co3fig2_20211228_164158_8480537910_600_800.png,/scratch/parceirosbr/bigoilict/share/BigOil/document_generator/datasets/documents_2021_12_28/19co3fig2_20211228_164158_8480537910_600_800.png,19co3fig2_20211228_164158_8480537910_600_800_mask.png,4968092.3
26,5,52,10,65,190,117,200,65,190,117,190,117,200,65,200,text,table_text,table_0,courier,regular,10.0,19co3fig2_20211228_164158_8480537910_600_800.png,/scratch/parceirosbr/bigoilict/share/BigOil/document_generator/datasets/documents_2021_12_28/19co3fig2_20211228_164158_8480537910_600_800.png,19co3fig2_20211228_164158_8480537910_600_800_mask.png,8243133.8
26,5,52,10,65,190,117,200,65,190,117,190,117,200,65,200,sub_line_text,table_text,table_0,courier,regular,10.0,19co3fig2_20211228_164158_8480537910_600_800.png,/scratch/parceirosbr/bigoilict/share/BigOil/document_generator/datasets/documents_2021_12_28/19co3fig2_20211228_164158_8480537910_600_800.png,19co3fig2_20211228_164158_8480537910_600_800_mask.png,8243133.8
26,5,52,10,65,203,117,213,65,203,117,203,117,213,65,213,text,table_text,table_0,courier,regular,10.0,19co3fig2_20211228_164158_8480537910_600_800.png,/scratch/parceirosbr/bigoilict/share/BigOil/document_generator/datasets/documents_2021_12_28/19co3fig2_20211228_164158_8480537910_600_800.png,19co3fig2_20211228_164158_8480537910_600_800_mask.png,9439389.2
26,5,52,10,65,203,117,213,65,203,117,203,117,213,65,213,sub_line_text,table_text,table_0,courier,regular,10.0,19co3fig2_20211228_164158_8480537910_600_800.png,/scratch/parceirosbr/bigoilict/share/BigOil/document_generator/datasets/documents_2021_12_28/19co3fig2_20211228_164158_8480537910_600_800.png,19co3fig2_20211228_164158_8480537910_600_800_mask.png,9439389.2
26,5,52,10,65,217,117,227,65,217,117,217,117,227,65,227,text,table_text,table_0,courier,regular,10.0,19co3fig2_20211228_164158_8480537910_600_800.png,/scratch/parceirosbr/bigoilict/share/BigOil/document_generator/datasets/documents_2021_12_28/19co3fig2_20211228_164158_8480537910_600_800.png,19co3fig2_20211228_164158_8480537910_600_800_mask.png,2419775.5
26,5,52,10,65,217,117,227,65,217,117,217,117,227,65,227,sub_line_text,table_text,table_0,courier,regular,10.0,19co3fig2_20211228_164158_8480537910_600_800.png,/scratch/parceirosbr/bigoilict/share/BigOil/document_generator/datasets/documents_2021_12_28/19co3fig2_20211228_164158_8480537910_600_800.png,19co3fig2_20211228_164158_8480537910_600_800_mask.png,2419775.5
26,5,52,10,65,230,117,240,65,230,117,230,117,240,65,240,text,table_text,table_0,courier,regular,10.0,19co3fig2_20211228_164158_8480537910_600_800.png,/scratch/parceirosbr/bigoilict/share/BigOil/document_generator/datasets/documents_2021_12_28/19co3fig2_20211228_164158_8480537910_600_800.png,19co3fig2_20211228_164158_8480537910_600_800_mask.png,1869328.1
26,5,52,10,65,230,117,240,65,230,117,230,117,240,65,240,sub_line_text,table_text,table_0,courier,regular,10.0,19co3fig2_20211228_164158_8480537910_600_800.png,/scratch/parceirosbr/bigoilict/share/BigOil/document_generator/datasets/documents_2021_12_28/19co3fig2_20211228_164158_8480537910_600_800.png,19co3fig2_20211228_164158_8480537910_600_800_mask.png,1869328.1
26,5,52,10,65,244,117,254,65,244,117,244,117,254,65,254,text,table_text,table_0,courier,regular,10.0,19co3fig2_20211228_164158_8480537910_600_800.png,/scratch/parceirosbr/bigoilict/share/BigOil/document_generator/datasets/documents_2021_12_28/19co3fig2_20211228_164158_8480537910_600_800.png,19co3fig2_20211228_164158_8480537910_600_800_mask.png,7029494.8
26,5,52,10,65,244,117,254,65,244,117,244,117,254,65,254,sub_line_text,table_text,table_0,courier,regular,10.0,19co3fig2_20211228_164158_8480537910_600_800.png,/scratch/parceirosbr/bigoilict/share/BigOil/document_generator/datasets/documents_2021_12_28/19co3fig2_20211228_164158_8480537910_600_800.png,19co3fig2_20211228_164158_8480537910_600_800_mask.png,7029494.8
26,5,52,10,65,258,117,268,65,258,117,258,117,268,65,268,text,table_text,table_0,courier,regular,10.0,19co3fig2_20211228_164158_8480537910_600_800.png,/scratch/parceirosbr/bigoilict/share/BigOil/document_generator/datasets/documents_2021_12_28/19co3fig2_20211228_164158_8480537910_600_800.png,19co3fig2_20211228_164158_8480537910_600_800_mask.png,3470437.2
26,5,52,10,65,258,117,268,65,258,117,258,117,268,65,268,sub_line_text,table_text,table_0,courier,regular,10.0,19co3fig2_20211228_164158_8480537910_600_800.png,/scratch/parceirosbr/bigoilict/share/BigOil/document_generator/datasets/documents_2021_12_28/19co3fig2_20211228_164158_8480537910_600_800.png,19co3fig2_20211228_164158_8480537910_600_800_mask.png,3470437.2
26,5,52,10,65,271,117,281,65,271,117,271,117,281,65,281,text,table_text,table_0,courier,regular,10.0,19co3fig2_20211228_164158_8480537910_600_800.png,/scratch/parceirosbr/bigoilict/share/BigOil/document_generator/datasets/documents_2021_12_28/19co3fig2_20211228_164158_8480537910_600_800.png,19co3fig2_20211228_164158_8480537910_600_800_mask.png,7785777.1
26,5,52,10,65,271,117,281,65,271,117,271,117,281,65,281,sub_line_text,table_text,table_0,courier,regular,10.0,19co3fig2_20211228_164158_8480537910_600_800.png,/scratch/parceirosbr/bigoilict/share/BigOil/document_generator/datasets/documents_2021_12_28/19co3fig2_20211228_164158_8480537910_600_800.png,19co3fig2_20211228_164158_8480537910_600_800_mask.png,7785777.1
14,5,29,10,139,135,168,145,139,135,168,135,168,145,139,145,text,table_text,table_0,courier,regular,10.0,19co3fig2_20211228_164158_8480537910_600_800.png,/scratch/parceirosbr/bigoilict/share/BigOil/document_generator/datasets/documents_2021_12_28/19co3fig2_20211228_164158_8480537910_600_800.png,19co3fig2_20211228_164158_8480537910_600_800_mask.png,forma
14,5,29,10,139,135,168,145,139,135,168,135,168,145,139,145,sub_line_text,table_text,table_0,courier,regular,10.0,19co3fig2_20211228_164158_8480537910_600_800.png,/scratch/parceirosbr/bigoilict/share/BigOil/document_generator/datasets/documents_2021_12_28/19co3fig2_20211228_164158_8480537910_600_800.png,19co3fig2_20211228_164158_8480537910_600_800_mask.png,forma
11,5,23,10,145,149,168,159,145,149,168,149,168,159,145,159,text,table_text,table_0,courier,regular,10.0,19co3fig2_20211228_164158_8480537910_600_800.png,/scratch/parceirosbr/bigoilict/share/BigOil/document_generator/datasets/documents_2021_12_28/19co3fig2_20211228_164158_8480537910_600_800.png,19co3fig2_20211228_164158_8480537910_600_800_mask.png,8.43
11,5,23,10,145,149,168,159,145,149,168,149,168,159,145,159,sub_line_text,table_text,table_0,courier,regular,10.0,19co3fig2_20211228_164158_8480537910_600_800.png,/scratch/parceirosbr/bigoilict/share/BigOil/document_generator/datasets/documents_2021_12_28/19co3fig2_20211228_164158_8480537910_600_800.png,19co3fig2_20211228_164158_8480537910_600_800_mask.png,8.43
11,5,23,10,145,163,168,173,145,163,168,163,168,173,145,173,text,table_text,table_0,courier,regular,10.0,19co3fig2_20211228_164158_8480537910_600_800.png,/scratch/parceirosbr/bigoilict/share/BigOil/document_generator/datasets/documents_2021_12_28/19co3fig2_20211228_164158_8480537910_600_800.png,19co3fig2_20211228_164158_8480537910_600_800_mask.png,7.31
11,5,23,10,145,163,168,173,145,163,168,163,168,173,145,173,sub_line_text,table_text,table_0,courier,regular,10.0,19co3fig2_20211228_164158_8480537910_600_800.png,/scratch/parceirosbr/bigoilict/share/BigOil/document_generator/datasets/documents_2021_12_28/19co3fig2_20211228_164158_8480537910_600_800.png,19co3fig2_20211228_164158_8480537910_600_800_mask.png,7.31
11,5,23,10,145,176,168,186,145,176,168,176,168,186,145,186,text,table_text,table_0,courier,regular,10.0,19co3fig2_20211228_164158_8480537910_600_800.png,/scratch/parceirosbr/bigoilict/share/BigOil/document_generator/datasets/documents_2021_12_28/19co3fig2_20211228_164158_8480537910_600_800.png,19co3fig2_20211228_164158_8480537910_600_800_mask.png,2.86
11,5,23,10,145,176,168,186,145,176,168,176,168,186,145,186,sub_line_text,table_text,table_0,courier,regular,10.0,19co3fig2_20211228_164158_8480537910_600_800.png,/scratch/parceirosbr/bigoilict/share/BigOil/document_generator/datasets/documents_2021_12_28/19co3fig2_20211228_164158_8480537910_600_800.png,19co3fig2_20211228_164158_8480537910_600_800_mask.png,2.86
11,5,23,10,145,190,168,200,145,190,168,190,168,200,145,200,text,table_text,table_0,courier,regular,10.0,19co3fig2_20211228_164158_8480537910_600_800.png,/scratch/parceirosbr/bigoilict/share/BigOil/document_generator/datasets/documents_2021_12_28/19co3fig2_20211228_164158_8480537910_600_800.png,19co3fig2_20211228_164158_8480537910_600_800_mask.png,9.35
11,5,23,10,145,190,168,200,145,190,168,190,168,200,145,200,sub_line_text,table_text,table_0,courier,regular,10.0,19co3fig2_20211228_164158_8480537910_600_800.png,/scratch/parceirosbr/bigoilict/share/BigOil/document_generator/datasets/documents_2021_12_28/19co3fig2_20211228_164158_8480537910_600_800.png,19co3fig2_20211228_164158_8480537910_600_800_mask.png,9.35
11,5,23,10,145,203,168,213,145,203,168,203,168,213,145,213,text,table_text,table_0,courier,regular,10.0,19co3fig2_20211228_164158_8480537910_600_800.png,/scratch/parceirosbr/bigoilict/share/BigOil/document_generator/datasets/documents_2021_12_28/19co3fig2_20211228_164158_8480537910_600_800.png,19co3fig2_20211228_164158_8480537910_600_800_mask.png,1.62
11,5,23,10,145,203,168,213,145,203,168,203,168,213,145,213,sub_line_text,table_text,table_0,courier,regular,10.0,19co3fig2_20211228_164158_8480537910_600_800.png,/scratch/parceirosbr/bigoilict/share/BigOil/document_generator/datasets/documents_2021_12_28/19co3fig2_20211228_164158_8480537910_600_800.png,19co3fig2_20211228_164158_8480537910_600_800_mask.png,1.62
11,5,23,10,145,217,168,227,145,217,168,217,168,227,145,227,text,table_text,table_0,courier,regular,10.0,19co3fig2_20211228_164158_8480537910_600_800.png,/scratch/parceirosbr/bigoilict/share/BigOil/document_generator/datasets/documents_2021_12_28/19co3fig2_20211228_164158_8480537910_600_800.png,19co3fig2_20211228_164158_8480537910_600_800_mask.png,5.35
11,5,23,10,145,217,168,227,145,217,168,217,168,227,145,227,sub_line_text,table_text,table_0,courier,regular,10.0,19co3fig2_20211228_164158_8480537910_600_800.png,/scratch/parceirosbr/bigoilict/share/BigOil/document_generator/datasets/documents_2021_12_28/19co3fig2_20211228_164158_8480537910_600_800.png,19co3fig2_20211228_164158_8480537910_600_800_mask.png,5.35
11,5,23,10,145,230,168,240,145,230,168,230,168,240,145,240,text,table_text,table_0,courier,regular,10.0,19co3fig2_20211228_164158_8480537910_600_800.png,/scratch/parceirosbr/bigoilict/share/BigOil/document_generator/datasets/documents_2021_12_28/19co3fig2_20211228_164158_8480537910_600_800.png,19co3fig2_20211228_164158_8480537910_600_800_mask.png,5.78
11,5,23,10,145,230,168,240,145,230,168,230,168,240,145,240,sub_line_text,table_text,table_0,courier,regular,10.0,19co3fig2_20211228_164158_8480537910_600_800.png,/scratch/parceirosbr/bigoilict/share/BigOil/document_generator/datasets/documents_2021_12_28/19co3fig2_20211228_164158_8480537910_600_800.png,19co3fig2_20211228_164158_8480537910_600_800_mask.png,5.78
11,5,23,10,145,244,168,254,145,244,168,244,168,254,145,254,text,table_text,table_0,courier,regular,10.0,19co3fig2_20211228_164158_8480537910_600_800.png,/scratch/parceirosbr/bigoilict/share/BigOil/document_generator/datasets/documents_2021_12_28/19co3fig2_20211228_164158_8480537910_600_800.png,19co3fig2_20211228_164158_8480537910_600_800_mask.png,3.58
11,5,23,10,145,244,168,254,145,244,168,244,168,254,145,254,sub_line_text,table_text,table_0,courier,regular,10.0,19co3fig2_20211228_164158_8480537910_600_800.png,/scratch/parceirosbr/bigoilict/share/BigOil/document_generator/datasets/documents_2021_12_28/19co3fig2_20211228_164158_8480537910_600_800.png,19co3fig2_20211228_164158_8480537910_600_800_mask.png,3.58
11,5,23,10,145,258,168,268,145,258,168,258,168,268,145,268,text,table_text,table_0,courier,regular,10.0,19co3fig2_20211228_164158_8480537910_600_800.png,/scratch/parceirosbr/bigoilict/share/BigOil/document_generator/datasets/documents_2021_12_28/19co3fig2_20211228_164158_8480537910_600_800.png,19co3fig2_20211228_164158_8480537910_600_800_mask.png,3.04
11,5,23,10,145,258,168,268,145,258,168,258,168,268,145,268,sub_line_text,table_text,table_0,courier,regular,10.0,19co3fig2_20211228_164158_8480537910_600_800.png,/scratch/parceirosbr/bigoilict/share/BigOil/document_generator/datasets/documents_2021_12_28/19co3fig2_20211228_164158_8480537910_600_800.png,19co3fig2_20211228_164158_8480537910_600_800_mask.png,3.04
11,5,23,10,145,271,168,281,145,271,168,271,168,281,145,281,text,table_text,table_0,courier,regular,10.0,19co3fig2_20211228_164158_8480537910_600_800.png,/scratch/parceirosbr/bigoilict/share/BigOil/document_generator/datasets/documents_2021_12_28/19co3fig2_20211228_164158_8480537910_600_800.png,19co3fig2_20211228_164158_8480537910_600_800_mask.png,1.86
11,5,23,10,145,271,168,281,145,271,168,271,168,281,145,281,sub_line_text,table_text,table_0,courier,regular,10.0,19co3fig2_20211228_164158_8480537910_600_800.png,/scratch/parceirosbr/bigoilict/share/BigOil/document_generator/datasets/documents_2021_12_28/19co3fig2_20211228_164158_8480537910_600_800.png,19co3fig2_20211228_164158_8480537910_600_800_mask.png,1.86
20,5,40,10,203,135,243,145,203,135,243,135,243,145,203,145,text,table_text,table_0,courier,regular,10.0,19co3fig2_20211228_164158_8480537910_600_800.png,/scratch/parceirosbr/bigoilict/share/BigOil/document_generator/datasets/documents_2021_12_28/19co3fig2_20211228_164158_8480537910_600_800.png,19co3fig2_20211228_164158_8480537910_600_800_mask.png,elevada
20,5,40,10,203,135,243,145,203,135,243,135,243,145,203,145,sub_line_text,table_text,table_0,courier,regular,10.0,19co3fig2_20211228_164158_8480537910_600_800.png,/scratch/parceirosbr/bigoilict/share/BigOil/document_generator/datasets/documents_2021_12_28/19co3fig2_20211228_164158_8480537910_600_800.png,19co3fig2_20211228_164158_8480537910_600_800_mask.png,elevada
29,5,58,10,186,149,244,159,186,149,244,149,244,159,186,159,text,table_text,table_0,courier,regular,10.0,19co3fig2_20211228_164158_8480537910_600_800.png,/scratch/parceirosbr/bigoilict/share/BigOil/document_generator/datasets/documents_2021_12_28/19co3fig2_20211228_164158_8480537910_600_800.png,19co3fig2_20211228_164158_8480537910_600_800_mask.png,82211847.7
29,5,58,10,186,149,244,159,186,149,244,149,244,159,186,159,sub_line_text,table_text,table_0,courier,regular,10.0,19co3fig2_20211228_164158_8480537910_600_800.png,/scratch/parceirosbr/bigoilict/share/BigOil/document_generator/datasets/documents_2021_12_28/19co3fig2_20211228_164158_8480537910_600_800.png,19co3fig2_20211228_164158_8480537910_600_800_mask.png,82211847.7
23,5,46,10,198,163,244,173,198,163,244,163,244,173,198,173,text,table_text,table_0,courier,regular,10.0,19co3fig2_20211228_164158_8480537910_600_800.png,/scratch/parceirosbr/bigoilict/share/BigOil/document_generator/datasets/documents_2021_12_28/19co3fig2_20211228_164158_8480537910_600_800.png,19co3fig2_20211228_164158_8480537910_600_800_mask.png,158644.0
23,5,46,10,198,163,244,173,198,163,244,163,244,173,198,173,sub_line_text,table_text,table_0,courier,regular,10.0,19co3fig2_20211228_164158_8480537910_600_800.png,/scratch/parceirosbr/bigoilict/share/BigOil/document_generator/datasets/documents_2021_12_28/19co3fig2_20211228_164158_8480537910_600_800.png,19co3fig2_20211228_164158_8480537910_600_800_mask.png,158644.0
23,5,46,10,198,176,244,186,198,176,244,176,244,186,198,186,text,table_text,table_0,courier,regular,10.0,19co3fig2_20211228_164158_8480537910_600_800.png,/scratch/parceirosbr/bigoilict/share/BigOil/document_generator/datasets/documents_2021_12_28/19co3fig2_20211228_164158_8480537910_600_800.png,19co3fig2_20211228_164158_8480537910_600_800_mask.png,704780.4
23,5,46,10,198,176,244,186,198,176,244,176,244,186,198,186,sub_line_text,table_text,table_0,courier,regular,10.0,19co3fig2_20211228_164158_8480537910_600_800.png,/scratch/parceirosbr/bigoilict/share/BigOil/document_generator/datasets/documents_2021_12_28/19co3fig2_20211228_164158_8480537910_600_800.png,19co3fig2_20211228_164158_8480537910_600_800_mask.png,704780.4
29,5,58,10,186,190,244,200,186,190,244,190,244,200,186,200,text,table_text,table_0,courier,regular,10.0,19co3fig2_20211228_164158_8480537910_600_800.png,/scratch/parceirosbr/bigoilict/share/BigOil/document_generator/datasets/documents_2021_12_28/19co3fig2_20211228_164158_8480537910_600_800.png,19co3fig2_20211228_164158_8480537910_600_800_mask.png,64537286.2
29,5,58,10,186,190,244,200,186,190,244,190,244,200,186,200,sub_line_text,table_text,table_0,courier,regular,10.0,19co3fig2_20211228_164158_8480537910_600_800.png,/scratch/parceirosbr/bigoilict/share/BigOil/document_generator/datasets/documents_2021_12_28/19co3fig2_20211228_164158_8480537910_600_800.png,19co3fig2_20211228_164158_8480537910_600_800_mask.png,64537286.2
23,5,46,10,198,203,244,213,198,203,244,203,244,213,198,213,text,table_text,table_0,courier,regular,10.0,19co3fig2_20211228_164158_8480537910_600_800.png,/scratch/parceirosbr/bigoilict/share/BigOil/document_generator/datasets/documents_2021_12_28/19co3fig2_20211228_164158_8480537910_600_800.png,19co3fig2_20211228_164158_8480537910_600_800_mask.png,997397.2
23,5,46,10,198,203,244,213,198,203,244,203,244,213,198,213,sub_line_text,table_text,table_0,courier,regular,10.0,19co3fig2_20211228_164158_8480537910_600_800.png,/scratch/parceirosbr/bigoilict/share/BigOil/document_generator/datasets/documents_2021_12_28/19co3fig2_20211228_164158_8480537910_600_800.png,19co3fig2_20211228_164158_8480537910_600_800_mask.png,997397.2
23,5,46,10,198,217,244,227,198,217,244,217,244,227,198,227,text,table_text,table_0,courier,regular,10.0,19co3fig2_20211228_164158_8480537910_600_800.png,/scratch/parceirosbr/bigoilict/share/BigOil/document_generator/datasets/documents_2021_12_28/19co3fig2_20211228_164158_8480537910_600_800.png,19co3fig2_20211228_164158_8480537910_600_800_mask.png,557667.2
23,5,46,10,198,217,244,227,198,217,244,217,244,227,198,227,sub_line_text,table_text,table_0,courier,regular,10.0,19co3fig2_20211228_164158_8480537910_600_800.png,/scratch/parceirosbr/bigoilict/share/BigOil/document_generator/datasets/documents_2021_12_28/19co3fig2_20211228_164158_8480537910_600_800.png,19co3fig2_20211228_164158_8480537910_600_800_mask.png,557667.2
23,5,46,10,198,230,244,240,198,230,244,230,244,240,198,240,text,table_text,table_0,courier,regular,10.0,19co3fig2_20211228_164158_8480537910_600_800.png,/scratch/parceirosbr/bigoilict/share/BigOil/document_generator/datasets/documents_2021_12_28/19co3fig2_20211228_164158_8480537910_600_800.png,19co3fig2_20211228_164158_8480537910_600_800_mask.png,596238.0
23,5,46,10,198,230,244,240,198,230,244,230,244,240,198,240,sub_line_text,table_text,table_0,courier,regular,10.0,19co3fig2_20211228_164158_8480537910_600_800.png,/scratch/parceirosbr/bigoilict/share/BigOil/document_generator/datasets/documents_2021_12_28/19co3fig2_20211228_164158_8480537910_600_800.png,19co3fig2_20211228_164158_8480537910_600_800_mask.png,596238.0
31,5,63,10,180,244,243,254,180,244,243,244,243,254,180,254,text,table_text,table_0,courier,regular,10.0,19co3fig2_20211228_164158_8480537910_600_800.png,/scratch/parceirosbr/bigoilict/share/BigOil/document_generator/datasets/documents_2021_12_28/19co3fig2_20211228_164158_8480537910_600_800.png,19co3fig2_20211228_164158_8480537910_600_800_mask.png,320843242.2
31,5,63,10,180,244,243,254,180,244,243,244,243,254,180,254,sub_line_text,table_text,table_0,courier,regular,10.0,19co3fig2_20211228_164158_8480537910_600_800.png,/scratch/parceirosbr/bigoilict/share/BigOil/document_generator/datasets/documents_2021_12_28/19co3fig2_20211228_164158_8480537910_600_800.png,19co3fig2_20211228_164158_8480537910_600_800_mask.png,320843242.2
23,5,46,10,198,258,244,268,198,258,244,258,244,268,198,268,text,table_text,table_0,courier,regular,10.0,19co3fig2_20211228_164158_8480537910_600_800.png,/scratch/parceirosbr/bigoilict/share/BigOil/document_generator/datasets/documents_2021_12_28/19co3fig2_20211228_164158_8480537910_600_800.png,19co3fig2_20211228_164158_8480537910_600_800_mask.png,636711.9
23,5,46,10,198,258,244,268,198,258,244,258,244,268,198,268,sub_line_text,table_text,table_0,courier,regular,10.0,19co3fig2_20211228_164158_8480537910_600_800.png,/scratch/parceirosbr/bigoilict/share/BigOil/document_generator/datasets/documents_2021_12_28/19co3fig2_20211228_164158_8480537910_600_800.png,19co3fig2_20211228_164158_8480537910_600_800_mask.png,636711.9
26,5,52,10,192,271,244,281,192,271,244,271,244,281,192,281,text,table_text,table_0,courier,regular,10.0,19co3fig2_20211228_164158_8480537910_600_800.png,/scratch/parceirosbr/bigoilict/share/BigOil/document_generator/datasets/documents_2021_12_28/19co3fig2_20211228_164158_8480537910_600_800.png,19co3fig2_20211228_164158_8480537910_600_800_mask.png,2663376.6
26,5,52,10,192,271,244,281,192,271,244,271,244,281,192,281,sub_line_text,table_text,table_0,courier,regular,10.0,19co3fig2_20211228_164158_8480537910_600_800.png,/scratch/parceirosbr/bigoilict/share/BigOil/document_generator/datasets/documents_2021_12_28/19co3fig2_20211228_164158_8480537910_600_800.png,19co3fig2_20211228_164158_8480537910_600_800_mask.png,2663376.6
5,5,11,10,261,135,272,145,261,135,272,135,272,145,261,145,text,table_text,table_0,courier,regular,10.0,19co3fig2_20211228_164158_8480537910_600_800.png,/scratch/parceirosbr/bigoilict/share/BigOil/document_generator/datasets/documents_2021_12_28/19co3fig2_20211228_164158_8480537910_600_800.png,19co3fig2_20211228_164158_8480537910_600_800_mask.png,os
5,5,11,10,261,135,272,145,261,135,272,135,272,145,261,145,sub_line_text,table_text,table_0,courier,regular,10.0,19co3fig2_20211228_164158_8480537910_600_800.png,/scratch/parceirosbr/bigoilict/share/BigOil/document_generator/datasets/documents_2021_12_28/19co3fig2_20211228_164158_8480537910_600_800.png,19co3fig2_20211228_164158_8480537910_600_800_mask.png,os
11,5,23,10,255,149,278,159,255,149,278,149,278,159,255,159,text,table_text,table_0,courier,regular,10.0,19co3fig2_20211228_164158_8480537910_600_800.png,/scratch/parceirosbr/bigoilict/share/BigOil/document_generator/datasets/documents_2021_12_28/19co3fig2_20211228_164158_8480537910_600_800.png,19co3fig2_20211228_164158_8480537910_600_800_mask.png,pelo
11,5,23,10,255,149,278,159,255,149,278,149,278,159,255,159,sub_line_text,table_text,table_0,courier,regular,10.0,19co3fig2_20211228_164158_8480537910_600_800.png,/scratch/parceirosbr/bigoilict/share/BigOil/document_generator/datasets/documents_2021_12_28/19co3fig2_20211228_164158_8480537910_600_800.png,19co3fig2_20211228_164158_8480537910_600_800_mask.png,pelo
5,5,11,10,261,163,272,173,261,163,272,163,272,173,261,173,text,table_text,table_0,courier,regular,10.0,19co3fig2_20211228_164158_8480537910_600_800.png,/scratch/parceirosbr/bigoilict/share/BigOil/document_generator/datasets/documents_2021_12_28/19co3fig2_20211228_164158_8480537910_600_800.png,19co3fig2_20211228_164158_8480537910_600_800_mask.png,no
5,5,11,10,261,163,272,173,261,163,272,163,272,173,261,173,sub_line_text,table_text,table_0,courier,regular,10.0,19co3fig2_20211228_164158_8480537910_600_800.png,/scratch/parceirosbr/bigoilict/share/BigOil/document_generator/datasets/documents_2021_12_28/19co3fig2_20211228_164158_8480537910_600_800.png,19co3fig2_20211228_164158_8480537910_600_800_mask.png,no
14,5,29,10,252,176,281,186,252,176,281,176,281,186,252,186,text,table_text,table_0,courier,regular,10.0,19co3fig2_20211228_164158_8480537910_600_800.png,/scratch/parceirosbr/bigoilict/share/BigOil/document_generator/datasets/documents_2021_12_28/19co3fig2_20211228_164158_8480537910_600_800.png,19co3fig2_20211228_164158_8480537910_600_800_mask.png,tanto
14,5,29,10,252,176,281,186,252,176,281,176,281,186,252,186,sub_line_text,table_text,table_0,courier,regular,10.0,19co3fig2_20211228_164158_8480537910_600_800.png,/scratch/parceirosbr/bigoilict/share/BigOil/document_generator/datasets/documents_2021_12_28/19co3fig2_20211228_164158_8480537910_600_800.png,19co3fig2_20211228_164158_8480537910_600_800_mask.png,tanto
8,5,17,10,258,190,275,200,258,190,275,190,275,200,258,200,text,table_text,table_0,courier,regular,10.0,19co3fig2_20211228_164158_8480537910_600_800.png,/scratch/parceirosbr/bigoilict/share/BigOil/document_generator/datasets/documents_2021_12_28/19co3fig2_20211228_164158_8480537910_600_800.png,19co3fig2_20211228_164158_8480537910_600_800_mask.png,que
8,5,17,10,258,190,275,200,258,190,275,190,275,200,258,200,sub_line_text,table_text,table_0,courier,regular,10.0,19co3fig2_20211228_164158_8480537910_600_800.png,/scratch/parceirosbr/bigoilict/share/BigOil/document_generator/datasets/documents_2021_12_28/19co3fig2_20211228_164158_8480537910_600_800.png,19co3fig2_20211228_164158_8480537910_600_800_mask.png,que
11,5,23,10,255,203,278,213,255,203,278,203,278,213,255,213,text,table_text,table_0,courier,regular,10.0,19co3fig2_20211228_164158_8480537910_600_800.png,/scratch/parceirosbr/bigoilict/share/BigOil/document_generator/datasets/documents_2021_12_28/19co3fig2_20211228_164158_8480537910_600_800.png,19co3fig2_20211228_164158_8480537910_600_800_mask.png,pelo
11,5,23,10,255,203,278,213,255,203,278,203,278,213,255,213,sub_line_text,table_text,table_0,courier,regular,10.0,19co3fig2_20211228_164158_8480537910_600_800.png,/scratch/parceirosbr/bigoilict/share/BigOil/document_generator/datasets/documents_2021_12_28/19co3fig2_20211228_164158_8480537910_600_800.png,19co3fig2_20211228_164158_8480537910_600_800_mask.png,pelo
14,5,29,10,252,217,281,227,252,217,281,217,281,227,252,227,text,table_text,table_0,courier,regular,10.0,19co3fig2_20211228_164158_8480537910_600_800.png,/scratch/parceirosbr/bigoilict/share/BigOil/document_generator/datasets/documents_2021_12_28/19co3fig2_20211228_164158_8480537910_600_800.png,19co3fig2_20211228_164158_8480537910_600_800_mask.png,épela
14,5,29,10,252,217,281,227,252,217,281,217,281,227,252,227,sub_line_text,table_text,table_0,courier,regular,10.0,19co3fig2_20211228_164158_8480537910_600_800.png,/scratch/parceirosbr/bigoilict/share/BigOil/document_generator/datasets/documents_2021_12_28/19co3fig2_20211228_164158_8480537910_600_800.png,19co3fig2_20211228_164158_8480537910_600_800_mask.png,épela
8,5,17,10,258,230,275,240,258,230,275,230,275,240,258,240,text,table_text,table_0,courier,regular,10.0,19co3fig2_20211228_164158_8480537910_600_800.png,/scratch/parceirosbr/bigoilict/share/BigOil/document_generator/datasets/documents_2021_12_28/19co3fig2_20211228_164158_8480537910_600_800.png,19co3fig2_20211228_164158_8480537910_600_800_mask.png,por
8,5,17,10,258,230,275,240,258,230,275,230,275,240,258,240,sub_line_text,table_text,table_0,courier,regular,10.0,19co3fig2_20211228_164158_8480537910_600_800.png,/scratch/parceirosbr/bigoilict/share/BigOil/document_generator/datasets/documents_2021_12_28/19co3fig2_20211228_164158_8480537910_600_800.png,19co3fig2_20211228_164158_8480537910_600_800_mask.png,por
8,5,17,10,258,244,275,254,258,244,275,244,275,254,258,254,text,table_text,table_0,courier,regular,10.0,19co3fig2_20211228_164158_8480537910_600_800.png,/scratch/parceirosbr/bigoilict/share/BigOil/document_generator/datasets/documents_2021_12_28/19co3fig2_20211228_164158_8480537910_600_800.png,19co3fig2_20211228_164158_8480537910_600_800_mask.png,uma
8,5,17,10,258,244,275,254,258,244,275,244,275,254,258,254,sub_line_text,table_text,table_0,courier,regular,10.0,19co3fig2_20211228_164158_8480537910_600_800.png,/scratch/parceirosbr/bigoilict/share/BigOil/document_generator/datasets/documents_2021_12_28/19co3fig2_20211228_164158_8480537910_600_800.png,19co3fig2_20211228_164158_8480537910_600_800_mask.png,uma
11,5,23,10,255,258,278,268,255,258,278,258,278,268,255,268,text,table_text,table_0,courier,regular,10.0,19co3fig2_20211228_164158_8480537910_600_800.png,/scratch/parceirosbr/bigoilict/share/BigOil/document_generator/datasets/documents_2021_12_28/19co3fig2_20211228_164158_8480537910_600_800.png,19co3fig2_20211228_164158_8480537910_600_800_mask.png,mais
11,5,23,10,255,258,278,268,255,258,278,258,278,268,255,268,sub_line_text,table_text,table_0,courier,regular,10.0,19co3fig2_20211228_164158_8480537910_600_800.png,/scratch/parceirosbr/bigoilict/share/BigOil/document_generator/datasets/documents_2021_12_28/19co3fig2_20211228_164158_8480537910_600_800.png,19co3fig2_20211228_164158_8480537910_600_800_mask.png,mais
14,5,29,10,252,271,281,281,252,271,281,271,281,281,252,281,text,table_text,table_0,courier,regular,10.0,19co3fig2_20211228_164158_8480537910_600_800.png,/scratch/parceirosbr/bigoilict/share/BigOil/document_generator/datasets/documents_2021_12_28/19co3fig2_20211228_164158_8480537910_600_800.png,19co3fig2_20211228_164158_8480537910_600_800_mask.png,ideal
14,5,29,10,252,271,281,281,252,271,281,271,281,281,252,281,sub_line_text,table_text,table_0,courier,regular,10.0,19co3fig2_20211228_164158_8480537910_600_800.png,/scratch/parceirosbr/bigoilict/share/BigOil/document_generator/datasets/documents_2021_12_28/19co3fig2_20211228_164158_8480537910_600_800.png,19co3fig2_20211228_164158_8480537910_600_800_mask.png,ideal
92,5,185,10,315,83,500,93,315,83,500,83,500,93,315,93,sub_line_text,figure_legend,figure_0,opensans,bolditalic,8,19co3fig2_20211228_164158_8480537910_600_800.png,/scratch/parceirosbr/bigoilict/share/BigOil/document_generator/datasets/documents_2021_12_28/19co3fig2_20211228_164158_8480537910_600_800.png,19co3fig2_20211228_164158_8480537910_600_800_mask.png,"Fig.    29:       De   maneira   contrária,   a   incerteza"
92,5,185,10,315,99,500,109,315,99,500,99,500,109,315,109,sub_line_text,figure_legend,figure_0,opensans,bolditalic,8,19co3fig2_20211228_164158_8480537910_600_800.png,/scratch/parceirosbr/bigoilict/share/BigOil/document_generator/datasets/documents_2021_12_28/19co3fig2_20211228_164158_8480537910_600_800.png,19co3fig2_20211228_164158_8480537910_600_800_mask.png,técnica   não   é   correlacionada   aos  moviment-
44,5,89,10,315,115,404,125,315,115,404,115,404,125,315,125,sub_line_text,figure_legend,figure_0,opensans,bolditalic,8,19co3fig2_20211228_164158_8480537910_600_800.png,/scratch/parceirosbr/bigoilict/share/BigOil/document_generator/datasets/documents_2021_12_28/19co3fig2_20211228_164158_8480537910_600_800.png,19co3fig2_20211228_164158_8480537910_600_800_mask.png,"os econômicos, ou seja,"
92,21,185,42,315,83,500,125,315,83,500,83,500,125,315,125,text,figure_legend,figure_0,opensans,bolditalic,8,19co3fig2_20211228_164158_8480537910_600_800.png,/scratch/parceirosbr/bigoilict/share/BigOil/document_generator/datasets/documents_2021_12_28/19co3fig2_20211228_164158_8480537910_600_800.png,19co3fig2_20211228_164158_8480537910_600_800_mask.png,nan
66,66,132,132,369,130,501,262,369,130,501,130,501,262,369,262,image,figure_image,figure_0,,,,19co3fig2_20211228_164158_8480537910_600_800.png,/scratch/parceirosbr/bigoilict/share/BigOil/document_generator/datasets/documents_2021_12_28/19co3fig2_20211228_164158_8480537910_600_800.png,19co3fig2_20211228_164158_8480537910_600_800_mask.png,output/gen_img_20211228_164200_6862367974.png
11,0,23,-1,378,138,401,137,378,133,402,138,401,142,377,137,text,figure_text,figure_0,,,,19co3fig2_20211228_164158_8480537910_600_800.png,/scratch/parceirosbr/bigoilict/share/BigOil/document_generator/datasets/documents_2021_12_28/19co3fig2_20211228_164158_8480537910_600_800.png,19co3fig2_20211228_164158_8480537910_600_800_mask.png,Simulation
11,0,23,-1,378,138,401,137,378,133,402,138,401,142,377,137,sub_line_text,figure_text,figure_0,,,,19co3fig2_20211228_164158_8480537910_600_800.png,/scratch/parceirosbr/bigoilict/share/BigOil/document_generator/datasets/documents_2021_12_28/19co3fig2_20211228_164158_8480537910_600_800.png,19co3fig2_20211228_164158_8480537910_600_800_mask.png,Simulation
9,4,19,9,467,234,486,243,467,238,485,234,486,239,468,243,text,figure_text,figure_0,,,,19co3fig2_20211228_164158_8480537910_600_800.png,/scratch/parceirosbr/bigoilict/share/BigOil/document_generator/datasets/documents_2021_12_28/19co3fig2_20211228_164158_8480537910_600_800.png,19co3fig2_20211228_164158_8480537910_600_800_mask.png,Graphic
9,4,19,9,467,234,486,243,467,238,485,234,486,239,468,243,sub_line_text,figure_text,figure_0,,,,19co3fig2_20211228_164158_8480537910_600_800.png,/scratch/parceirosbr/bigoilict/share/BigOil/document_generator/datasets/documents_2021_12_28/19co3fig2_20211228_164158_8480537910_600_800.png,19co3fig2_20211228_164158_8480537910_600_800_mask.png,Graphic
9,1,19,3,423,248,442,251,423,246,443,248,442,254,422,251,text,figure_text,figure_0,,,,19co3fig2_20211228_164158_8480537910_600_800.png,/scratch/parceirosbr/bigoilict/share/BigOil/document_generator/datasets/documents_2021_12_28/19co3fig2_20211228_164158_8480537910_600_800.png,19co3fig2_20211228_164158_8480537910_600_800_mask.png,Liters [L]
9,1,19,3,423,248,442,251,423,246,443,248,442,254,422,251,sub_line_text,figure_text,figure_0,,,,19co3fig2_20211228_164158_8480537910_600_800.png,/scratch/parceirosbr/bigoilict/share/BigOil/document_generator/datasets/documents_2021_12_28/19co3fig2_20211228_164158_8480537910_600_800.png,19co3fig2_20211228_164158_8480537910_600_800_mask.png,Liters [L]
13,4,26,9,436,217,462,226,436,221,461,217,462,222,436,226,text,figure_text,figure_0,,,,19co3fig2_20211228_164158_8480537910_600_800.png,/scratch/parceirosbr/bigoilict/share/BigOil/document_generator/datasets/documents_2021_12_28/19co3fig2_20211228_164158_8480537910_600_800.png,19co3fig2_20211228_164158_8480537910_600_800_mask.png,-2466.23%
13,4,26,9,436,217,462,226,436,221,461,217,462,222,436,226,sub_line_text,figure_text,figure_0,,,,19co3fig2_20211228_164158_8480537910_600_800.png,/scratch/parceirosbr/bigoilict/share/BigOil/document_generator/datasets/documents_2021_12_28/19co3fig2_20211228_164158_8480537910_600_800.png,19co3fig2_20211228_164158_8480537910_600_800_mask.png,-2466.23%
13,5,26,11,380,245,406,256,380,251,405,245,406,249,381,256,text,figure_text,figure_0,,,,19co3fig2_20211228_164158_8480537910_600_800.png,/scratch/parceirosbr/bigoilict/share/BigOil/document_generator/datasets/documents_2021_12_28/19co3fig2_20211228_164158_8480537910_600_800.png,19co3fig2_20211228_164158_8480537910_600_800_mask.png,-4874.71%
13,5,26,11,380,245,406,256,380,251,405,245,406,249,381,256,sub_line_text,figure_text,figure_0,,,,19co3fig2_20211228_164158_8480537910_600_800.png,/scratch/parceirosbr/bigoilict/share/BigOil/document_generator/datasets/documents_2021_12_28/19co3fig2_20211228_164158_8480537910_600_800.png,19co3fig2_20211228_164158_8480537910_600_800_mask.png,-4874.71%
11,2,22,5,453,196,475,201,453,196,475,196,475,201,453,201,text,figure_text,figure_0,,,,19co3fig2_20211228_164158_8480537910_600_800.png,/scratch/parceirosbr/bigoilict/share/BigOil/document_generator/datasets/documents_2021_12_28/19co3fig2_20211228_164158_8480537910_600_800.png,19co3fig2_20211228_164158_8480537910_600_800_mask.png,-3731.9%
11,2,22,5,453,196,475,201,453,196,475,196,475,201,453,201,sub_line_text,figure_text,figure_0,,,,19co3fig2_20211228_164158_8480537910_600_800.png,/scratch/parceirosbr/bigoilict/share/BigOil/document_generator/datasets/documents_2021_12_28/19co3fig2_20211228_164158_8480537910_600_800.png,19co3fig2_20211228_164158_8480537910_600_800_mask.png,-3731.9%
15,3,31,6,377,152,408,158,377,152,408,152,408,158,376,158,text,figure_text,figure_0,,,,19co3fig2_20211228_164158_8480537910_600_800.png,/scratch/parceirosbr/bigoilict/share/BigOil/document_generator/datasets/documents_2021_12_28/19co3fig2_20211228_164158_8480537910_600_800.png,19co3fig2_20211228_164158_8480537910_600_800_mask.png,Demand [TB]
15,3,31,6,377,152,408,158,377,152,408,152,408,158,376,158,sub_line_text,figure_text,figure_0,,,,19co3fig2_20211228_164158_8480537910_600_800.png,/scratch/parceirosbr/bigoilict/share/BigOil/document_generator/datasets/documents_2021_12_28/19co3fig2_20211228_164158_8480537910_600_800.png,19co3fig2_20211228_164158_8480537910_600_800_mask.png,Demand [TB]
12,3,24,7,372,228,396,235,372,229,396,228,396,234,373,235,text,figure_text,figure_0,,,,19co3fig2_20211228_164158_8480537910_600_800.png,/scratch/parceirosbr/bigoilict/share/BigOil/document_generator/datasets/documents_2021_12_28/19co3fig2_20211228_164158_8480537910_600_800.png,19co3fig2_20211228_164158_8480537910_600_800_mask.png,Power (F)
12,3,24,7,372,228,396,235,372,229,396,228,396,234,373,235,sub_line_text,figure_text,figure_0,,,,19co3fig2_20211228_164158_8480537910_600_800.png,/scratch/parceirosbr/bigoilict/share/BigOil/document_generator/datasets/documents_2021_12_28/19co3fig2_20211228_164158_8480537910_600_800.png,19co3fig2_20211228_164158_8480537910_600_800_mask.png,Power (F)
11,-1,23,-2,428,150,451,148,428,143,452,150,451,154,426,148,text,figure_text,figure_0,,,,19co3fig2_20211228_164158_8480537910_600_800.png,/scratch/parceirosbr/bigoilict/share/BigOil/document_generator/datasets/documents_2021_12_28/19co3fig2_20211228_164158_8480537910_600_800.png,19co3fig2_20211228_164158_8480537910_600_800_mask.png,Production
11,-1,23,-2,428,150,451,148,428,143,452,150,451,154,426,148,sub_line_text,figure_text,figure_0,,,,19co3fig2_20211228_164158_8480537910_600_800.png,/scratch/parceirosbr/bigoilict/share/BigOil/document_generator/datasets/documents_2021_12_28/19co3fig2_20211228_164158_8480537910_600_800.png,19co3fig2_20211228_164158_8480537910_600_800_mask.png,Production
10,0,20,1,404,234,424,235,404,229,425,234,424,239,402,235,text,figure_text,figure_0,,,,19co3fig2_20211228_164158_8480537910_600_800.png,/scratch/parceirosbr/bigoilict/share/BigOil/document_generator/datasets/documents_2021_12_28/19co3fig2_20211228_164158_8480537910_600_800.png,19co3fig2_20211228_164158_8480537910_600_800_mask.png,Level (kl)
10,0,20,1,404,234,424,235,404,229,425,234,424,239,402,235,sub_line_text,figure_text,figure_0,,,,19co3fig2_20211228_164158_8480537910_600_800.png,/scratch/parceirosbr/bigoilict/share/BigOil/document_generator/datasets/documents_2021_12_28/19co3fig2_20211228_164158_8480537910_600_800.png,19co3fig2_20211228_164158_8480537910_600_800_mask.png,Level (kl)
12,2,24,4,463,181,487,185,463,180,487,181,487,186,463,185,text,figure_text,figure_0,,,,19co3fig2_20211228_164158_8480537910_600_800.png,/scratch/parceirosbr/bigoilict/share/BigOil/document_generator/datasets/documents_2021_12_28/19co3fig2_20211228_164158_8480537910_600_800.png,19co3fig2_20211228_164158_8480537910_600_800_mask.png,-3592.760
12,2,24,4,463,181,487,185,463,180,487,181,487,186,463,185,sub_line_text,figure_text,figure_0,,,,19co3fig2_20211228_164158_8480537910_600_800.png,/scratch/parceirosbr/bigoilict/share/BigOil/document_generator/datasets/documents_2021_12_28/19co3fig2_20211228_164158_8480537910_600_800.png,19co3fig2_20211228_164158_8480537910_600_800_mask.png,-3592.760
10,0,20,-1,463,155,483,154,463,150,484,155,483,159,462,154,text,figure_text,figure_0,,,,19co3fig2_20211228_164158_8480537910_600_800.png,/scratch/parceirosbr/bigoilict/share/BigOil/document_generator/datasets/documents_2021_12_28/19co3fig2_20211228_164158_8480537910_600_800.png,19co3fig2_20211228_164158_8480537910_600_800_mask.png,-9301.76
10,0,20,-1,463,155,483,154,463,150,484,155,483,159,462,154,sub_line_text,figure_text,figure_0,,,,19co3fig2_20211228_164158_8480537910_600_800.png,/scratch/parceirosbr/bigoilict/share/BigOil/document_generator/datasets/documents_2021_12_28/19co3fig2_20211228_164158_8480537910_600_800.png,19co3fig2_20211228_164158_8480537910_600_800_mask.png,-9301.76
9,2,18,5,431,156,449,161,431,156,449,156,449,160,431,161,text,figure_text,figure_0,,,,19co3fig2_20211228_164158_8480537910_600_800.png,/scratch/parceirosbr/bigoilict/share/BigOil/document_generator/datasets/documents_2021_12_28/19co3fig2_20211228_164158_8480537910_600_800.png,19co3fig2_20211228_164158_8480537910_600_800_mask.png,-4091%
9,2,18,5,431,156,449,161,431,156,449,156,449,160,431,161,sub_line_text,figure_text,figure_0,,,,19co3fig2_20211228_164158_8480537910_600_800.png,/scratch/parceirosbr/bigoilict/share/BigOil/document_generator/datasets/documents_2021_12_28/19co3fig2_20211228_164158_8480537910_600_800.png,19co3fig2_20211228_164158_8480537910_600_800_mask.png,-4091%
12,2,25,4,371,162,396,166,371,160,397,162,396,168,371,166,text,figure_text,figure_0,,,,19co3fig2_20211228_164158_8480537910_600_800.png,/scratch/parceirosbr/bigoilict/share/BigOil/document_generator/datasets/documents_2021_12_28/19co3fig2_20211228_164158_8480537910_600_800.png,19co3fig2_20211228_164158_8480537910_600_800_mask.png,Liters (ML)
12,2,25,4,371,162,396,166,371,160,397,162,396,168,371,166,sub_line_text,figure_text,figure_0,,,,19co3fig2_20211228_164158_8480537910_600_800.png,/scratch/parceirosbr/bigoilict/share/BigOil/document_generator/datasets/documents_2021_12_28/19co3fig2_20211228_164158_8480537910_600_800.png,19co3fig2_20211228_164158_8480537910_600_800_mask.png,Liters (ML)
19,6,38,13,455,246,493,259,455,253,492,246,493,252,456,259,text,figure_text,figure_0,,,,19co3fig2_20211228_164158_8480537910_600_800.png,/scratch/parceirosbr/bigoilict/share/BigOil/document_generator/datasets/documents_2021_12_28/19co3fig2_20211228_164158_8480537910_600_800.png,19co3fig2_20211228_164158_8480537910_600_800_mask.png,Processing [KB]
19,6,38,13,455,246,493,259,455,253,492,246,493,252,456,259,sub_line_text,figure_text,figure_0,,,,19co3fig2_20211228_164158_8480537910_600_800.png,/scratch/parceirosbr/bigoilict/share/BigOil/document_generator/datasets/documents_2021_12_28/19co3fig2_20211228_164158_8480537910_600_800.png,19co3fig2_20211228_164158_8480537910_600_800_mask.png,Processing [KB]
11,0,23,1,375,218,398,219,375,215,399,218,398,223,374,219,text,figure_text,figure_0,,,,19co3fig2_20211228_164158_8480537910_600_800.png,/scratch/parceirosbr/bigoilict/share/BigOil/document_generator/datasets/documents_2021_12_28/19co3fig2_20211228_164158_8480537910_600_800.png,19co3fig2_20211228_164158_8480537910_600_800_mask.png,-6041.634
11,0,23,1,375,218,398,219,375,215,399,218,398,223,374,219,sub_line_text,figure_text,figure_0,,,,19co3fig2_20211228_164158_8480537910_600_800.png,/scratch/parceirosbr/bigoilict/share/BigOil/document_generator/datasets/documents_2021_12_28/19co3fig2_20211228_164158_8480537910_600_800.png,19co3fig2_20211228_164158_8480537910_600_800_mask.png,-6041.634
12,1,24,3,389,200,413,203,389,197,414,200,413,205,388,203,text,figure_text,figure_0,,,,19co3fig2_20211228_164158_8480537910_600_800.png,/scratch/parceirosbr/bigoilict/share/BigOil/document_generator/datasets/documents_2021_12_28/19co3fig2_20211228_164158_8480537910_600_800.png,19co3fig2_20211228_164158_8480537910_600_800_mask.png,Population
12,1,24,3,389,200,413,203,389,197,414,200,413,205,388,203,sub_line_text,figure_text,figure_0,,,,19co3fig2_20211228_164158_8480537910_600_800.png,/scratch/parceirosbr/bigoilict/share/BigOil/document_generator/datasets/documents_2021_12_28/19co3fig2_20211228_164158_8480537910_600_800.png,19co3fig2_20211228_164158_8480537910_600_800_mask.png,Population
9,1,18,3,403,142,421,145,403,140,421,142,421,147,403,145,text,figure_text,figure_0,,,,19co3fig2_20211228_164158_8480537910_600_800.png,/scratch/parceirosbr/bigoilict/share/BigOil/document_generator/datasets/documents_2021_12_28/19co3fig2_20211228_164158_8480537910_600_800.png,19co3fig2_20211228_164158_8480537910_600_800_mask.png,-8745.6
9,1,18,3,403,142,421,145,403,140,421,142,421,147,403,145,sub_line_text,figure_text,figure_0,,,,19co3fig2_20211228_164158_8480537910_600_800.png,/scratch/parceirosbr/bigoilict/share/BigOil/document_generator/datasets/documents_2021_12_28/19co3fig2_20211228_164158_8480537910_600_800.png,19co3fig2_20211228_164158_8480537910_600_800_mask.png,-8745.6
9,4,19,9,439,179,458,188,439,183,457,179,458,184,440,188,text,figure_text,figure_0,,,,19co3fig2_20211228_164158_8480537910_600_800.png,/scratch/parceirosbr/bigoilict/share/BigOil/document_generator/datasets/documents_2021_12_28/19co3fig2_20211228_164158_8480537910_600_800.png,19co3fig2_20211228_164158_8480537910_600_800_mask.png,-3321.1
9,4,19,9,439,179,458,188,439,183,457,179,458,184,440,188,sub_line_text,figure_text,figure_0,,,,19co3fig2_20211228_164158_8480537910_600_800.png,/scratch/parceirosbr/bigoilict/share/BigOil/document_generator/datasets/documents_2021_12_28/19co3fig2_20211228_164158_8480537910_600_800.png,19co3fig2_20211228_164158_8480537910_600_800_mask.png,-3321.1
64,6,129,13,75,305,204,318,75,305,204,305,204,318,75,318,sub_line_text,text,text_0,opensans,regular,10,19co3fig2_20211228_164158_8480537910_600_800.png,/scratch/parceirosbr/bigoilict/share/BigOil/document_generator/datasets/documents_2021_12_28/19co3fig2_20211228_164158_8480537910_600_800.png,19co3fig2_20211228_164158_8480537910_600_800_mask.png,The  mathematical relatio-
76,6,152,13,54,326,206,339,54,326,206,326,206,339,54,339,sub_line_text,text,text_0,opensans,regular,10,19co3fig2_20211228_164158_8480537910_600_800.png,/scratch/parceirosbr/bigoilict/share/BigOil/document_generator/datasets/documents_2021_12_28/19co3fig2_20211228_164158_8480537910_600_800.png,19co3fig2_20211228_164158_8480537910_600_800_mask.png,nship  between  these two vari-
75,6,151,13,54,347,205,360,54,347,205,347,205,360,54,360,sub_line_text,text,text_0,opensans,regular,10,19co3fig2_20211228_164158_8480537910_600_800.png,/scratch/parceirosbr/bigoilict/share/BigOil/document_generator/datasets/documents_2021_12_28/19co3fig2_20211228_164158_8480537910_600_800.png,19co3fig2_20211228_164158_8480537910_600_800_mask.png,ables  is  known as the flow eq-
75,6,150,13,54,368,204,381,54,368,204,368,204,381,54,381,sub_line_text,text,text_0,opensans,regular,10,19co3fig2_20211228_164158_8480537910_600_800.png,/scratch/parceirosbr/bigoilict/share/BigOil/document_generator/datasets/documents_2021_12_28/19co3fig2_20211228_164158_8480537910_600_800.png,19co3fig2_20211228_164158_8480537910_600_800_mask.png,uation  and their graphical rep-
76,6,152,13,54,389,206,402,54,389,206,389,206,402,54,402,sub_line_text,text,text_0,opensans,regular,10,19co3fig2_20211228_164158_8480537910_600_800.png,/scratch/parceirosbr/bigoilict/share/BigOil/document_generator/datasets/documents_2021_12_28/19co3fig2_20211228_164158_8480537910_600_800.png,19co3fig2_20211228_164158_8480537910_600_800_mask.png,resentation  is  known as the fl-
76,6,152,13,54,410,206,423,54,410,206,410,206,423,54,423,sub_line_text,text,text_0,opensans,regular,10,19co3fig2_20211228_164158_8480537910_600_800.png,/scratch/parceirosbr/bigoilict/share/BigOil/document_generator/datasets/documents_2021_12_28/19co3fig2_20211228_164158_8480537910_600_800.png,19co3fig2_20211228_164158_8480537910_600_800_mask.png,ow   curve.  As  ferramentas  de
73,6,147,13,54,431,201,444,54,431,201,431,201,444,54,444,sub_line_text,text,text_0,opensans,regular,10,19co3fig2_20211228_164158_8480537910_600_800.png,/scratch/parceirosbr/bigoilict/share/BigOil/document_generator/datasets/documents_2021_12_28/19co3fig2_20211228_164158_8480537910_600_800.png,19co3fig2_20211228_164158_8480537910_600_800_mask.png,coleta compreendem tipos de.
76,69,152,139,54,305,206,444,54,305,206,305,206,444,54,444,text,text,text_0,opensans,regular,10,19co3fig2_20211228_164158_8480537910_600_800.png,/scratch/parceirosbr/bigoilict/share/BigOil/document_generator/datasets/documents_2021_12_28/19co3fig2_20211228_164158_8480537910_600_800.png,19co3fig2_20211228_164158_8480537910_600_800_mask.png,nan
65,6,130,13,75,452,205,465,75,452,205,452,205,465,75,465,sub_line_text,text,text_1,opensans,regular,10,19co3fig2_20211228_164158_8480537910_600_800.png,/scratch/parceirosbr/bigoilict/share/BigOil/document_generator/datasets/documents_2021_12_28/19co3fig2_20211228_164158_8480537910_600_800.png,19co3fig2_20211228_164158_8480537910_600_800_mask.png,Figure  19  shows  the  13C
75,6,151,13,54,473,205,486,54,473,205,473,205,486,54,486,sub_line_text,text,text_1,opensans,regular,10,19co3fig2_20211228_164158_8480537910_600_800.png,/scratch/parceirosbr/bigoilict/share/BigOil/document_generator/datasets/documents_2021_12_28/19co3fig2_20211228_164158_8480537910_600_800.png,19co3fig2_20211228_164158_8480537910_600_800_mask.png,and  135 spectra of the produc-
75,6,151,13,54,494,205,507,54,494,205,494,205,507,54,507,sub_line_text,text,text_1,opensans,regular,10,19co3fig2_20211228_164158_8480537910_600_800.png,/scratch/parceirosbr/bigoilict/share/BigOil/document_generator/datasets/documents_2021_12_28/19co3fig2_20211228_164158_8480537910_600_800.png,19co3fig2_20211228_164158_8480537910_600_800_mask.png,ts  of  the  glycerol  etherificati-
75,6,150,13,54,515,204,528,54,515,204,515,204,528,54,528,sub_line_text,text,text_1,opensans,regular,10,19co3fig2_20211228_164158_8480537910_600_800.png,/scratch/parceirosbr/bigoilict/share/BigOil/document_generator/datasets/documents_2021_12_28/19co3fig2_20211228_164158_8480537910_600_800.png,19co3fig2_20211228_164158_8480537910_600_800_mask.png,on  reaction with tert-butyl alc-
69,6,138,13,54,536,192,549,54,536,192,536,192,549,54,549,sub_line_text,text,text_1,opensans,regular,10,19co3fig2_20211228_164158_8480537910_600_800.png,/scratch/parceirosbr/bigoilict/share/BigOil/document_generator/datasets/documents_2021_12_28/19co3fig2_20211228_164158_8480537910_600_800.png,19co3fig2_20211228_164158_8480537910_600_800_mask.png,ohol for the time of 16h. 38..
75,48,151,97,54,452,205,549,54,452,205,452,205,549,54,549,text,text,text_1,opensans,regular,10,19co3fig2_20211228_164158_8480537910_600_800.png,/scratch/parceirosbr/bigoilict/share/BigOil/document_generator/datasets/documents_2021_12_28/19co3fig2_20211228_164158_8480537910_600_800.png,19co3fig2_20211228_164158_8480537910_600_800_mask.png,nan
65,6,131,13,75,557,206,570,75,557,206,557,206,570,75,570,sub_line_text,text,text_2,opensans,regular,10,19co3fig2_20211228_164158_8480537910_600_800.png,/scratch/parceirosbr/bigoilict/share/BigOil/document_generator/datasets/documents_2021_12_28/19co3fig2_20211228_164158_8480537910_600_800.png,19co3fig2_20211228_164158_8480537910_600_800_mask.png,Cook  referente  ao modelo
75,6,151,13,54,578,205,591,54,578,205,578,205,591,54,591,sub_line_text,text,text_2,opensans,regular,10,19co3fig2_20211228_164158_8480537910_600_800.png,/scratch/parceirosbr/bigoilict/share/BigOil/document_generator/datasets/documents_2021_12_28/19co3fig2_20211228_164158_8480537910_600_800.png,19co3fig2_20211228_164158_8480537910_600_800_mask.png,com  distribuição e função de l-
76,6,152,13,54,599,206,612,54,599,206,599,206,612,54,612,sub_line_text,text,text_2,opensans,regular,10,19co3fig2_20211228_164158_8480537910_600_800.png,/scratch/parceirosbr/bigoilict/share/BigOil/document_generator/datasets/documents_2021_12_28/19co3fig2_20211228_164158_8480537910_600_800.png,19co3fig2_20211228_164158_8480537910_600_800_mask.png,igação  inversa  para  a espécie
72,6,144,13,54,620,198,633,54,620,198,620,198,633,54,633,sub_line_text,text,text_2,opensans,regular,10,19co3fig2_20211228_164158_8480537910_600_800.png,/scratch/parceirosbr/bigoilict/share/BigOil/document_generator/datasets/documents_2021_12_28/19co3fig2_20211228_164158_8480537910_600_800.png,19co3fig2_20211228_164158_8480537910_600_800_mask.png,batata (Lopholatilus villarii) c.
76,38,152,76,54,557,206,633,54,557,206,557,206,633,54,633,text,text,text_2,opensans,regular,10,19co3fig2_20211228_164158_8480537910_600_800.png,/scratch/parceirosbr/bigoilict/share/BigOil/document_generator/datasets/documents_2021_12_28/19co3fig2_20211228_164158_8480537910_600_800.png,19co3fig2_20211228_164158_8480537910_600_800_mask.png,nan
64,6,129,13,75,641,204,654,75,641,204,641,204,654,75,654,sub_line_text,text,text_3,opensans,regular,10,19co3fig2_20211228_164158_8480537910_600_800.png,/scratch/parceirosbr/bigoilict/share/BigOil/document_generator/datasets/documents_2021_12_28/19co3fig2_20211228_164158_8480537910_600_800.png,19co3fig2_20211228_164158_8480537910_600_800_mask.png,"No  entanto,  ele não pode"
75,6,150,13,54,662,204,675,54,662,204,662,204,675,54,675,sub_line_text,text,text_3,opensans,regular,10,19co3fig2_20211228_164158_8480537910_600_800.png,/scratch/parceirosbr/bigoilict/share/BigOil/document_generator/datasets/documents_2021_12_28/19co3fig2_20211228_164158_8480537910_600_800.png,19co3fig2_20211228_164158_8480537910_600_800_mask.png,ser  utilizado  para  construção
72,6,145,13,54,683,199,696,54,683,199,683,199,696,54,696,sub_line_text,text,text_3,opensans,regular,10,19co3fig2_20211228_164158_8480537910_600_800.png,/scratch/parceirosbr/bigoilict/share/BigOil/document_generator/datasets/documents_2021_12_28/19co3fig2_20211228_164158_8480537910_600_800.png,19co3fig2_20211228_164158_8480537910_600_800_mask.png,de edifícios e residências. No.
75,27,150,55,54,641,204,696,54,641,204,641,204,696,54,696,text,text,text_3,opensans,regular,10,19co3fig2_20211228_164158_8480537910_600_800.png,/scratch/parceirosbr/bigoilict/share/BigOil/document_generator/datasets/documents_2021_12_28/19co3fig2_20211228_164158_8480537910_600_800.png,19co3fig2_20211228_164158_8480537910_600_800_mask.png,nan
64,6,129,13,249,305,378,318,249,305,378,305,378,318,249,318,sub_line_text,text,text_4,opensans,regular,10,19co3fig2_20211228_164158_8480537910_600_800.png,/scratch/parceirosbr/bigoilict/share/BigOil/document_generator/datasets/documents_2021_12_28/19co3fig2_20211228_164158_8480537910_600_800.png,19co3fig2_20211228_164158_8480537910_600_800_mask.png,Estabelece  a  comercializ-
75,6,150,13,228,326,378,339,228,326,378,326,378,339,228,339,sub_line_text,text,text_4,opensans,regular,10,19co3fig2_20211228_164158_8480537910_600_800.png,/scratch/parceirosbr/bigoilict/share/BigOil/document_generator/datasets/documents_2021_12_28/19co3fig2_20211228_164158_8480537910_600_800.png,19co3fig2_20211228_164158_8480537910_600_800_mask.png,ação  no  país de óleos lubrific-
76,6,152,13,228,347,380,360,228,347,380,347,380,360,228,360,sub_line_text,text,text_4,opensans,regular,10,19co3fig2_20211228_164158_8480537910_600_800.png,/scratch/parceirosbr/bigoilict/share/BigOil/document_generator/datasets/documents_2021_12_28/19co3fig2_20211228_164158_8480537910_600_800.png,19co3fig2_20211228_164158_8480537910_600_800_mask.png,antes  básicos  de  origem naci-
76,6,152,13,228,368,380,381,228,368,380,368,380,381,228,381,sub_line_text,text,text_4,opensans,regular,10,19co3fig2_20211228_164158_8480537910_600_800.png,/scratch/parceirosbr/bigoilict/share/BigOil/document_generator/datasets/documents_2021_12_28/19co3fig2_20211228_164158_8480537910_600_800.png,19co3fig2_20211228_164158_8480537910_600_800_mask.png,"onal  e importados, de primeiro"
75,6,151,13,228,389,379,402,228,389,379,389,379,402,228,402,sub_line_text,text,text_4,opensans,regular,10,19co3fig2_20211228_164158_8480537910_600_800.png,/scratch/parceirosbr/bigoilict/share/BigOil/document_generator/datasets/documents_2021_12_28/19co3fig2_20211228_164158_8480537910_600_800.png,19co3fig2_20211228_164158_8480537910_600_800_mask.png,"refino  ou  rerrefinados,  deven-"
73,6,146,13,228,410,374,423,228,410,374,410,374,423,228,423,sub_line_text,text,text_4,opensans,regular,10,19co3fig2_20211228_164158_8480537910_600_800.png,/scratch/parceirosbr/bigoilict/share/BigOil/document_generator/datasets/documents_2021_12_28/19co3fig2_20211228_164158_8480537910_600_800.png,19co3fig2_20211228_164158_8480537910_600_800_mask.png,do observar as regras estabel.
76,59,152,118,228,305,380,423,228,305,380,305,380,423,228,423,text,text,text_4,opensans,regular,10,19co3fig2_20211228_164158_8480537910_600_800.png,/scratch/parceirosbr/bigoilict/share/BigOil/document_generator/datasets/documents_2021_12_28/19co3fig2_20211228_164158_8480537910_600_800.png,19co3fig2_20211228_164158_8480537910_600_800_mask.png,nan
17,8,34,17,288,431,322,448,288,431,322,431,322,448,288,448,sub_line_text,subsubtitle,subsubtitle_0,opensans,bold,13,19co3fig2_20211228_164158_8480537910_600_800.png,/scratch/parceirosbr/bigoilict/share/BigOil/document_generator/datasets/documents_2021_12_28/19co3fig2_20211228_164158_8480537910_600_800.png,19co3fig2_20211228_164158_8480537910_600_800_mask.png,Basic
17,8,34,17,288,431,322,448,288,431,322,431,322,448,288,448,title,subsubtitle,subsubtitle_0,opensans,bold,13,19co3fig2_20211228_164158_8480537910_600_800.png,/scratch/parceirosbr/bigoilict/share/BigOil/document_generator/datasets/documents_2021_12_28/19co3fig2_20211228_164158_8480537910_600_800.png,19co3fig2_20211228_164158_8480537910_600_800_mask.png,nan
64,6,129,13,249,457,378,470,249,457,378,457,378,470,249,470,sub_line_text,text,text_5,opensans,regular,10,19co3fig2_20211228_164158_8480537910_600_800.png,/scratch/parceirosbr/bigoilict/share/BigOil/document_generator/datasets/documents_2021_12_28/19co3fig2_20211228_164158_8480537910_600_800.png,19co3fig2_20211228_164158_8480537910_600_800_mask.png,Os  dados de entrada obti-
75,6,150,13,228,478,378,491,228,478,378,478,378,491,228,491,sub_line_text,text,text_5,opensans,regular,10,19co3fig2_20211228_164158_8480537910_600_800.png,/scratch/parceirosbr/bigoilict/share/BigOil/document_generator/datasets/documents_2021_12_28/19co3fig2_20211228_164158_8480537910_600_800.png,19co3fig2_20211228_164158_8480537910_600_800_mask.png,dos  pelos dados dos fabricant-
75,6,150,13,228,499,378,512,228,499,378,499,378,512,228,512,sub_line_text,text,text_5,opensans,regular,10,19co3fig2_20211228_164158_8480537910_600_800.png,/scratch/parceirosbr/bigoilict/share/BigOil/document_generator/datasets/documents_2021_12_28/19co3fig2_20211228_164158_8480537910_600_800.png,19co3fig2_20211228_164158_8480537910_600_800_mask.png,es  das  turbinas  são:  em  kW;
70,6,141,13,228,520,369,533,228,520,369,520,369,533,228,533,sub_line_text,text,text_5,opensans,regular,10,19co3fig2_20211228_164158_8480537910_600_800.png,/scratch/parceirosbr/bigoilict/share/BigOil/document_generator/datasets/documents_2021_12_28/19co3fig2_20211228_164158_8480537910_600_800.png,19co3fig2_20211228_164158_8480537910_600_800_mask.png,em kJ/kWh; dos de em C; dos.
75,38,150,76,228,457,378,533,228,457,378,457,378,533,228,533,text,text,text_5,opensans,regular,10,19co3fig2_20211228_164158_8480537910_600_800.png,/scratch/parceirosbr/bigoilict/share/BigOil/document_generator/datasets/documents_2021_12_28/19co3fig2_20211228_164158_8480537910_600_800.png,19co3fig2_20211228_164158_8480537910_600_800_mask.png,nan
65,6,130,13,249,541,379,554,249,541,379,541,379,554,249,554,sub_line_text,text,text_6,opensans,regular,10,19co3fig2_20211228_164158_8480537910_600_800.png,/scratch/parceirosbr/bigoilict/share/BigOil/document_generator/datasets/documents_2021_12_28/19co3fig2_20211228_164158_8480537910_600_800.png,19co3fig2_20211228_164158_8480537910_600_800_mask.png,Interviewee:  what  I  know
75,6,151,13,228,562,379,575,228,562,379,562,379,575,228,575,sub_line_text,text,text_6,opensans,regular,10,19co3fig2_20211228_164158_8480537910_600_800.png,/scratch/parceirosbr/bigoilict/share/BigOil/document_generator/datasets/documents_2021_12_28/19co3fig2_20211228_164158_8480537910_600_800.png,19co3fig2_20211228_164158_8480537910_600_800_mask.png,is  that  you are going to partic-
76,6,152,13,228,583,380,596,228,583,380,583,380,596,228,596,sub_line_text,text,text_6,opensans,regular,10,19co3fig2_20211228_164158_8480537910_600_800.png,/scratch/parceirosbr/bigoilict/share/BigOil/document_generator/datasets/documents_2021_12_28/19co3fig2_20211228_164158_8480537910_600_800.png,19co3fig2_20211228_164158_8480537910_600_800_mask.png,"ipate,  you  are  going  to be ah-"
76,6,152,13,228,604,380,617,228,604,380,604,380,617,228,617,sub_line_text,text,text_6,opensans,regular,10,19co3fig2_20211228_164158_8480537910_600_800.png,/scratch/parceirosbr/bigoilict/share/BigOil/document_generator/datasets/documents_2021_12_28/19co3fig2_20211228_164158_8480537910_600_800.png,19co3fig2_20211228_164158_8480537910_600_800_mask.png,ead   of  the  process  than  you
75,6,151,13,228,625,379,638,228,625,379,625,379,638,228,638,sub_line_text,text,text_6,opensans,regular,10,19co3fig2_20211228_164158_8480537910_600_800.png,/scratch/parceirosbr/bigoilict/share/BigOil/document_generator/datasets/documents_2021_12_28/19co3fig2_20211228_164158_8480537910_600_800.png,19co3fig2_20211228_164158_8480537910_600_800_mask.png,were  in  the previous text [em-
70,6,140,13,228,646,368,659,228,646,368,646,368,659,228,659,sub_line_text,text,text_6,opensans,regular,10,19co3fig2_20211228_164158_8480537910_600_800.png,/scratch/parceirosbr/bigoilict/share/BigOil/document_generator/datasets/documents_2021_12_28/19co3fig2_20211228_164158_8480537910_600_800.png,19co3fig2_20211228_164158_8480537910_600_800_mask.png,phasis added: from the draft.
76,59,152,118,228,541,380,659,228,541,380,541,380,659,228,659,text,text,text_6,opensans,regular,10,19co3fig2_20211228_164158_8480537910_600_800.png,/scratch/parceirosbr/bigoilict/share/BigOil/document_generator/datasets/documents_2021_12_28/19co3fig2_20211228_164158_8480537910_600_800.png,19co3fig2_20211228_164158_8480537910_600_800_mask.png,nan
65,6,130,13,249,667,379,680,249,667,379,667,379,680,249,680,sub_line_text,text,text_7,opensans,regular,10,19co3fig2_20211228_164158_8480537910_600_800.png,/scratch/parceirosbr/bigoilict/share/BigOil/document_generator/datasets/documents_2021_12_28/19co3fig2_20211228_164158_8480537910_600_800.png,19co3fig2_20211228_164158_8480537910_600_800_mask.png,"The  18 still shows that, al-"
73,6,146,13,228,688,374,701,228,688,374,688,374,701,228,701,sub_line_text,text,text_7,opensans,regular,10,19co3fig2_20211228_164158_8480537910_600_800.png,/scratch/parceirosbr/bigoilict/share/BigOil/document_generator/datasets/documents_2021_12_28/19co3fig2_20211228_164158_8480537910_600_800.png,19co3fig2_20211228_164158_8480537910_600_800_mask.png,though the usual withdrawals.
75,17,151,34,228,667,379,701,228,667,379,667,379,701,228,701,text,text,text_7,opensans,regular,10,19co3fig2_20211228_164158_8480537910_600_800.png,/scratch/parceirosbr/bigoilict/share/BigOil/document_generator/datasets/documents_2021_12_28/19co3fig2_20211228_164158_8480537910_600_800.png,19co3fig2_20211228_164158_8480537910_600_800_mask.png,nan
65,6,131,13,423,305,554,318,423,305,554,305,554,318,423,318,sub_line_text,text,text_8,opensans,regular,10,19co3fig2_20211228_164158_8480537910_600_800.png,/scratch/parceirosbr/bigoilict/share/BigOil/document_generator/datasets/documents_2021_12_28/19co3fig2_20211228_164158_8480537910_600_800.png,19co3fig2_20211228_164158_8480537910_600_800_mask.png,"Neste  caso,  coquinas  são"
76,6,152,13,402,326,554,339,402,326,554,326,554,339,402,339,sub_line_text,text,text_8,opensans,regular,10,19co3fig2_20211228_164158_8480537910_600_800.png,/scratch/parceirosbr/bigoilict/share/BigOil/document_generator/datasets/documents_2021_12_28/19co3fig2_20211228_164158_8480537910_600_800.png,19co3fig2_20211228_164158_8480537910_600_800_mask.png,acumulações  de  conchas de s-
76,6,152,13,402,347,554,360,402,347,554,347,554,360,402,360,sub_line_text,text,text_8,opensans,regular,10,19co3fig2_20211228_164158_8480537910_600_800.png,/scratch/parceirosbr/bigoilict/share/BigOil/document_generator/datasets/documents_2021_12_28/19co3fig2_20211228_164158_8480537910_600_800.png,19co3fig2_20211228_164158_8480537910_600_800_mask.png,"eres-vivos    invertebrados,   co-"
76,6,152,13,402,368,554,381,402,368,554,368,554,381,402,381,sub_line_text,text,text_8,opensans,regular,10,19co3fig2_20211228_164158_8480537910_600_800.png,/scratch/parceirosbr/bigoilict/share/BigOil/document_generator/datasets/documents_2021_12_28/19co3fig2_20211228_164158_8480537910_600_800.png,19co3fig2_20211228_164158_8480537910_600_800_mask.png,mo  bivalves  e  ostracodes. To-
72,6,144,13,402,389,546,402,402,389,546,389,546,402,402,402,sub_line_text,text,text_8,opensans,regular,10,19co3fig2_20211228_164158_8480537910_600_800.png,/scratch/parceirosbr/bigoilict/share/BigOil/document_generator/datasets/documents_2021_12_28/19co3fig2_20211228_164158_8480537910_600_800.png,19co3fig2_20211228_164158_8480537910_600_800_mask.png,"davia, essa classicacao4pode."
76,48,152,97,402,305,554,402,402,305,554,305,554,402,402,402,text,text,text_8,opensans,regular,10,19co3fig2_20211228_164158_8480537910_600_800.png,/scratch/parceirosbr/bigoilict/share/BigOil/document_generator/datasets/documents_2021_12_28/19co3fig2_20211228_164158_8480537910_600_800.png,19co3fig2_20211228_164158_8480537910_600_800_mask.png,nan
65,6,130,13,423,410,553,423,423,410,553,410,553,423,423,423,sub_line_text,text,text_9,opensans,regular,10,19co3fig2_20211228_164158_8480537910_600_800.png,/scratch/parceirosbr/bigoilict/share/BigOil/document_generator/datasets/documents_2021_12_28/19co3fig2_20211228_164158_8480537910_600_800.png,19co3fig2_20211228_164158_8480537910_600_800_mask.png,As   instalações  para  uma
76,6,152,13,402,431,554,444,402,431,554,431,554,444,402,444,sub_line_text,text,text_9,opensans,regular,10,19co3fig2_20211228_164158_8480537910_600_800.png,/scratch/parceirosbr/bigoilict/share/BigOil/document_generator/datasets/documents_2021_12_28/19co3fig2_20211228_164158_8480537910_600_800.png,19co3fig2_20211228_164158_8480537910_600_800_mask.png,injeção  de  gás  se diferenciam
76,6,152,13,402,452,554,465,402,452,554,452,554,465,402,465,sub_line_text,text,text_9,opensans,regular,10,19co3fig2_20211228_164158_8480537910_600_800.png,/scratch/parceirosbr/bigoilict/share/BigOil/document_generator/datasets/documents_2021_12_28/19co3fig2_20211228_164158_8480537910_600_800.png,19co3fig2_20211228_164158_8480537910_600_800_mask.png,basicamente   de  outros  siste-
76,6,152,13,402,473,554,486,402,473,554,473,554,486,402,486,sub_line_text,text,text_9,opensans,regular,10,19co3fig2_20211228_164158_8480537910_600_800.png,/scratch/parceirosbr/bigoilict/share/BigOil/document_generator/datasets/documents_2021_12_28/19co3fig2_20211228_164158_8480537910_600_800.png,19co3fig2_20211228_164158_8480537910_600_800_mask.png,mas  de  produção pela presen-
75,6,151,13,402,494,553,507,402,494,553,494,553,507,402,507,sub_line_text,text,text_9,opensans,regular,10,19co3fig2_20211228_164158_8480537910_600_800.png,/scratch/parceirosbr/bigoilict/share/BigOil/document_generator/datasets/documents_2021_12_28/19co3fig2_20211228_164158_8480537910_600_800.png,19co3fig2_20211228_164158_8480537910_600_800_mask.png,ça  de compressores e poços p-
76,6,152,13,402,515,554,528,402,515,554,515,554,528,402,528,sub_line_text,text,text_9,opensans,regular,10,19co3fig2_20211228_164158_8480537910_600_800.png,/scratch/parceirosbr/bigoilict/share/BigOil/document_generator/datasets/documents_2021_12_28/19co3fig2_20211228_164158_8480537910_600_800.png,19co3fig2_20211228_164158_8480537910_600_800_mask.png,ara  injeção  de  gás. Os memb-
74,6,148,13,402,536,550,549,402,536,550,536,550,549,402,549,sub_line_text,text,text_9,opensans,regular,10,19co3fig2_20211228_164158_8480537910_600_800.png,/scratch/parceirosbr/bigoilict/share/BigOil/document_generator/datasets/documents_2021_12_28/19co3fig2_20211228_164158_8480537910_600_800.png,19co3fig2_20211228_164158_8480537910_600_800_mask.png,"ros da comissão, em sua maio."
76,69,152,139,402,410,554,549,402,410,554,410,554,549,402,549,text,text,text_9,opensans,regular,10,19co3fig2_20211228_164158_8480537910_600_800.png,/scratch/parceirosbr/bigoilict/share/BigOil/document_generator/datasets/documents_2021_12_28/19co3fig2_20211228_164158_8480537910_600_800.png,19co3fig2_20211228_164158_8480537910_600_800_mask.png,nan
64,6,129,13,423,557,552,570,423,557,552,557,552,570,423,570,sub_line_text,text,text_10,opensans,regular,10,19co3fig2_20211228_164158_8480537910_600_800.png,/scratch/parceirosbr/bigoilict/share/BigOil/document_generator/datasets/documents_2021_12_28/19co3fig2_20211228_164158_8480537910_600_800.png,19co3fig2_20211228_164158_8480537910_600_800_mask.png,Apresentam  elevados teo-
75,6,151,13,402,578,553,591,402,578,553,578,553,591,402,591,sub_line_text,text,text_10,opensans,regular,10,19co3fig2_20211228_164158_8480537910_600_800.png,/scratch/parceirosbr/bigoilict/share/BigOil/document_generator/datasets/documents_2021_12_28/19co3fig2_20211228_164158_8480537910_600_800.png,19co3fig2_20211228_164158_8480537910_600_800_mask.png,res  de carbonato e matéria or-
76,6,152,13,402,599,554,612,402,599,554,599,554,612,402,612,sub_line_text,text,text_10,opensans,regular,10,19co3fig2_20211228_164158_8480537910_600_800.png,/scratch/parceirosbr/bigoilict/share/BigOil/document_generator/datasets/documents_2021_12_28/19co3fig2_20211228_164158_8480537910_600_800.png,19co3fig2_20211228_164158_8480537910_600_800_mask.png,gânica  associados  a  presença
71,6,143,13,402,620,545,633,402,620,545,620,545,633,402,633,sub_line_text,text,text_10,opensans,regular,10,19co3fig2_20211228_164158_8480537910_600_800.png,/scratch/parceirosbr/bigoilict/share/BigOil/document_generator/datasets/documents_2021_12_28/19co3fig2_20211228_164158_8480537910_600_800.png,19co3fig2_20211228_164158_8480537910_600_800_mask.png,"de conchas de bivalves, gastr."
76,38,152,76,402,557,554,633,402,557,554,557,554,633,402,633,text,text,text_10,opensans,regular,10,19co3fig2_20211228_164158_8480537910_600_800.png,/scratch/parceirosbr/bigoilict/share/BigOil/document_generator/datasets/documents_2021_12_28/19co3fig2_20211228_164158_8480537910_600_800.png,19co3fig2_20211228_164158_8480537910_600_800_mask.png,nan
65,6,130,13,423,641,553,654,423,641,553,641,553,654,423,654,sub_line_text,text,text_11,opensans,regular,10,19co3fig2_20211228_164158_8480537910_600_800.png,/scratch/parceirosbr/bigoilict/share/BigOil/document_generator/datasets/documents_2021_12_28/19co3fig2_20211228_164158_8480537910_600_800.png,19co3fig2_20211228_164158_8480537910_600_800_mask.png,Ou  por  meio de uma disc-
75,6,151,13,402,662,553,675,402,662,553,662,553,675,402,675,sub_line_text,text,text_11,opensans,regular,10,19co3fig2_20211228_164158_8480537910_600_800.png,/scratch/parceirosbr/bigoilict/share/BigOil/document_generator/datasets/documents_2021_12_28/19co3fig2_20211228_164158_8480537910_600_800.png,19co3fig2_20211228_164158_8480537910_600_800_mask.png,"retização   de  segunda  ordem,"
75,6,150,13,402,683,552,696,402,683,552,683,552,696,402,696,sub_line_text,text,text_11,opensans,regular,10,19co3fig2_20211228_164158_8480537910_600_800.png,/scratch/parceirosbr/bigoilict/share/BigOil/document_generator/datasets/documents_2021_12_28/19co3fig2_20211228_164158_8480537910_600_800.png,19co3fig2_20211228_164158_8480537910_600_800_mask.png,expressa por: 13n14nnt2. de h.
75,27,151,55,402,641,553,696,402,641,553,641,553,696,402,696,text,text,text_11,opensans,regular,10,19co3fig2_20211228_164158_8480537910_600_800.png,/scratch/parceirosbr/bigoilict/share/BigOil/document_generator/datasets/documents_2021_12_28/19co3fig2_20211228_164158_8480537910_600_800.png,19co3fig2_20211228_164158_8480537910_600_800_mask.png,nan
