center_x,center_y,width,height,xmin,ymin,xmax,ymax,top_left_x,top_left_y,top_right_x,top_right_y,bottom_right_x,bottom_right_y,bottom_left_x,bottom_left_y,label,grouplabel,group,text_font,text_style,size_font,filename,path,filename_mask,content
300,400,600,800,0,0,600,800,0,0,600,0,600,800,0,800,document,,,,,,20bol3c_20211228_164212_3356901075_600_800.png,/scratch/parceirosbr/bigoilict/share/BigOil/document_generator/datasets/documents_2021_12_28/20bol3c_20211228_164212_3356901075_600_800.png,20bol3c_20211228_164212_3356901075_600_800_mask.png,
244,0,488,1,70,715,558,716,70,715,558,715,558,716,70,716,line,line,line,,,,20bol3c_20211228_164212_3356901075_600_800.png,/scratch/parceirosbr/bigoilict/share/BigOil/document_generator/datasets/documents_2021_12_28/20bol3c_20211228_164212_3356901075_600_800.png,20bol3c_20211228_164212_3356901075_600_800_mask.png,nan
3,5,6,11,551,715,557,726,551,715,557,715,557,726,551,726,sub_line_text,numpag,footer_1,raleway,regular,10,20bol3c_20211228_164212_3356901075_600_800.png,/scratch/parceirosbr/bigoilict/share/BigOil/document_generator/datasets/documents_2021_12_28/20bol3c_20211228_164212_3356901075_600_800.png,20bol3c_20211228_164212_3356901075_600_800_mask.png,4
3,5,6,11,551,715,557,726,551,715,557,715,557,726,551,726,text,numpag,footer_1,raleway,regular,10,20bol3c_20211228_164212_3356901075_600_800.png,/scratch/parceirosbr/bigoilict/share/BigOil/document_generator/datasets/documents_2021_12_28/20bol3c_20211228_164212_3356901075_600_800.png,20bol3c_20211228_164212_3356901075_600_800_mask.png,nan
43,5,87,11,70,715,157,726,70,715,157,715,157,726,70,726,sub_line_text,footer,footer_1,raleway,regular,10,20bol3c_20211228_164212_3356901075_600_800.png,/scratch/parceirosbr/bigoilict/share/BigOil/document_generator/datasets/documents_2021_12_28/20bol3c_20211228_164212_3356901075_600_800.png,20bol3c_20211228_164212_3356901075_600_800_mask.png,Os voltamogramas
43,5,87,11,70,715,157,726,70,715,157,715,157,726,70,726,text,footer,footer_1,raleway,regular,10,20bol3c_20211228_164212_3356901075_600_800.png,/scratch/parceirosbr/bigoilict/share/BigOil/document_generator/datasets/documents_2021_12_28/20bol3c_20211228_164212_3356901075_600_800.png,20bol3c_20211228_164212_3356901075_600_800_mask.png,nan
155,90,311,181,74,88,385,269,74,88,385,88,385,269,74,269,table,table_image,table_0,,,,20bol3c_20211228_164212_3356901075_600_800.png,/scratch/parceirosbr/bigoilict/share/BigOil/document_generator/datasets/documents_2021_12_28/20bol3c_20211228_164212_3356901075_600_800.png,20bol3c_20211228_164212_3356901075_600_800_mask.png,output/gen_tab_20211228_164212_8216638406.png
6,6,13,12,222,94,235,106,222,94,235,94,235,106,222,106,text,table_text,table_0,opensans,italic,10.0,20bol3c_20211228_164212_3356901075_600_800.png,/scratch/parceirosbr/bigoilict/share/BigOil/document_generator/datasets/documents_2021_12_28/20bol3c_20211228_164212_3356901075_600_800.png,20bol3c_20211228_164212_3356901075_600_800_mask.png,ser
6,6,13,12,222,94,235,106,222,94,235,94,235,106,222,106,sub_line_text,table_text,table_0,opensans,italic,10.0,20bol3c_20211228_164212_3356901075_600_800.png,/scratch/parceirosbr/bigoilict/share/BigOil/document_generator/datasets/documents_2021_12_28/20bol3c_20211228_164212_3356901075_600_800.png,20bol3c_20211228_164212_3356901075_600_800_mask.png,ser
30,6,61,12,93,110,154,122,93,110,154,110,154,122,93,122,text,table_text,table_0,opensans,bold,10.0,20bol3c_20211228_164212_3356901075_600_800.png,/scratch/parceirosbr/bigoilict/share/BigOil/document_generator/datasets/documents_2021_12_28/20bol3c_20211228_164212_3356901075_600_800.png,20bol3c_20211228_164212_3356901075_600_800_mask.png,3686670.017
30,6,61,12,93,110,154,122,93,110,154,110,154,122,93,122,sub_line_text,table_text,table_0,opensans,bold,10.0,20bol3c_20211228_164212_3356901075_600_800.png,/scratch/parceirosbr/bigoilict/share/BigOil/document_generator/datasets/documents_2021_12_28/20bol3c_20211228_164212_3356901075_600_800.png,20bol3c_20211228_164212_3356901075_600_800_mask.png,3686670.017
30,6,61,12,93,125,154,137,93,125,154,125,154,137,93,137,text,table_text,table_0,opensans,bold,10.0,20bol3c_20211228_164212_3356901075_600_800.png,/scratch/parceirosbr/bigoilict/share/BigOil/document_generator/datasets/documents_2021_12_28/20bol3c_20211228_164212_3356901075_600_800.png,20bol3c_20211228_164212_3356901075_600_800_mask.png,6504158.806
30,6,61,12,93,125,154,137,93,125,154,125,154,137,93,137,sub_line_text,table_text,table_0,opensans,bold,10.0,20bol3c_20211228_164212_3356901075_600_800.png,/scratch/parceirosbr/bigoilict/share/BigOil/document_generator/datasets/documents_2021_12_28/20bol3c_20211228_164212_3356901075_600_800.png,20bol3c_20211228_164212_3356901075_600_800_mask.png,6504158.806
30,6,61,12,93,141,154,153,93,141,154,141,154,153,93,153,text,table_text,table_0,opensans,bold,10.0,20bol3c_20211228_164212_3356901075_600_800.png,/scratch/parceirosbr/bigoilict/share/BigOil/document_generator/datasets/documents_2021_12_28/20bol3c_20211228_164212_3356901075_600_800.png,20bol3c_20211228_164212_3356901075_600_800_mask.png,9311822.190
30,6,61,12,93,141,154,153,93,141,154,141,154,153,93,153,sub_line_text,table_text,table_0,opensans,bold,10.0,20bol3c_20211228_164212_3356901075_600_800.png,/scratch/parceirosbr/bigoilict/share/BigOil/document_generator/datasets/documents_2021_12_28/20bol3c_20211228_164212_3356901075_600_800.png,20bol3c_20211228_164212_3356901075_600_800_mask.png,9311822.190
30,6,61,12,93,157,154,169,93,157,154,157,154,169,93,169,text,table_text,table_0,opensans,bold,10.0,20bol3c_20211228_164212_3356901075_600_800.png,/scratch/parceirosbr/bigoilict/share/BigOil/document_generator/datasets/documents_2021_12_28/20bol3c_20211228_164212_3356901075_600_800.png,20bol3c_20211228_164212_3356901075_600_800_mask.png,1183674.086
30,6,61,12,93,157,154,169,93,157,154,157,154,169,93,169,sub_line_text,table_text,table_0,opensans,bold,10.0,20bol3c_20211228_164212_3356901075_600_800.png,/scratch/parceirosbr/bigoilict/share/BigOil/document_generator/datasets/documents_2021_12_28/20bol3c_20211228_164212_3356901075_600_800.png,20bol3c_20211228_164212_3356901075_600_800_mask.png,1183674.086
30,6,61,12,93,172,154,184,93,172,154,172,154,184,93,184,text,table_text,table_0,opensans,bold,10.0,20bol3c_20211228_164212_3356901075_600_800.png,/scratch/parceirosbr/bigoilict/share/BigOil/document_generator/datasets/documents_2021_12_28/20bol3c_20211228_164212_3356901075_600_800.png,20bol3c_20211228_164212_3356901075_600_800_mask.png,1112281.458
30,6,61,12,93,172,154,184,93,172,154,172,154,184,93,184,sub_line_text,table_text,table_0,opensans,bold,10.0,20bol3c_20211228_164212_3356901075_600_800.png,/scratch/parceirosbr/bigoilict/share/BigOil/document_generator/datasets/documents_2021_12_28/20bol3c_20211228_164212_3356901075_600_800.png,20bol3c_20211228_164212_3356901075_600_800_mask.png,1112281.458
30,6,61,12,93,188,154,200,93,188,154,188,154,200,93,200,text,table_text,table_0,opensans,bold,10.0,20bol3c_20211228_164212_3356901075_600_800.png,/scratch/parceirosbr/bigoilict/share/BigOil/document_generator/datasets/documents_2021_12_28/20bol3c_20211228_164212_3356901075_600_800.png,20bol3c_20211228_164212_3356901075_600_800_mask.png,7696488.918
30,6,61,12,93,188,154,200,93,188,154,188,154,200,93,200,sub_line_text,table_text,table_0,opensans,bold,10.0,20bol3c_20211228_164212_3356901075_600_800.png,/scratch/parceirosbr/bigoilict/share/BigOil/document_generator/datasets/documents_2021_12_28/20bol3c_20211228_164212_3356901075_600_800.png,20bol3c_20211228_164212_3356901075_600_800_mask.png,7696488.918
30,6,61,12,93,203,154,215,93,203,154,203,154,215,93,215,text,table_text,table_0,opensans,bold,10.0,20bol3c_20211228_164212_3356901075_600_800.png,/scratch/parceirosbr/bigoilict/share/BigOil/document_generator/datasets/documents_2021_12_28/20bol3c_20211228_164212_3356901075_600_800.png,20bol3c_20211228_164212_3356901075_600_800_mask.png,3540000.769
30,6,61,12,93,203,154,215,93,203,154,203,154,215,93,215,sub_line_text,table_text,table_0,opensans,bold,10.0,20bol3c_20211228_164212_3356901075_600_800.png,/scratch/parceirosbr/bigoilict/share/BigOil/document_generator/datasets/documents_2021_12_28/20bol3c_20211228_164212_3356901075_600_800.png,20bol3c_20211228_164212_3356901075_600_800_mask.png,3540000.769
30,6,61,12,93,219,154,231,93,219,154,219,154,231,93,231,text,table_text,table_0,opensans,bold,10.0,20bol3c_20211228_164212_3356901075_600_800.png,/scratch/parceirosbr/bigoilict/share/BigOil/document_generator/datasets/documents_2021_12_28/20bol3c_20211228_164212_3356901075_600_800.png,20bol3c_20211228_164212_3356901075_600_800_mask.png,5076316.420
30,6,61,12,93,219,154,231,93,219,154,219,154,231,93,231,sub_line_text,table_text,table_0,opensans,bold,10.0,20bol3c_20211228_164212_3356901075_600_800.png,/scratch/parceirosbr/bigoilict/share/BigOil/document_generator/datasets/documents_2021_12_28/20bol3c_20211228_164212_3356901075_600_800.png,20bol3c_20211228_164212_3356901075_600_800_mask.png,5076316.420
30,6,61,12,93,234,154,246,93,234,154,234,154,246,93,246,text,table_text,table_0,opensans,bold,10.0,20bol3c_20211228_164212_3356901075_600_800.png,/scratch/parceirosbr/bigoilict/share/BigOil/document_generator/datasets/documents_2021_12_28/20bol3c_20211228_164212_3356901075_600_800.png,20bol3c_20211228_164212_3356901075_600_800_mask.png,3063564.391
30,6,61,12,93,234,154,246,93,234,154,234,154,246,93,246,sub_line_text,table_text,table_0,opensans,bold,10.0,20bol3c_20211228_164212_3356901075_600_800.png,/scratch/parceirosbr/bigoilict/share/BigOil/document_generator/datasets/documents_2021_12_28/20bol3c_20211228_164212_3356901075_600_800.png,20bol3c_20211228_164212_3356901075_600_800_mask.png,3063564.391
30,6,61,12,198,250,259,262,198,250,259,250,259,262,198,262,text,table_text,table_0,opensans,regular,10.0,20bol3c_20211228_164212_3356901075_600_800.png,/scratch/parceirosbr/bigoilict/share/BigOil/document_generator/datasets/documents_2021_12_28/20bol3c_20211228_164212_3356901075_600_800.png,20bol3c_20211228_164212_3356901075_600_800_mask.png,1726841.298
30,6,61,12,198,250,259,262,198,250,259,250,259,262,198,262,sub_line_text,table_text,table_0,opensans,regular,10.0,20bol3c_20211228_164212_3356901075_600_800.png,/scratch/parceirosbr/bigoilict/share/BigOil/document_generator/datasets/documents_2021_12_28/20bol3c_20211228_164212_3356901075_600_800.png,20bol3c_20211228_164212_3356901075_600_800_mask.png,1726841.298
18,6,37,12,176,110,213,122,176,110,213,110,213,122,176,122,text,table_text,table_0,opensans,bold,10.0,20bol3c_20211228_164212_3356901075_600_800.png,/scratch/parceirosbr/bigoilict/share/BigOil/document_generator/datasets/documents_2021_12_28/20bol3c_20211228_164212_3356901075_600_800.png,20bol3c_20211228_164212_3356901075_600_800_mask.png,3453.79
18,6,37,12,176,110,213,122,176,110,213,110,213,122,176,122,sub_line_text,table_text,table_0,opensans,bold,10.0,20bol3c_20211228_164212_3356901075_600_800.png,/scratch/parceirosbr/bigoilict/share/BigOil/document_generator/datasets/documents_2021_12_28/20bol3c_20211228_164212_3356901075_600_800.png,20bol3c_20211228_164212_3356901075_600_800_mask.png,3453.79
21,6,43,12,170,125,213,137,170,125,213,125,213,137,170,137,text,table_text,table_0,opensans,bold,10.0,20bol3c_20211228_164212_3356901075_600_800.png,/scratch/parceirosbr/bigoilict/share/BigOil/document_generator/datasets/documents_2021_12_28/20bol3c_20211228_164212_3356901075_600_800.png,20bol3c_20211228_164212_3356901075_600_800_mask.png,94392.49
21,6,43,12,170,125,213,137,170,125,213,125,213,137,170,137,sub_line_text,table_text,table_0,opensans,bold,10.0,20bol3c_20211228_164212_3356901075_600_800.png,/scratch/parceirosbr/bigoilict/share/BigOil/document_generator/datasets/documents_2021_12_28/20bol3c_20211228_164212_3356901075_600_800.png,20bol3c_20211228_164212_3356901075_600_800_mask.png,94392.49
18,6,37,12,176,141,213,153,176,141,213,141,213,153,176,153,text,table_text,table_0,opensans,bold,10.0,20bol3c_20211228_164212_3356901075_600_800.png,/scratch/parceirosbr/bigoilict/share/BigOil/document_generator/datasets/documents_2021_12_28/20bol3c_20211228_164212_3356901075_600_800.png,20bol3c_20211228_164212_3356901075_600_800_mask.png,9469.43
18,6,37,12,176,141,213,153,176,141,213,141,213,153,176,153,sub_line_text,table_text,table_0,opensans,bold,10.0,20bol3c_20211228_164212_3356901075_600_800.png,/scratch/parceirosbr/bigoilict/share/BigOil/document_generator/datasets/documents_2021_12_28/20bol3c_20211228_164212_3356901075_600_800.png,20bol3c_20211228_164212_3356901075_600_800_mask.png,9469.43
16,6,32,12,181,157,213,169,181,157,213,157,213,169,181,169,text,table_text,table_0,opensans,bold,10.0,20bol3c_20211228_164212_3356901075_600_800.png,/scratch/parceirosbr/bigoilict/share/BigOil/document_generator/datasets/documents_2021_12_28/20bol3c_20211228_164212_3356901075_600_800.png,20bol3c_20211228_164212_3356901075_600_800_mask.png,535.03
16,6,32,12,181,157,213,169,181,157,213,157,213,169,181,169,sub_line_text,table_text,table_0,opensans,bold,10.0,20bol3c_20211228_164212_3356901075_600_800.png,/scratch/parceirosbr/bigoilict/share/BigOil/document_generator/datasets/documents_2021_12_28/20bol3c_20211228_164212_3356901075_600_800.png,20bol3c_20211228_164212_3356901075_600_800_mask.png,535.03
21,6,43,12,170,172,213,184,170,172,213,172,213,184,170,184,text,table_text,table_0,opensans,bold,10.0,20bol3c_20211228_164212_3356901075_600_800.png,/scratch/parceirosbr/bigoilict/share/BigOil/document_generator/datasets/documents_2021_12_28/20bol3c_20211228_164212_3356901075_600_800.png,20bol3c_20211228_164212_3356901075_600_800_mask.png,39509.48
21,6,43,12,170,172,213,184,170,172,213,172,213,184,170,184,sub_line_text,table_text,table_0,opensans,bold,10.0,20bol3c_20211228_164212_3356901075_600_800.png,/scratch/parceirosbr/bigoilict/share/BigOil/document_generator/datasets/documents_2021_12_28/20bol3c_20211228_164212_3356901075_600_800.png,20bol3c_20211228_164212_3356901075_600_800_mask.png,39509.48
16,6,32,12,181,188,213,200,181,188,213,188,213,200,181,200,text,table_text,table_0,opensans,bold,10.0,20bol3c_20211228_164212_3356901075_600_800.png,/scratch/parceirosbr/bigoilict/share/BigOil/document_generator/datasets/documents_2021_12_28/20bol3c_20211228_164212_3356901075_600_800.png,20bol3c_20211228_164212_3356901075_600_800_mask.png,388.01
16,6,32,12,181,188,213,200,181,188,213,188,213,200,181,200,sub_line_text,table_text,table_0,opensans,bold,10.0,20bol3c_20211228_164212_3356901075_600_800.png,/scratch/parceirosbr/bigoilict/share/BigOil/document_generator/datasets/documents_2021_12_28/20bol3c_20211228_164212_3356901075_600_800.png,20bol3c_20211228_164212_3356901075_600_800_mask.png,388.01
16,6,32,12,181,203,213,215,181,203,213,203,213,215,181,215,text,table_text,table_0,opensans,bold,10.0,20bol3c_20211228_164212_3356901075_600_800.png,/scratch/parceirosbr/bigoilict/share/BigOil/document_generator/datasets/documents_2021_12_28/20bol3c_20211228_164212_3356901075_600_800.png,20bol3c_20211228_164212_3356901075_600_800_mask.png,269.59
16,6,32,12,181,203,213,215,181,203,213,203,213,215,181,215,sub_line_text,table_text,table_0,opensans,bold,10.0,20bol3c_20211228_164212_3356901075_600_800.png,/scratch/parceirosbr/bigoilict/share/BigOil/document_generator/datasets/documents_2021_12_28/20bol3c_20211228_164212_3356901075_600_800.png,20bol3c_20211228_164212_3356901075_600_800_mask.png,269.59
21,6,43,12,170,219,213,231,170,219,213,219,213,231,170,231,text,table_text,table_0,opensans,bold,10.0,20bol3c_20211228_164212_3356901075_600_800.png,/scratch/parceirosbr/bigoilict/share/BigOil/document_generator/datasets/documents_2021_12_28/20bol3c_20211228_164212_3356901075_600_800.png,20bol3c_20211228_164212_3356901075_600_800_mask.png,92135.28
21,6,43,12,170,219,213,231,170,219,213,219,213,231,170,231,sub_line_text,table_text,table_0,opensans,bold,10.0,20bol3c_20211228_164212_3356901075_600_800.png,/scratch/parceirosbr/bigoilict/share/BigOil/document_generator/datasets/documents_2021_12_28/20bol3c_20211228_164212_3356901075_600_800.png,20bol3c_20211228_164212_3356901075_600_800_mask.png,92135.28
18,6,37,12,176,234,213,246,176,234,213,234,213,246,176,246,text,table_text,table_0,opensans,bold,10.0,20bol3c_20211228_164212_3356901075_600_800.png,/scratch/parceirosbr/bigoilict/share/BigOil/document_generator/datasets/documents_2021_12_28/20bol3c_20211228_164212_3356901075_600_800.png,20bol3c_20211228_164212_3356901075_600_800_mask.png,5544.42
18,6,37,12,176,234,213,246,176,234,213,234,213,246,176,246,sub_line_text,table_text,table_0,opensans,bold,10.0,20bol3c_20211228_164212_3356901075_600_800.png,/scratch/parceirosbr/bigoilict/share/BigOil/document_generator/datasets/documents_2021_12_28/20bol3c_20211228_164212_3356901075_600_800.png,20bol3c_20211228_164212_3356901075_600_800_mask.png,5544.42
27,6,55,12,232,110,287,122,232,110,287,110,287,122,232,122,text,table_text,table_0,opensans,bold,10.0,20bol3c_20211228_164212_3356901075_600_800.png,/scratch/parceirosbr/bigoilict/share/BigOil/document_generator/datasets/documents_2021_12_28/20bol3c_20211228_164212_3356901075_600_800.png,20bol3c_20211228_164212_3356901075_600_800_mask.png,78269.7657
27,6,55,12,232,110,287,122,232,110,287,110,287,122,232,122,sub_line_text,table_text,table_0,opensans,bold,10.0,20bol3c_20211228_164212_3356901075_600_800.png,/scratch/parceirosbr/bigoilict/share/BigOil/document_generator/datasets/documents_2021_12_28/20bol3c_20211228_164212_3356901075_600_800.png,20bol3c_20211228_164212_3356901075_600_800_mask.png,78269.7657
27,6,55,12,232,125,287,137,232,125,287,125,287,137,232,137,text,table_text,table_0,opensans,bold,10.0,20bol3c_20211228_164212_3356901075_600_800.png,/scratch/parceirosbr/bigoilict/share/BigOil/document_generator/datasets/documents_2021_12_28/20bol3c_20211228_164212_3356901075_600_800.png,20bol3c_20211228_164212_3356901075_600_800_mask.png,55401.6846
27,6,55,12,232,125,287,137,232,125,287,125,287,137,232,137,sub_line_text,table_text,table_0,opensans,bold,10.0,20bol3c_20211228_164212_3356901075_600_800.png,/scratch/parceirosbr/bigoilict/share/BigOil/document_generator/datasets/documents_2021_12_28/20bol3c_20211228_164212_3356901075_600_800.png,20bol3c_20211228_164212_3356901075_600_800_mask.png,55401.6846
27,6,55,12,232,141,287,153,232,141,287,141,287,153,232,153,text,table_text,table_0,opensans,bold,10.0,20bol3c_20211228_164212_3356901075_600_800.png,/scratch/parceirosbr/bigoilict/share/BigOil/document_generator/datasets/documents_2021_12_28/20bol3c_20211228_164212_3356901075_600_800.png,20bol3c_20211228_164212_3356901075_600_800_mask.png,23136.3515
27,6,55,12,232,141,287,153,232,141,287,141,287,153,232,153,sub_line_text,table_text,table_0,opensans,bold,10.0,20bol3c_20211228_164212_3356901075_600_800.png,/scratch/parceirosbr/bigoilict/share/BigOil/document_generator/datasets/documents_2021_12_28/20bol3c_20211228_164212_3356901075_600_800.png,20bol3c_20211228_164212_3356901075_600_800_mask.png,23136.3515
24,6,49,12,238,157,287,169,238,157,287,157,287,169,238,169,text,table_text,table_0,opensans,bold,10.0,20bol3c_20211228_164212_3356901075_600_800.png,/scratch/parceirosbr/bigoilict/share/BigOil/document_generator/datasets/documents_2021_12_28/20bol3c_20211228_164212_3356901075_600_800.png,20bol3c_20211228_164212_3356901075_600_800_mask.png,3255.5675
24,6,49,12,238,157,287,169,238,157,287,157,287,169,238,169,sub_line_text,table_text,table_0,opensans,bold,10.0,20bol3c_20211228_164212_3356901075_600_800.png,/scratch/parceirosbr/bigoilict/share/BigOil/document_generator/datasets/documents_2021_12_28/20bol3c_20211228_164212_3356901075_600_800.png,20bol3c_20211228_164212_3356901075_600_800_mask.png,3255.5675
24,6,49,12,238,172,287,184,238,172,287,172,287,184,238,184,text,table_text,table_0,opensans,bold,10.0,20bol3c_20211228_164212_3356901075_600_800.png,/scratch/parceirosbr/bigoilict/share/BigOil/document_generator/datasets/documents_2021_12_28/20bol3c_20211228_164212_3356901075_600_800.png,20bol3c_20211228_164212_3356901075_600_800_mask.png,3681.6112
24,6,49,12,238,172,287,184,238,172,287,172,287,184,238,184,sub_line_text,table_text,table_0,opensans,bold,10.0,20bol3c_20211228_164212_3356901075_600_800.png,/scratch/parceirosbr/bigoilict/share/BigOil/document_generator/datasets/documents_2021_12_28/20bol3c_20211228_164212_3356901075_600_800.png,20bol3c_20211228_164212_3356901075_600_800_mask.png,3681.6112
21,6,43,12,244,188,287,200,244,188,287,188,287,200,244,200,text,table_text,table_0,opensans,bold,10.0,20bol3c_20211228_164212_3356901075_600_800.png,/scratch/parceirosbr/bigoilict/share/BigOil/document_generator/datasets/documents_2021_12_28/20bol3c_20211228_164212_3356901075_600_800.png,20bol3c_20211228_164212_3356901075_600_800_mask.png,831.4178
21,6,43,12,244,188,287,200,244,188,287,188,287,200,244,200,sub_line_text,table_text,table_0,opensans,bold,10.0,20bol3c_20211228_164212_3356901075_600_800.png,/scratch/parceirosbr/bigoilict/share/BigOil/document_generator/datasets/documents_2021_12_28/20bol3c_20211228_164212_3356901075_600_800.png,20bol3c_20211228_164212_3356901075_600_800_mask.png,831.4178
27,6,55,12,232,203,287,215,232,203,287,203,287,215,232,215,text,table_text,table_0,opensans,bold,10.0,20bol3c_20211228_164212_3356901075_600_800.png,/scratch/parceirosbr/bigoilict/share/BigOil/document_generator/datasets/documents_2021_12_28/20bol3c_20211228_164212_3356901075_600_800.png,20bol3c_20211228_164212_3356901075_600_800_mask.png,31932.3681
27,6,55,12,232,203,287,215,232,203,287,203,287,215,232,215,sub_line_text,table_text,table_0,opensans,bold,10.0,20bol3c_20211228_164212_3356901075_600_800.png,/scratch/parceirosbr/bigoilict/share/BigOil/document_generator/datasets/documents_2021_12_28/20bol3c_20211228_164212_3356901075_600_800.png,20bol3c_20211228_164212_3356901075_600_800_mask.png,31932.3681
21,6,43,12,244,219,287,231,244,219,287,219,287,231,244,231,text,table_text,table_0,opensans,bold,10.0,20bol3c_20211228_164212_3356901075_600_800.png,/scratch/parceirosbr/bigoilict/share/BigOil/document_generator/datasets/documents_2021_12_28/20bol3c_20211228_164212_3356901075_600_800.png,20bol3c_20211228_164212_3356901075_600_800_mask.png,374.7684
21,6,43,12,244,219,287,231,244,219,287,219,287,231,244,231,sub_line_text,table_text,table_0,opensans,bold,10.0,20bol3c_20211228_164212_3356901075_600_800.png,/scratch/parceirosbr/bigoilict/share/BigOil/document_generator/datasets/documents_2021_12_28/20bol3c_20211228_164212_3356901075_600_800.png,20bol3c_20211228_164212_3356901075_600_800_mask.png,374.7684
27,6,55,12,232,234,287,246,232,234,287,234,287,246,232,246,text,table_text,table_0,opensans,bold,10.0,20bol3c_20211228_164212_3356901075_600_800.png,/scratch/parceirosbr/bigoilict/share/BigOil/document_generator/datasets/documents_2021_12_28/20bol3c_20211228_164212_3356901075_600_800.png,20bol3c_20211228_164212_3356901075_600_800_mask.png,47566.5098
27,6,55,12,232,234,287,246,232,234,287,234,287,246,232,246,sub_line_text,table_text,table_0,opensans,bold,10.0,20bol3c_20211228_164212_3356901075_600_800.png,/scratch/parceirosbr/bigoilict/share/BigOil/document_generator/datasets/documents_2021_12_28/20bol3c_20211228_164212_3356901075_600_800.png,20bol3c_20211228_164212_3356901075_600_800_mask.png,47566.5098
34,6,69,12,301,110,370,122,301,110,370,110,370,122,301,122,text,table_text,table_0,opensans,bold,10.0,20bol3c_20211228_164212_3356901075_600_800.png,/scratch/parceirosbr/bigoilict/share/BigOil/document_generator/datasets/documents_2021_12_28/20bol3c_20211228_164212_3356901075_600_800.png,20bol3c_20211228_164212_3356901075_600_800_mask.png,consumidores
34,6,69,12,301,110,370,122,301,110,370,110,370,122,301,122,sub_line_text,table_text,table_0,opensans,bold,10.0,20bol3c_20211228_164212_3356901075_600_800.png,/scratch/parceirosbr/bigoilict/share/BigOil/document_generator/datasets/documents_2021_12_28/20bol3c_20211228_164212_3356901075_600_800.png,20bol3c_20211228_164212_3356901075_600_800_mask.png,consumidores
31,6,63,12,303,125,366,137,303,125,366,125,366,137,303,137,text,table_text,table_0,opensans,bold,10.0,20bol3c_20211228_164212_3356901075_600_800.png,/scratch/parceirosbr/bigoilict/share/BigOil/document_generator/datasets/documents_2021_12_28/20bol3c_20211228_164212_3356901075_600_800.png,20bol3c_20211228_164212_3356901075_600_800_mask.png,previamente
31,6,63,12,303,125,366,137,303,125,366,125,366,137,303,137,sub_line_text,table_text,table_0,opensans,bold,10.0,20bol3c_20211228_164212_3356901075_600_800.png,/scratch/parceirosbr/bigoilict/share/BigOil/document_generator/datasets/documents_2021_12_28/20bol3c_20211228_164212_3356901075_600_800.png,20bol3c_20211228_164212_3356901075_600_800_mask.png,previamente
16,6,33,12,318,141,351,153,318,141,351,141,351,153,318,153,text,table_text,table_0,opensans,bold,10.0,20bol3c_20211228_164212_3356901075_600_800.png,/scratch/parceirosbr/bigoilict/share/BigOil/document_generator/datasets/documents_2021_12_28/20bol3c_20211228_164212_3356901075_600_800.png,20bol3c_20211228_164212_3356901075_600_800_mask.png,podem
16,6,33,12,318,141,351,153,318,141,351,141,351,153,318,153,sub_line_text,table_text,table_0,opensans,bold,10.0,20bol3c_20211228_164212_3356901075_600_800.png,/scratch/parceirosbr/bigoilict/share/BigOil/document_generator/datasets/documents_2021_12_28/20bol3c_20211228_164212_3356901075_600_800.png,20bol3c_20211228_164212_3356901075_600_800_mask.png,podem
15,6,30,12,320,157,350,169,320,157,350,157,350,169,320,169,text,table_text,table_0,opensans,bold,10.0,20bol3c_20211228_164212_3356901075_600_800.png,/scratch/parceirosbr/bigoilict/share/BigOil/document_generator/datasets/documents_2021_12_28/20bol3c_20211228_164212_3356901075_600_800.png,20bol3c_20211228_164212_3356901075_600_800_mask.png,forma
15,6,30,12,320,157,350,169,320,157,350,157,350,169,320,169,sub_line_text,table_text,table_0,opensans,bold,10.0,20bol3c_20211228_164212_3356901075_600_800.png,/scratch/parceirosbr/bigoilict/share/BigOil/document_generator/datasets/documents_2021_12_28/20bol3c_20211228_164212_3356901075_600_800.png,20bol3c_20211228_164212_3356901075_600_800_mask.png,forma
26,6,52,12,309,172,361,184,309,172,361,172,361,184,309,184,text,table_text,table_0,opensans,bold,10.0,20bol3c_20211228_164212_3356901075_600_800.png,/scratch/parceirosbr/bigoilict/share/BigOil/document_generator/datasets/documents_2021_12_28/20bol3c_20211228_164212_3356901075_600_800.png,20bol3c_20211228_164212_3356901075_600_800_mask.png,integradas
26,6,52,12,309,172,361,184,309,172,361,172,361,184,309,184,sub_line_text,table_text,table_0,opensans,bold,10.0,20bol3c_20211228_164212_3356901075_600_800.png,/scratch/parceirosbr/bigoilict/share/BigOil/document_generator/datasets/documents_2021_12_28/20bol3c_20211228_164212_3356901075_600_800.png,20bol3c_20211228_164212_3356901075_600_800_mask.png,integradas
9,6,19,12,325,188,344,200,325,188,344,188,344,200,325,200,text,table_text,table_0,opensans,bold,10.0,20bol3c_20211228_164212_3356901075_600_800.png,/scratch/parceirosbr/bigoilict/share/BigOil/document_generator/datasets/documents_2021_12_28/20bol3c_20211228_164212_3356901075_600_800.png,20bol3c_20211228_164212_3356901075_600_800_mask.png,país
9,6,19,12,325,188,344,200,325,188,344,188,344,200,325,200,sub_line_text,table_text,table_0,opensans,bold,10.0,20bol3c_20211228_164212_3356901075_600_800.png,/scratch/parceirosbr/bigoilict/share/BigOil/document_generator/datasets/documents_2021_12_28/20bol3c_20211228_164212_3356901075_600_800.png,20bol3c_20211228_164212_3356901075_600_800_mask.png,país
19,6,39,12,315,203,354,215,315,203,354,203,354,215,315,215,text,table_text,table_0,opensans,bold,10.0,20bol3c_20211228_164212_3356901075_600_800.png,/scratch/parceirosbr/bigoilict/share/BigOil/document_generator/datasets/documents_2021_12_28/20bol3c_20211228_164212_3356901075_600_800.png,20bol3c_20211228_164212_3356901075_600_800_mask.png,logística
19,6,39,12,315,203,354,215,315,203,354,203,354,215,315,215,sub_line_text,table_text,table_0,opensans,bold,10.0,20bol3c_20211228_164212_3356901075_600_800.png,/scratch/parceirosbr/bigoilict/share/BigOil/document_generator/datasets/documents_2021_12_28/20bol3c_20211228_164212_3356901075_600_800.png,20bol3c_20211228_164212_3356901075_600_800_mask.png,logística
21,6,42,12,314,219,356,231,314,219,356,219,356,231,314,231,text,table_text,table_0,opensans,bold,10.0,20bol3c_20211228_164212_3356901075_600_800.png,/scratch/parceirosbr/bigoilict/share/BigOil/document_generator/datasets/documents_2021_12_28/20bol3c_20211228_164212_3356901075_600_800.png,20bol3c_20211228_164212_3356901075_600_800_mask.png,biodiesel
21,6,42,12,314,219,356,231,314,219,356,219,356,231,314,231,sub_line_text,table_text,table_0,opensans,bold,10.0,20bol3c_20211228_164212_3356901075_600_800.png,/scratch/parceirosbr/bigoilict/share/BigOil/document_generator/datasets/documents_2021_12_28/20bol3c_20211228_164212_3356901075_600_800.png,20bol3c_20211228_164212_3356901075_600_800_mask.png,biodiesel
12,6,25,12,322,234,347,246,322,234,347,234,347,246,322,246,text,table_text,table_0,opensans,bold,10.0,20bol3c_20211228_164212_3356901075_600_800.png,/scratch/parceirosbr/bigoilict/share/BigOil/document_generator/datasets/documents_2021_12_28/20bol3c_20211228_164212_3356901075_600_800.png,20bol3c_20211228_164212_3356901075_600_800_mask.png,físico
12,6,25,12,322,234,347,246,322,234,347,234,347,246,322,246,sub_line_text,table_text,table_0,opensans,bold,10.0,20bol3c_20211228_164212_3356901075_600_800.png,/scratch/parceirosbr/bigoilict/share/BigOil/document_generator/datasets/documents_2021_12_28/20bol3c_20211228_164212_3356901075_600_800.png,20bol3c_20211228_164212_3356901075_600_800_mask.png,físico
101,5,202,11,70,274,272,285,70,274,272,274,272,285,70,285,sub_line_text,table_legend,table_0,raleway,italic,9,20bol3c_20211228_164212_3356901075_600_800.png,/scratch/parceirosbr/bigoilict/share/BigOil/document_generator/datasets/documents_2021_12_28/20bol3c_20211228_164212_3356901075_600_800.png,20bol3c_20211228_164212_3356901075_600_800_mask.png,Tabela 11:  Flare: equipamento utilizado para a quei
101,5,202,11,70,274,272,285,70,274,272,274,272,285,70,285,text,table_legend,table_0,raleway,italic,9,20bol3c_20211228_164212_3356901075_600_800.png,/scratch/parceirosbr/bigoilict/share/BigOil/document_generator/datasets/documents_2021_12_28/20bol3c_20211228_164212_3356901075_600_800.png,20bol3c_20211228_164212_3356901075_600_800_mask.png,nan
77,207,154,415,70,286,224,701,70,286,224,286,224,701,70,701,list,list,list_1,raleway,raleway,10,20bol3c_20211228_164212_3356901075_600_800.png,/scratch/parceirosbr/bigoilict/share/BigOil/document_generator/datasets/documents_2021_12_28/20bol3c_20211228_164212_3356901075_600_800.png,20bol3c_20211228_164212_3356901075_600_800_mask.png,
76,6,153,12,70,286,223,298,70,286,223,286,223,298,70,298,sub_line_text,list,list_1,raleway,regular,10,20bol3c_20211228_164212_3356901075_600_800.png,/scratch/parceirosbr/bigoilict/share/BigOil/document_generator/datasets/documents_2021_12_28/20bol3c_20211228_164212_3356901075_600_800.png,20bol3c_20211228_164212_3356901075_600_800_mask.png,"-  Amostras de petróleo, solução"
13,6,26,12,80,299,106,311,80,299,106,299,106,311,80,311,sub_line_text,list,list_1,raleway,regular,10,20bol3c_20211228_164212_3356901075_600_800.png,/scratch/parceirosbr/bigoilict/share/BigOil/document_generator/datasets/documents_2021_12_28/20bol3c_20211228_164212_3356901075_600_800.png,20bol3c_20211228_164212_3356901075_600_800_mask.png,salina
47,6,94,12,70,312,164,324,70,312,164,312,164,324,70,324,sub_line_text,list,list_1,raleway,regular,10,20bol3c_20211228_164212_3356901075_600_800.png,/scratch/parceirosbr/bigoilict/share/BigOil/document_generator/datasets/documents_2021_12_28/20bol3c_20211228_164212_3356901075_600_800.png,20bol3c_20211228_164212_3356901075_600_800_mask.png,-  Dado que a matriz
77,6,154,12,70,325,224,337,70,325,224,325,224,337,70,337,sub_line_text,list,list_1,raleway,regular,10,20bol3c_20211228_164212_3356901075_600_800.png,/scratch/parceirosbr/bigoilict/share/BigOil/document_generator/datasets/documents_2021_12_28/20bol3c_20211228_164212_3356901075_600_800.png,20bol3c_20211228_164212_3356901075_600_800_mask.png,-  A       revisão       do       marco
25,6,51,12,80,338,131,350,80,338,131,338,131,350,80,350,sub_line_text,list,list_1,raleway,regular,10,20bol3c_20211228_164212_3356901075_600_800.png,/scratch/parceirosbr/bigoilict/share/BigOil/document_generator/datasets/documents_2021_12_28/20bol3c_20211228_164212_3356901075_600_800.png,20bol3c_20211228_164212_3356901075_600_800_mask.png,regulatório
76,6,153,12,70,351,223,363,70,351,223,351,223,363,70,363,sub_line_text,list,list_1,raleway,regular,10,20bol3c_20211228_164212_3356901075_600_800.png,/scratch/parceirosbr/bigoilict/share/BigOil/document_generator/datasets/documents_2021_12_28/20bol3c_20211228_164212_3356901075_600_800.png,20bol3c_20211228_164212_3356901075_600_800_mask.png,-  O               produto              da
40,6,80,12,80,364,160,376,80,364,160,364,160,376,80,376,sub_line_text,list,list_1,raleway,regular,10,20bol3c_20211228_164212_3356901075_600_800.png,/scratch/parceirosbr/bigoilict/share/BigOil/document_generator/datasets/documents_2021_12_28/20bol3c_20211228_164212_3356901075_600_800.png,20bol3c_20211228_164212_3356901075_600_800_mask.png,transesterificação
76,6,153,12,70,377,223,389,70,377,223,377,223,389,70,389,sub_line_text,list,list_1,raleway,regular,10,20bol3c_20211228_164212_3356901075_600_800.png,/scratch/parceirosbr/bigoilict/share/BigOil/document_generator/datasets/documents_2021_12_28/20bol3c_20211228_164212_3356901075_600_800.png,20bol3c_20211228_164212_3356901075_600_800_mask.png,-  Em         diversos         setores
24,6,48,12,80,390,128,402,80,390,128,390,128,402,80,402,sub_line_text,list,list_1,raleway,regular,10,20bol3c_20211228_164212_3356901075_600_800.png,/scratch/parceirosbr/bigoilict/share/BigOil/document_generator/datasets/documents_2021_12_28/20bol3c_20211228_164212_3356901075_600_800.png,20bol3c_20211228_164212_3356901075_600_800_mask.png,"industriais,"
59,6,118,12,70,403,188,415,70,403,188,403,188,415,70,415,sub_line_text,list,list_1,raleway,regular,10,20bol3c_20211228_164212_3356901075_600_800.png,/scratch/parceirosbr/bigoilict/share/BigOil/document_generator/datasets/documents_2021_12_28/20bol3c_20211228_164212_3356901075_600_800.png,20bol3c_20211228_164212_3356901075_600_800_mask.png,-  As vendas nacionais de
52,6,105,12,70,416,175,428,70,416,175,416,175,428,70,428,sub_line_text,list,list_1,raleway,regular,10,20bol3c_20211228_164212_3356901075_600_800.png,/scratch/parceirosbr/bigoilict/share/BigOil/document_generator/datasets/documents_2021_12_28/20bol3c_20211228_164212_3356901075_600_800.png,20bol3c_20211228_164212_3356901075_600_800_mask.png,-  A viscosidade é uma
68,6,136,12,70,429,206,441,70,429,206,429,206,441,70,441,sub_line_text,list,list_1,raleway,regular,10,20bol3c_20211228_164212_3356901075_600_800.png,/scratch/parceirosbr/bigoilict/share/BigOil/document_generator/datasets/documents_2021_12_28/20bol3c_20211228_164212_3356901075_600_800.png,20bol3c_20211228_164212_3356901075_600_800_mask.png,-  A técnica de deposição por
76,6,153,12,70,442,223,454,70,442,223,442,223,454,70,454,sub_line_text,list,list_1,raleway,regular,10,20bol3c_20211228_164212_3356901075_600_800.png,/scratch/parceirosbr/bigoilict/share/BigOil/document_generator/datasets/documents_2021_12_28/20bol3c_20211228_164212_3356901075_600_800.png,20bol3c_20211228_164212_3356901075_600_800_mask.png,"-  Nesse            sentido,            a"
32,6,64,12,80,455,144,467,80,455,144,455,144,467,80,467,sub_line_text,list,list_1,raleway,regular,10,20bol3c_20211228_164212_3356901075_600_800.png,/scratch/parceirosbr/bigoilict/share/BigOil/document_generator/datasets/documents_2021_12_28/20bol3c_20211228_164212_3356901075_600_800.png,20bol3c_20211228_164212_3356901075_600_800_mask.png,generalização
76,6,152,12,70,468,222,480,70,468,222,468,222,480,70,480,sub_line_text,list,list_1,raleway,regular,10,20bol3c_20211228_164212_3356901075_600_800.png,/scratch/parceirosbr/bigoilict/share/BigOil/document_generator/datasets/documents_2021_12_28/20bol3c_20211228_164212_3356901075_600_800.png,20bol3c_20211228_164212_3356901075_600_800_mask.png,-  As        executive       agencies
51,6,102,12,80,481,182,493,80,481,182,481,182,493,80,493,sub_line_text,list,list_1,raleway,regular,10,20bol3c_20211228_164212_3356901075_600_800.png,/scratch/parceirosbr/bigoilict/share/BigOil/document_generator/datasets/documents_2021_12_28/20bol3c_20211228_164212_3356901075_600_800.png,20bol3c_20211228_164212_3356901075_600_800_mask.png,norte-americanas tem
45,6,91,12,70,494,161,506,70,494,161,494,161,506,70,506,sub_line_text,list,list_1,raleway,regular,10,20bol3c_20211228_164212_3356901075_600_800.png,/scratch/parceirosbr/bigoilict/share/BigOil/document_generator/datasets/documents_2021_12_28/20bol3c_20211228_164212_3356901075_600_800.png,20bol3c_20211228_164212_3356901075_600_800_mask.png,"-  Portaria n 03, que"
36,6,73,12,70,507,143,519,70,507,143,507,143,519,70,519,sub_line_text,list,list_1,raleway,regular,10,20bol3c_20211228_164212_3356901075_600_800.png,/scratch/parceirosbr/bigoilict/share/BigOil/document_generator/datasets/documents_2021_12_28/20bol3c_20211228_164212_3356901075_600_800.png,20bol3c_20211228_164212_3356901075_600_800_mask.png,-  A curto prazo
70,6,141,12,70,520,211,532,70,520,211,520,211,532,70,532,sub_line_text,list,list_1,raleway,regular,10,20bol3c_20211228_164212_3356901075_600_800.png,/scratch/parceirosbr/bigoilict/share/BigOil/document_generator/datasets/documents_2021_12_28/20bol3c_20211228_164212_3356901075_600_800.png,20bol3c_20211228_164212_3356901075_600_800_mask.png,-  Nixon (1969-1974) de pacote
76,6,153,12,70,533,223,545,70,533,223,533,223,545,70,545,sub_line_text,list,list_1,raleway,regular,10,20bol3c_20211228_164212_3356901075_600_800.png,/scratch/parceirosbr/bigoilict/share/BigOil/document_generator/datasets/documents_2021_12_28/20bol3c_20211228_164212_3356901075_600_800.png,20bol3c_20211228_164212_3356901075_600_800_mask.png,"-  Segundo   et.   al,   a  incerteza"
10,6,20,12,80,546,100,558,80,546,100,546,100,558,80,558,sub_line_text,list,list_1,raleway,regular,10,20bol3c_20211228_164212_3356901075_600_800.png,/scratch/parceirosbr/bigoilict/share/BigOil/document_generator/datasets/documents_2021_12_28/20bol3c_20211228_164212_3356901075_600_800.png,20bol3c_20211228_164212_3356901075_600_800_mask.png,total
77,6,154,12,70,559,224,571,70,559,224,559,224,571,70,571,sub_line_text,list,list_1,raleway,regular,10,20bol3c_20211228_164212_3356901075_600_800.png,/scratch/parceirosbr/bigoilict/share/BigOil/document_generator/datasets/documents_2021_12_28/20bol3c_20211228_164212_3356901075_600_800.png,20bol3c_20211228_164212_3356901075_600_800_mask.png,-  Os  resultados  dos  protótipos
16,6,32,12,80,572,112,584,80,572,112,572,112,584,80,584,sub_line_text,list,list_1,raleway,regular,10,20bol3c_20211228_164212_3356901075_600_800.png,/scratch/parceirosbr/bigoilict/share/BigOil/document_generator/datasets/documents_2021_12_28/20bol3c_20211228_164212_3356901075_600_800.png,20bol3c_20211228_164212_3356901075_600_800_mask.png,quanto
52,6,105,12,70,585,175,597,70,585,175,585,175,597,70,597,sub_line_text,list,list_1,raleway,regular,10,20bol3c_20211228_164212_3356901075_600_800.png,/scratch/parceirosbr/bigoilict/share/BigOil/document_generator/datasets/documents_2021_12_28/20bol3c_20211228_164212_3356901075_600_800.png,20bol3c_20211228_164212_3356901075_600_800_mask.png,-  A.4 2) os parâmetros
53,6,107,12,70,598,177,610,70,598,177,598,177,610,70,610,sub_line_text,list,list_1,raleway,regular,10,20bol3c_20211228_164212_3356901075_600_800.png,/scratch/parceirosbr/bigoilict/share/BigOil/document_generator/datasets/documents_2021_12_28/20bol3c_20211228_164212_3356901075_600_800.png,20bol3c_20211228_164212_3356901075_600_800_mask.png,-  Quando projetado ao
76,6,152,12,70,611,222,623,70,611,222,611,222,623,70,623,sub_line_text,list,list_1,raleway,regular,10,20bol3c_20211228_164212_3356901075_600_800.png,/scratch/parceirosbr/bigoilict/share/BigOil/document_generator/datasets/documents_2021_12_28/20bol3c_20211228_164212_3356901075_600_800.png,20bol3c_20211228_164212_3356901075_600_800_mask.png,-  The          joined          sulphur
39,6,79,12,80,624,159,636,80,624,159,624,159,636,80,636,sub_line_text,list,list_1,raleway,regular,10,20bol3c_20211228_164212_3356901075_600_800.png,/scratch/parceirosbr/bigoilict/share/BigOil/document_generator/datasets/documents_2021_12_28/20bol3c_20211228_164212_3356901075_600_800.png,20bol3c_20211228_164212_3356901075_600_800_mask.png,concentrations in
76,6,153,12,70,637,223,649,70,637,223,637,223,649,70,649,sub_line_text,list,list_1,raleway,regular,10,20bol3c_20211228_164212_3356901075_600_800.png,/scratch/parceirosbr/bigoilict/share/BigOil/document_generator/datasets/documents_2021_12_28/20bol3c_20211228_164212_3356901075_600_800.png,20bol3c_20211228_164212_3356901075_600_800_mask.png,-  SR/Sm    é   a   relação   entre
22,6,45,12,80,650,125,662,80,650,125,650,125,662,80,662,sub_line_text,list,list_1,raleway,regular,10,20bol3c_20211228_164212_3356901075_600_800.png,/scratch/parceirosbr/bigoilict/share/BigOil/document_generator/datasets/documents_2021_12_28/20bol3c_20211228_164212_3356901075_600_800.png,20bol3c_20211228_164212_3356901075_600_800_mask.png,superfície
42,6,85,12,70,663,155,675,70,663,155,663,155,675,70,675,sub_line_text,list,list_1,raleway,regular,10,20bol3c_20211228_164212_3356901075_600_800.png,/scratch/parceirosbr/bigoilict/share/BigOil/document_generator/datasets/documents_2021_12_28/20bol3c_20211228_164212_3356901075_600_800.png,20bol3c_20211228_164212_3356901075_600_800_mask.png,"-  Por este motivo,"
76,6,152,12,70,676,222,688,70,676,222,676,222,688,70,688,sub_line_text,list,list_1,raleway,regular,10,20bol3c_20211228_164212_3356901075_600_800.png,/scratch/parceirosbr/bigoilict/share/BigOil/document_generator/datasets/documents_2021_12_28/20bol3c_20211228_164212_3356901075_600_800.png,20bol3c_20211228_164212_3356901075_600_800_mask.png,-  Os   resultados  experimentais
25,6,51,12,80,689,131,701,80,689,131,689,131,701,80,701,sub_line_text,list,list_1,raleway,regular,10,20bol3c_20211228_164212_3356901075_600_800.png,/scratch/parceirosbr/bigoilict/share/BigOil/document_generator/datasets/documents_2021_12_28/20bol3c_20211228_164212_3356901075_600_800.png,20bol3c_20211228_164212_3356901075_600_800_mask.png,da pressao
76,64,153,129,236,286,389,415,236,286,389,286,389,415,236,415,list,list,list_2,raleway,raleway,10,20bol3c_20211228_164212_3356901075_600_800.png,/scratch/parceirosbr/bigoilict/share/BigOil/document_generator/datasets/documents_2021_12_28/20bol3c_20211228_164212_3356901075_600_800.png,20bol3c_20211228_164212_3356901075_600_800_mask.png,
75,6,151,12,236,286,387,298,236,286,387,286,387,298,236,298,sub_line_text,list,list_2,raleway,regular,10,20bol3c_20211228_164212_3356901075_600_800.png,/scratch/parceirosbr/bigoilict/share/BigOil/document_generator/datasets/documents_2021_12_28/20bol3c_20211228_164212_3356901075_600_800.png,20bol3c_20211228_164212_3356901075_600_800_mask.png,-  Em pleno século destaca-se o
76,6,152,12,236,299,388,311,236,299,388,299,388,311,236,311,sub_line_text,list,list_2,raleway,regular,10,20bol3c_20211228_164212_3356901075_600_800.png,/scratch/parceirosbr/bigoilict/share/BigOil/document_generator/datasets/documents_2021_12_28/20bol3c_20211228_164212_3356901075_600_800.png,20bol3c_20211228_164212_3356901075_600_800_mask.png,-  E            também            foi-se
62,6,125,12,246,312,371,324,246,312,371,312,371,324,246,324,sub_line_text,list,list_2,raleway,regular,10,20bol3c_20211228_164212_3356901075_600_800.png,/scratch/parceirosbr/bigoilict/share/BigOil/document_generator/datasets/documents_2021_12_28/20bol3c_20211228_164212_3356901075_600_800.png,20bol3c_20211228_164212_3356901075_600_800_mask.png,desenvolvendo o mercado
56,6,113,12,236,325,349,337,236,325,349,325,349,337,236,337,sub_line_text,list,list_2,raleway,regular,10,20bol3c_20211228_164212_3356901075_600_800.png,/scratch/parceirosbr/bigoilict/share/BigOil/document_generator/datasets/documents_2021_12_28/20bol3c_20211228_164212_3356901075_600_800.png,20bol3c_20211228_164212_3356901075_600_800_mask.png,-  Destaca-se que para a
63,6,126,12,236,338,362,350,236,338,362,338,362,350,236,350,sub_line_text,list,list_2,raleway,regular,10,20bol3c_20211228_164212_3356901075_600_800.png,/scratch/parceirosbr/bigoilict/share/BigOil/document_generator/datasets/documents_2021_12_28/20bol3c_20211228_164212_3356901075_600_800.png,20bol3c_20211228_164212_3356901075_600_800_mask.png,-  Isto é indício do aumento
38,6,76,12,236,351,312,363,236,351,312,351,312,363,236,363,sub_line_text,list,list_2,raleway,regular,10,20bol3c_20211228_164212_3356901075_600_800.png,/scratch/parceirosbr/bigoilict/share/BigOil/document_generator/datasets/documents_2021_12_28/20bol3c_20211228_164212_3356901075_600_800.png,20bol3c_20211228_164212_3356901075_600_800_mask.png,-  Em relação ao
76,6,152,12,236,364,388,376,236,364,388,364,388,376,236,376,sub_line_text,list,list_2,raleway,regular,10,20bol3c_20211228_164212_3356901075_600_800.png,/scratch/parceirosbr/bigoilict/share/BigOil/document_generator/datasets/documents_2021_12_28/20bol3c_20211228_164212_3356901075_600_800.png,20bol3c_20211228_164212_3356901075_600_800_mask.png,-  Todas as demais propriedades
13,6,27,12,246,377,273,389,246,377,273,377,273,389,246,389,sub_line_text,list,list_2,raleway,regular,10,20bol3c_20211228_164212_3356901075_600_800.png,/scratch/parceirosbr/bigoilict/share/BigOil/document_generator/datasets/documents_2021_12_28/20bol3c_20211228_164212_3356901075_600_800.png,20bol3c_20211228_164212_3356901075_600_800_mask.png,foram
76,6,153,12,236,390,389,402,236,390,389,390,389,402,236,402,sub_line_text,list,list_2,raleway,regular,10,20bol3c_20211228_164212_3356901075_600_800.png,/scratch/parceirosbr/bigoilict/share/BigOil/document_generator/datasets/documents_2021_12_28/20bol3c_20211228_164212_3356901075_600_800.png,20bol3c_20211228_164212_3356901075_600_800_mask.png,-  Em    seu   trabalho   descreve
33,6,67,12,246,403,313,415,246,403,313,403,313,415,246,415,sub_line_text,list,list_2,raleway,regular,10,20bol3c_20211228_164212_3356901075_600_800.png,/scratch/parceirosbr/bigoilict/share/BigOil/document_generator/datasets/documents_2021_12_28/20bol3c_20211228_164212_3356901075_600_800.png,20bol3c_20211228_164212_3356901075_600_800_mask.png,essa diferença
76,110,153,220,236,437,389,657,236,437,389,437,389,657,236,657,list,list,list_3,raleway,raleway,16,20bol3c_20211228_164212_3356901075_600_800.png,/scratch/parceirosbr/bigoilict/share/BigOil/document_generator/datasets/documents_2021_12_28/20bol3c_20211228_164212_3356901075_600_800.png,20bol3c_20211228_164212_3356901075_600_800_mask.png,
59,10,118,20,254,416,372,436,254,416,372,416,372,436,254,436,sub_line_text,subtitle,subtitle_0,raleway,bolditalic,16,20bol3c_20211228_164212_3356901075_600_800.png,/scratch/parceirosbr/bigoilict/share/BigOil/document_generator/datasets/documents_2021_12_28/20bol3c_20211228_164212_3356901075_600_800.png,20bol3c_20211228_164212_3356901075_600_800_mask.png,Riqueza função
59,10,118,20,254,416,372,436,254,416,372,416,372,436,254,436,title,subtitle,subtitle_0,raleway,bolditalic,16,20bol3c_20211228_164212_3356901075_600_800.png,/scratch/parceirosbr/bigoilict/share/BigOil/document_generator/datasets/documents_2021_12_28/20bol3c_20211228_164212_3356901075_600_800.png,20bol3c_20211228_164212_3356901075_600_800_mask.png,nan
76,6,153,12,236,437,389,449,236,437,389,437,389,449,236,449,sub_line_text,list,list_3,raleway,regular,10,20bol3c_20211228_164212_3356901075_600_800.png,/scratch/parceirosbr/bigoilict/share/BigOil/document_generator/datasets/documents_2021_12_28/20bol3c_20211228_164212_3356901075_600_800.png,20bol3c_20211228_164212_3356901075_600_800_mask.png,"-  Matematicamente,                na"
46,6,92,12,246,450,338,462,246,450,338,450,338,462,246,462,sub_line_text,list,list_3,raleway,regular,10,20bol3c_20211228_164212_3356901075_600_800.png,/scratch/parceirosbr/bigoilict/share/BigOil/document_generator/datasets/documents_2021_12_28/20bol3c_20211228_164212_3356901075_600_800.png,20bol3c_20211228_164212_3356901075_600_800_mask.png,interseção das duas
76,6,153,12,236,463,389,475,236,463,389,463,389,475,236,475,sub_line_text,list,list_3,raleway,regular,10,20bol3c_20211228_164212_3356901075_600_800.png,/scratch/parceirosbr/bigoilict/share/BigOil/document_generator/datasets/documents_2021_12_28/20bol3c_20211228_164212_3356901075_600_800.png,20bol3c_20211228_164212_3356901075_600_800_mask.png,-  The        southern       brazilian
25,6,51,12,246,476,297,488,246,476,297,476,297,488,246,488,sub_line_text,list,list_3,raleway,regular,10,20bol3c_20211228_164212_3356901075_600_800.png,/scratch/parceirosbr/bigoilict/share/BigOil/document_generator/datasets/documents_2021_12_28/20bol3c_20211228_164212_3356901075_600_800.png,20bol3c_20211228_164212_3356901075_600_800_mask.png,continental
41,6,82,12,236,489,318,501,236,489,318,489,318,501,236,501,sub_line_text,list,list_3,raleway,regular,10,20bol3c_20211228_164212_3356901075_600_800.png,/scratch/parceirosbr/bigoilict/share/BigOil/document_generator/datasets/documents_2021_12_28/20bol3c_20211228_164212_3356901075_600_800.png,20bol3c_20211228_164212_3356901075_600_800_mask.png,"-  Além disso, tais"
76,6,153,12,236,502,389,514,236,502,389,502,389,514,236,514,sub_line_text,list,list_3,raleway,regular,10,20bol3c_20211228_164212_3356901075_600_800.png,/scratch/parceirosbr/bigoilict/share/BigOil/document_generator/datasets/documents_2021_12_28/20bol3c_20211228_164212_3356901075_600_800.png,20bol3c_20211228_164212_3356901075_600_800_mask.png,"-  Entretanto,   em  duas  regiões"
28,6,57,12,246,515,303,527,246,515,303,515,303,527,246,527,sub_line_text,list,list_3,raleway,regular,10,20bol3c_20211228_164212_3356901075_600_800.png,/scratch/parceirosbr/bigoilict/share/BigOil/document_generator/datasets/documents_2021_12_28/20bol3c_20211228_164212_3356901075_600_800.png,20bol3c_20211228_164212_3356901075_600_800_mask.png,do próximas
74,6,148,12,236,528,384,540,236,528,384,528,384,540,236,540,sub_line_text,list,list_3,raleway,regular,10,20bol3c_20211228_164212_3356901075_600_800.png,/scratch/parceirosbr/bigoilict/share/BigOil/document_generator/datasets/documents_2021_12_28/20bol3c_20211228_164212_3356901075_600_800.png,20bol3c_20211228_164212_3356901075_600_800_mask.png,"-  Num cenário de médio prazo,"
47,6,95,12,236,541,331,553,236,541,331,541,331,553,236,553,sub_line_text,list,list_3,raleway,regular,10,20bol3c_20211228_164212_3356901075_600_800.png,/scratch/parceirosbr/bigoilict/share/BigOil/document_generator/datasets/documents_2021_12_28/20bol3c_20211228_164212_3356901075_600_800.png,20bol3c_20211228_164212_3356901075_600_800_mask.png,"-  Já há alguns anos,"
58,6,117,12,236,554,353,566,236,554,353,554,353,566,236,566,sub_line_text,list,list_3,raleway,regular,10,20bol3c_20211228_164212_3356901075_600_800.png,/scratch/parceirosbr/bigoilict/share/BigOil/document_generator/datasets/documents_2021_12_28/20bol3c_20211228_164212_3356901075_600_800.png,20bol3c_20211228_164212_3356901075_600_800_mask.png,-  A liberação dos preços
44,6,89,12,236,567,325,579,236,567,325,567,325,579,236,579,sub_line_text,list,list_3,raleway,regular,10,20bol3c_20211228_164212_3356901075_600_800.png,/scratch/parceirosbr/bigoilict/share/BigOil/document_generator/datasets/documents_2021_12_28/20bol3c_20211228_164212_3356901075_600_800.png,20bol3c_20211228_164212_3356901075_600_800_mask.png,-  De acordo com a
52,6,105,12,236,580,341,592,236,580,341,580,341,592,236,592,sub_line_text,list,list_3,raleway,regular,10,20bol3c_20211228_164212_3356901075_600_800.png,/scratch/parceirosbr/bigoilict/share/BigOil/document_generator/datasets/documents_2021_12_28/20bol3c_20211228_164212_3356901075_600_800.png,20bol3c_20211228_164212_3356901075_600_800_mask.png,"-  A seguinte figura 36,"
49,6,99,12,236,593,335,605,236,593,335,593,335,605,236,605,sub_line_text,list,list_3,raleway,regular,10,20bol3c_20211228_164212_3356901075_600_800.png,/scratch/parceirosbr/bigoilict/share/BigOil/document_generator/datasets/documents_2021_12_28/20bol3c_20211228_164212_3356901075_600_800.png,20bol3c_20211228_164212_3356901075_600_800_mask.png,-  Souza et al destaca
76,6,152,12,236,606,388,618,236,606,388,606,388,618,236,618,sub_line_text,list,list_3,raleway,regular,10,20bol3c_20211228_164212_3356901075_600_800.png,/scratch/parceirosbr/bigoilict/share/BigOil/document_generator/datasets/documents_2021_12_28/20bol3c_20211228_164212_3356901075_600_800.png,20bol3c_20211228_164212_3356901075_600_800_mask.png,-  Gandolfi      relatou     diversas
56,6,113,12,246,619,359,631,246,619,359,619,359,631,246,631,sub_line_text,list,list_3,raleway,regular,10,20bol3c_20211228_164212_3356901075_600_800.png,/scratch/parceirosbr/bigoilict/share/BigOil/document_generator/datasets/documents_2021_12_28/20bol3c_20211228_164212_3356901075_600_800.png,20bol3c_20211228_164212_3356901075_600_800_mask.png,situações ambientais em
48,6,96,12,236,632,332,644,236,632,332,632,332,644,236,644,sub_line_text,list,list_3,raleway,regular,10,20bol3c_20211228_164212_3356901075_600_800.png,/scratch/parceirosbr/bigoilict/share/BigOil/document_generator/datasets/documents_2021_12_28/20bol3c_20211228_164212_3356901075_600_800.png,20bol3c_20211228_164212_3356901075_600_800_mask.png,-  A nova capacidade
58,6,117,12,236,645,353,657,236,645,353,645,353,657,236,657,sub_line_text,list,list_3,raleway,regular,10,20bol3c_20211228_164212_3356901075_600_800.png,/scratch/parceirosbr/bigoilict/share/BigOil/document_generator/datasets/documents_2021_12_28/20bol3c_20211228_164212_3356901075_600_800.png,20bol3c_20211228_164212_3356901075_600_800_mask.png,-  Foram consideradas as
63,6,127,12,257,658,384,670,257,658,384,658,384,670,257,670,sub_line_text,text,text_0,raleway,regular,10,20bol3c_20211228_164212_3356901075_600_800.png,/scratch/parceirosbr/bigoilict/share/BigOil/document_generator/datasets/documents_2021_12_28/20bol3c_20211228_164212_3356901075_600_800.png,20bol3c_20211228_164212_3356901075_600_800_mask.png,A  baixa  volatilidade dos p-
75,6,150,12,236,671,386,683,236,671,386,671,386,683,236,683,sub_line_text,text,text_0,raleway,regular,10,20bol3c_20211228_164212_3356901075_600_800.png,/scratch/parceirosbr/bigoilict/share/BigOil/document_generator/datasets/documents_2021_12_28/20bol3c_20211228_164212_3356901075_600_800.png,20bol3c_20211228_164212_3356901075_600_800_mask.png,reços  do  petróleo apresentada
70,6,140,12,236,684,376,696,236,684,376,684,376,696,236,696,sub_line_text,text,text_0,raleway,regular,10,20bol3c_20211228_164212_3356901075_600_800.png,/scratch/parceirosbr/bigoilict/share/BigOil/document_generator/datasets/documents_2021_12_28/20bol3c_20211228_164212_3356901075_600_800.png,20bol3c_20211228_164212_3356901075_600_800_mask.png,"nos últimos anos, em conjunç."
75,19,150,38,236,658,386,696,236,658,386,658,386,696,236,696,text,text,text_0,raleway,regular,10,20bol3c_20211228_164212_3356901075_600_800.png,/scratch/parceirosbr/bigoilict/share/BigOil/document_generator/datasets/documents_2021_12_28/20bol3c_20211228_164212_3356901075_600_800.png,20bol3c_20211228_164212_3356901075_600_800_mask.png,nan
61,6,123,12,257,697,380,709,257,697,380,697,380,709,257,709,sub_line_text,text,text_1,raleway,regular,10,20bol3c_20211228_164212_3356901075_600_800.png,/scratch/parceirosbr/bigoilict/share/BigOil/document_generator/datasets/documents_2021_12_28/20bol3c_20211228_164212_3356901075_600_800.png,20bol3c_20211228_164212_3356901075_600_800_mask.png,A variação da temperatura.
61,6,123,12,257,697,380,709,257,697,380,697,380,709,257,709,text,text,text_1,raleway,regular,10,20bol3c_20211228_164212_3356901075_600_800.png,/scratch/parceirosbr/bigoilict/share/BigOil/document_generator/datasets/documents_2021_12_28/20bol3c_20211228_164212_3356901075_600_800.png,20bol3c_20211228_164212_3356901075_600_800_mask.png,nan
64,6,128,12,423,88,551,100,423,88,551,88,551,100,423,100,sub_line_text,text,text_2,raleway,regular,10,20bol3c_20211228_164212_3356901075_600_800.png,/scratch/parceirosbr/bigoilict/share/BigOil/document_generator/datasets/documents_2021_12_28/20bol3c_20211228_164212_3356901075_600_800.png,20bol3c_20211228_164212_3356901075_600_800_mask.png,Conforme  o a regulament-
74,6,149,12,402,101,551,113,402,101,551,101,551,113,402,113,sub_line_text,text,text_2,raleway,regular,10,20bol3c_20211228_164212_3356901075_600_800.png,/scratch/parceirosbr/bigoilict/share/BigOil/document_generator/datasets/documents_2021_12_28/20bol3c_20211228_164212_3356901075_600_800.png,20bol3c_20211228_164212_3356901075_600_800_mask.png,acao  tecnica  do orgao so e pe-
74,6,149,12,402,114,551,126,402,114,551,114,551,126,402,126,sub_line_text,text,text_2,raleway,regular,10,20bol3c_20211228_164212_3356901075_600_800.png,/scratch/parceirosbr/bigoilict/share/BigOil/document_generator/datasets/documents_2021_12_28/20bol3c_20211228_164212_3356901075_600_800.png,20bol3c_20211228_164212_3356901075_600_800_mask.png,rmitida  a co-mercializacao de c-
74,6,149,12,402,127,551,139,402,127,551,127,551,139,402,139,sub_line_text,text,text_2,raleway,regular,10,20bol3c_20211228_164212_3356901075_600_800.png,/scratch/parceirosbr/bigoilict/share/BigOil/document_generator/datasets/documents_2021_12_28/20bol3c_20211228_164212_3356901075_600_800.png,20bol3c_20211228_164212_3356901075_600_800_mask.png,ilindros  fabricados  pela  norma
74,6,148,12,402,140,550,152,402,140,550,140,550,152,402,152,sub_line_text,text,text_2,raleway,regular,10,20bol3c_20211228_164212_3356901075_600_800.png,/scratch/parceirosbr/bigoilict/share/BigOil/document_generator/datasets/documents_2021_12_28/20bol3c_20211228_164212_3356901075_600_800.png,20bol3c_20211228_164212_3356901075_600_800_mask.png,4705  para  cilindros  de aco-lig-
74,6,149,12,402,153,551,165,402,153,551,153,551,165,402,165,sub_line_text,text,text_2,raleway,regular,10,20bol3c_20211228_164212_3356901075_600_800.png,/scratch/parceirosbr/bigoilict/share/BigOil/document_generator/datasets/documents_2021_12_28/20bol3c_20211228_164212_3356901075_600_800.png,20bol3c_20211228_164212_3356901075_600_800_mask.png,"asem  costura  e,  para  a norma"
74,6,148,12,402,166,550,178,402,166,550,166,550,178,402,178,sub_line_text,text,text_2,raleway,regular,10,20bol3c_20211228_164212_3356901075_600_800.png,/scratch/parceirosbr/bigoilict/share/BigOil/document_generator/datasets/documents_2021_12_28/20bol3c_20211228_164212_3356901075_600_800.png,20bol3c_20211228_164212_3356901075_600_800_mask.png,11439  para  cilindros  fabricados
74,6,148,12,402,179,550,191,402,179,550,179,550,191,402,191,sub_line_text,text,text_2,raleway,regular,10,20bol3c_20211228_164212_3356901075_600_800.png,/scratch/parceirosbr/bigoilict/share/BigOil/document_generator/datasets/documents_2021_12_28/20bol3c_20211228_164212_3356901075_600_800.png,20bol3c_20211228_164212_3356901075_600_800_mask.png,de  aco-liga  e  dematerial com-
75,6,150,12,402,192,552,204,402,192,552,192,552,204,402,204,sub_line_text,text,text_2,raleway,regular,10,20bol3c_20211228_164212_3356901075_600_800.png,/scratch/parceirosbr/bigoilict/share/BigOil/document_generator/datasets/documents_2021_12_28/20bol3c_20211228_164212_3356901075_600_800.png,20bol3c_20211228_164212_3356901075_600_800_mask.png,"posto.  Pode-se  perceber, a pa-"
71,6,142,12,402,205,544,217,402,205,544,205,544,217,402,217,sub_line_text,text,text_2,raleway,regular,10,20bol3c_20211228_164212_3356901075_600_800.png,/scratch/parceirosbr/bigoilict/share/BigOil/document_generator/datasets/documents_2021_12_28/20bol3c_20211228_164212_3356901075_600_800.png,20bol3c_20211228_164212_3356901075_600_800_mask.png,"rtir das fotomicrografias, que a."
75,64,150,129,402,88,552,217,402,88,552,88,552,217,402,217,text,text,text_2,raleway,regular,10,20bol3c_20211228_164212_3356901075_600_800.png,/scratch/parceirosbr/bigoilict/share/BigOil/document_generator/datasets/documents_2021_12_28/20bol3c_20211228_164212_3356901075_600_800.png,20bol3c_20211228_164212_3356901075_600_800_mask.png,nan
63,6,127,12,423,218,550,230,423,218,550,218,550,230,423,230,sub_line_text,text,text_3,raleway,regular,10,20bol3c_20211228_164212_3356901075_600_800.png,/scratch/parceirosbr/bigoilict/share/BigOil/document_generator/datasets/documents_2021_12_28/20bol3c_20211228_164212_3356901075_600_800.png,20bol3c_20211228_164212_3356901075_600_800_mask.png,O  passo  de tempo (times-
74,6,148,12,402,231,550,243,402,231,550,231,550,243,402,243,sub_line_text,text,text_3,raleway,regular,10,20bol3c_20211228_164212_3356901075_600_800.png,/scratch/parceirosbr/bigoilict/share/BigOil/document_generator/datasets/documents_2021_12_28/20bol3c_20211228_164212_3356901075_600_800.png,20bol3c_20211228_164212_3356901075_600_800_mask.png,tep)  é o intervalo de tempo em
75,6,150,12,402,244,552,256,402,244,552,244,552,256,402,256,sub_line_text,text,text_3,raleway,regular,10,20bol3c_20211228_164212_3356901075_600_800.png,/scratch/parceirosbr/bigoilict/share/BigOil/document_generator/datasets/documents_2021_12_28/20bol3c_20211228_164212_3356901075_600_800.png,20bol3c_20211228_164212_3356901075_600_800_mask.png,que   o  programa  resolverá  as
74,6,148,12,402,257,550,269,402,257,550,257,550,269,402,269,sub_line_text,text,text_3,raleway,regular,10,20bol3c_20211228_164212_3356901075_600_800.png,/scratch/parceirosbr/bigoilict/share/BigOil/document_generator/datasets/documents_2021_12_28/20bol3c_20211228_164212_3356901075_600_800.png,20bol3c_20211228_164212_3356901075_600_800_mask.png,equações  de  mecânica de flui-
75,6,150,12,402,270,552,282,402,270,552,270,552,282,402,282,sub_line_text,text,text_3,raleway,regular,10,20bol3c_20211228_164212_3356901075_600_800.png,/scratch/parceirosbr/bigoilict/share/BigOil/document_generator/datasets/documents_2021_12_28/20bol3c_20211228_164212_3356901075_600_800.png,20bol3c_20211228_164212_3356901075_600_800_mask.png,dos  para  cada volume de cont-
74,6,149,12,402,283,551,295,402,283,551,283,551,295,402,295,sub_line_text,text,text_3,raleway,regular,10,20bol3c_20211228_164212_3356901075_600_800.png,/scratch/parceirosbr/bigoilict/share/BigOil/document_generator/datasets/documents_2021_12_28/20bol3c_20211228_164212_3356901075_600_800.png,20bol3c_20211228_164212_3356901075_600_800_mask.png,"role  e  foi adotado como 0,005-"
74,6,149,12,402,296,551,308,402,296,551,296,551,308,402,308,sub_line_text,text,text_3,raleway,regular,10,20bol3c_20211228_164212_3356901075_600_800.png,/scratch/parceirosbr/bigoilict/share/BigOil/document_generator/datasets/documents_2021_12_28/20bol3c_20211228_164212_3356901075_600_800.png,20bol3c_20211228_164212_3356901075_600_800_mask.png,s.  Nem  todos os derivados po-
72,6,144,12,402,309,546,321,402,309,546,309,546,321,402,321,sub_line_text,text,text_3,raleway,regular,10,20bol3c_20211228_164212_3356901075_600_800.png,/scratch/parceirosbr/bigoilict/share/BigOil/document_generator/datasets/documents_2021_12_28/20bol3c_20211228_164212_3356901075_600_800.png,20bol3c_20211228_164212_3356901075_600_800_mask.png,dem ser produzidos com quali.
75,51,150,103,402,218,552,321,402,218,552,218,552,321,402,321,text,text,text_3,raleway,regular,10,20bol3c_20211228_164212_3356901075_600_800.png,/scratch/parceirosbr/bigoilict/share/BigOil/document_generator/datasets/documents_2021_12_28/20bol3c_20211228_164212_3356901075_600_800.png,20bol3c_20211228_164212_3356901075_600_800_mask.png,nan
64,6,129,12,423,322,552,334,423,322,552,322,552,334,423,334,sub_line_text,text,text_4,raleway,regular,10,20bol3c_20211228_164212_3356901075_600_800.png,/scratch/parceirosbr/bigoilict/share/BigOil/document_generator/datasets/documents_2021_12_28/20bol3c_20211228_164212_3356901075_600_800.png,20bol3c_20211228_164212_3356901075_600_800_mask.png,A  hidrólise  do material lig-
74,6,148,12,402,335,550,347,402,335,550,335,550,347,402,347,sub_line_text,text,text_4,raleway,regular,10,20bol3c_20211228_164212_3356901075_600_800.png,/scratch/parceirosbr/bigoilict/share/BigOil/document_generator/datasets/documents_2021_12_28/20bol3c_20211228_164212_3356901075_600_800.png,20bol3c_20211228_164212_3356901075_600_800_mask.png,nocelulósico  visa quebrar a ce-
74,6,148,12,402,348,550,360,402,348,550,348,550,360,402,360,sub_line_text,text,text_4,raleway,regular,10,20bol3c_20211228_164212_3356901075_600_800.png,/scratch/parceirosbr/bigoilict/share/BigOil/document_generator/datasets/documents_2021_12_28/20bol3c_20211228_164212_3356901075_600_800.png,20bol3c_20211228_164212_3356901075_600_800_mask.png,lulose  e  a hemicelulose em s-
74,6,148,12,402,361,550,373,402,361,550,361,550,373,402,373,sub_line_text,text,text_4,raleway,regular,10,20bol3c_20211228_164212_3356901075_600_800.png,/scratch/parceirosbr/bigoilict/share/BigOil/document_generator/datasets/documents_2021_12_28/20bol3c_20211228_164212_3356901075_600_800.png,20bol3c_20211228_164212_3356901075_600_800_mask.png,"eus  açúcares  constituintes, pa-"
75,6,150,12,402,374,552,386,402,374,552,374,552,386,402,386,sub_line_text,text,text_4,raleway,regular,10,20bol3c_20211228_164212_3356901075_600_800.png,/scratch/parceirosbr/bigoilict/share/BigOil/document_generator/datasets/documents_2021_12_28/20bol3c_20211228_164212_3356901075_600_800.png,20bol3c_20211228_164212_3356901075_600_800_mask.png,ra  que  os mesmos possam ser
74,6,149,12,402,387,551,399,402,387,551,387,551,399,402,399,sub_line_text,text,text_4,raleway,regular,10,20bol3c_20211228_164212_3356901075_600_800.png,/scratch/parceirosbr/bigoilict/share/BigOil/document_generator/datasets/documents_2021_12_28/20bol3c_20211228_164212_3356901075_600_800.png,20bol3c_20211228_164212_3356901075_600_800_mask.png,fermentados   através  de  leve-
75,6,150,12,402,400,552,412,402,400,552,400,552,412,402,412,sub_line_text,text,text_4,raleway,regular,10,20bol3c_20211228_164212_3356901075_600_800.png,/scratch/parceirosbr/bigoilict/share/BigOil/document_generator/datasets/documents_2021_12_28/20bol3c_20211228_164212_3356901075_600_800.png,20bol3c_20211228_164212_3356901075_600_800_mask.png,"duras  e,  assim, gerar etanol. C-"
75,6,150,12,402,413,552,425,402,413,552,413,552,425,402,425,sub_line_text,text,text_4,raleway,regular,10,20bol3c_20211228_164212_3356901075_600_800.png,/scratch/parceirosbr/bigoilict/share/BigOil/document_generator/datasets/documents_2021_12_28/20bol3c_20211228_164212_3356901075_600_800.png,20bol3c_20211228_164212_3356901075_600_800_mask.png,omo  as  análises fornecidas pe-
74,6,148,12,402,426,550,438,402,426,550,426,550,438,402,438,sub_line_text,text,text_4,raleway,regular,10,20bol3c_20211228_164212_3356901075_600_800.png,/scratch/parceirosbr/bigoilict/share/BigOil/document_generator/datasets/documents_2021_12_28/20bol3c_20211228_164212_3356901075_600_800.png,20bol3c_20211228_164212_3356901075_600_800_mask.png,lo  de  da são compostas por g-
77,32,154,64,402,465,556,529,402,465,556,465,556,529,402,529,list,list,list_4,raleway,raleway,10,20bol3c_20211228_164212_3356901075_600_800.png,/scratch/parceirosbr/bigoilict/share/BigOil/document_generator/datasets/documents_2021_12_28/20bol3c_20211228_164212_3356901075_600_800.png,20bol3c_20211228_164212_3356901075_600_800_mask.png,
74,6,149,12,402,439,551,451,402,439,551,439,551,451,402,451,sub_line_text,text,text_4,raleway,regular,10,20bol3c_20211228_164212_3356901075_600_800.png,/scratch/parceirosbr/bigoilict/share/BigOil/document_generator/datasets/documents_2021_12_28/20bol3c_20211228_164212_3356901075_600_800.png,20bol3c_20211228_164212_3356901075_600_800_mask.png,"rupos   de   componentes,  sem"
72,6,145,12,402,452,547,464,402,452,547,452,547,464,402,464,sub_line_text,text,text_4,raleway,regular,10,20bol3c_20211228_164212_3356901075_600_800.png,/scratch/parceirosbr/bigoilict/share/BigOil/document_generator/datasets/documents_2021_12_28/20bol3c_20211228_164212_3356901075_600_800.png,20bol3c_20211228_164212_3356901075_600_800_mask.png,determinar as espécies que os.
75,71,150,142,402,322,552,464,402,322,552,322,552,464,402,464,text,text,text_4,raleway,regular,10,20bol3c_20211228_164212_3356901075_600_800.png,/scratch/parceirosbr/bigoilict/share/BigOil/document_generator/datasets/documents_2021_12_28/20bol3c_20211228_164212_3356901075_600_800.png,20bol3c_20211228_164212_3356901075_600_800_mask.png,nan
74,6,148,12,402,465,550,477,402,465,550,465,550,477,402,477,sub_line_text,list,list_4,raleway,regular,10,20bol3c_20211228_164212_3356901075_600_800.png,/scratch/parceirosbr/bigoilict/share/BigOil/document_generator/datasets/documents_2021_12_28/20bol3c_20211228_164212_3356901075_600_800.png,20bol3c_20211228_164212_3356901075_600_800_mask.png,-  Exploração apenas as na de o
75,6,150,12,402,478,552,490,402,478,552,478,552,490,402,490,sub_line_text,list,list_4,raleway,regular,10,20bol3c_20211228_164212_3356901075_600_800.png,/scratch/parceirosbr/bigoilict/share/BigOil/document_generator/datasets/documents_2021_12_28/20bol3c_20211228_164212_3356901075_600_800.png,20bol3c_20211228_164212_3356901075_600_800_mask.png,"-  Nesse caso, esta manifesta-se"
73,6,146,12,402,491,548,503,402,491,548,491,548,503,402,503,sub_line_text,list,list_4,raleway,regular,10,20bol3c_20211228_164212_3356901075_600_800.png,/scratch/parceirosbr/bigoilict/share/BigOil/document_generator/datasets/documents_2021_12_28/20bol3c_20211228_164212_3356901075_600_800.png,20bol3c_20211228_164212_3356901075_600_800_mask.png,-  NOTAS: 1. em 31/12 dos anos
77,6,154,12,402,504,556,516,402,504,556,504,556,516,402,516,sub_line_text,list,list_4,raleway,regular,10,20bol3c_20211228_164212_3356901075_600_800.png,/scratch/parceirosbr/bigoilict/share/BigOil/document_generator/datasets/documents_2021_12_28/20bol3c_20211228_164212_3356901075_600_800.png,20bol3c_20211228_164212_3356901075_600_800_mask.png,"-  Com        tal        interpretação,"
37,6,75,12,412,517,487,529,412,517,487,517,487,529,412,529,sub_line_text,list,list_4,raleway,regular,10,20bol3c_20211228_164212_3356901075_600_800.png,/scratch/parceirosbr/bigoilict/share/BigOil/document_generator/datasets/documents_2021_12_28/20bol3c_20211228_164212_3356901075_600_800.png,20bol3c_20211228_164212_3356901075_600_800_mask.png,constrói-se uma
64,6,129,12,423,530,552,542,423,530,552,530,552,542,423,542,sub_line_text,text,text_5,raleway,regular,10,20bol3c_20211228_164212_3356901075_600_800.png,/scratch/parceirosbr/bigoilict/share/BigOil/document_generator/datasets/documents_2021_12_28/20bol3c_20211228_164212_3356901075_600_800.png,20bol3c_20211228_164212_3356901075_600_800_mask.png,Forte   proteção  intelectual
75,6,150,12,402,543,552,555,402,543,552,543,552,555,402,555,sub_line_text,text,text_5,raleway,regular,10,20bol3c_20211228_164212_3356901075_600_800.png,/scratch/parceirosbr/bigoilict/share/BigOil/document_generator/datasets/documents_2021_12_28/20bol3c_20211228_164212_3356901075_600_800.png,20bol3c_20211228_164212_3356901075_600_800_mask.png,dos  processos  também  é ess-
75,6,150,12,402,556,552,568,402,556,552,556,552,568,402,568,sub_line_text,text,text_5,raleway,regular,10,20bol3c_20211228_164212_3356901075_600_800.png,/scratch/parceirosbr/bigoilict/share/BigOil/document_generator/datasets/documents_2021_12_28/20bol3c_20211228_164212_3356901075_600_800.png,20bol3c_20211228_164212_3356901075_600_800_mask.png,"encial,  sendo  as patentes de c-"
74,6,148,12,402,569,550,581,402,569,550,569,550,581,402,581,sub_line_text,text,text_5,raleway,regular,10,20bol3c_20211228_164212_3356901075_600_800.png,/scratch/parceirosbr/bigoilict/share/BigOil/document_generator/datasets/documents_2021_12_28/20bol3c_20211228_164212_3356901075_600_800.png,20bol3c_20211228_164212_3356901075_600_800_mask.png,"atalisadores,     biocatalisadores,"
74,6,149,12,402,582,551,594,402,582,551,582,551,594,402,594,sub_line_text,text,text_5,raleway,regular,10,20bol3c_20211228_164212_3356901075_600_800.png,/scratch/parceirosbr/bigoilict/share/BigOil/document_generator/datasets/documents_2021_12_28/20bol3c_20211228_164212_3356901075_600_800.png,20bol3c_20211228_164212_3356901075_600_800_mask.png,rotas  bioquímicas  e  processos
74,6,148,12,402,595,550,607,402,595,550,595,550,607,402,607,sub_line_text,text,text_5,raleway,regular,10,20bol3c_20211228_164212_3356901075_600_800.png,/scratch/parceirosbr/bigoilict/share/BigOil/document_generator/datasets/documents_2021_12_28/20bol3c_20211228_164212_3356901075_600_800.png,20bol3c_20211228_164212_3356901075_600_800_mask.png,recursos-chave.   Ja   na  regiao
75,6,150,12,402,608,552,620,402,608,552,608,552,620,402,620,sub_line_text,text,text_5,raleway,regular,10,20bol3c_20211228_164212_3356901075_600_800.png,/scratch/parceirosbr/bigoilict/share/BigOil/document_generator/datasets/documents_2021_12_28/20bol3c_20211228_164212_3356901075_600_800.png,20bol3c_20211228_164212_3356901075_600_800_mask.png,"onde  avelocidade  e  vpz  2000,"
77,19,154,38,402,660,556,698,402,660,556,660,556,698,402,698,list,list,list_5,raleway,raleway,10,20bol3c_20211228_164212_3356901075_600_800.png,/scratch/parceirosbr/bigoilict/share/BigOil/document_generator/datasets/documents_2021_12_28/20bol3c_20211228_164212_3356901075_600_800.png,20bol3c_20211228_164212_3356901075_600_800_mask.png,
74,6,149,12,402,621,551,633,402,621,551,621,551,633,402,633,sub_line_text,text,text_5,raleway,regular,10,20bol3c_20211228_164212_3356901075_600_800.png,/scratch/parceirosbr/bigoilict/share/BigOil/document_generator/datasets/documents_2021_12_28/20bol3c_20211228_164212_3356901075_600_800.png,20bol3c_20211228_164212_3356901075_600_800_mask.png,0  m/s  foi  atribuido  os valores
75,6,150,12,402,634,552,646,402,634,552,634,552,646,402,646,sub_line_text,text,text_5,raleway,regular,10,20bol3c_20211228_164212_3356901075_600_800.png,/scratch/parceirosbr/bigoilict/share/BigOil/document_generator/datasets/documents_2021_12_28/20bol3c_20211228_164212_3356901075_600_800.png,20bol3c_20211228_164212_3356901075_600_800_mask.png,"de  0,  24  e  0, 1. da modelagem"
72,6,144,12,402,647,546,659,402,647,546,647,546,659,402,659,sub_line_text,text,text_5,raleway,regular,10,20bol3c_20211228_164212_3356901075_600_800.png,/scratch/parceirosbr/bigoilict/share/BigOil/document_generator/datasets/documents_2021_12_28/20bol3c_20211228_164212_3356901075_600_800.png,20bol3c_20211228_164212_3356901075_600_800_mask.png,numerica encontram-se na 5.2..
75,64,150,129,402,530,552,659,402,530,552,530,552,659,402,659,text,text,text_5,raleway,regular,10,20bol3c_20211228_164212_3356901075_600_800.png,/scratch/parceirosbr/bigoilict/share/BigOil/document_generator/datasets/documents_2021_12_28/20bol3c_20211228_164212_3356901075_600_800.png,20bol3c_20211228_164212_3356901075_600_800_mask.png,nan
69,6,138,12,402,660,540,672,402,660,540,660,540,672,402,672,sub_line_text,list,list_5,raleway,regular,10,20bol3c_20211228_164212_3356901075_600_800.png,/scratch/parceirosbr/bigoilict/share/BigOil/document_generator/datasets/documents_2021_12_28/20bol3c_20211228_164212_3356901075_600_800.png,20bol3c_20211228_164212_3356901075_600_800_mask.png,-  Estas unidades de pesquisa
77,6,154,12,402,673,556,685,402,673,556,673,556,685,402,685,sub_line_text,list,list_5,raleway,regular,10,20bol3c_20211228_164212_3356901075_600_800.png,/scratch/parceirosbr/bigoilict/share/BigOil/document_generator/datasets/documents_2021_12_28/20bol3c_20211228_164212_3356901075_600_800.png,20bol3c_20211228_164212_3356901075_600_800_mask.png,"-  Entretanto,        para        maior"
71,6,142,12,412,686,554,698,412,686,554,686,554,698,412,698,sub_line_text,list,list_5,raleway,regular,10,20bol3c_20211228_164212_3356901075_600_800.png,/scratch/parceirosbr/bigoilict/share/BigOil/document_generator/datasets/documents_2021_12_28/20bol3c_20211228_164212_3356901075_600_800.png,20bol3c_20211228_164212_3356901075_600_800_mask.png,representatividade             dos
