center_x,center_y,width,height,xmin,ymin,xmax,ymax,top_left_x,top_left_y,top_right_x,top_right_y,bottom_right_x,bottom_right_y,bottom_left_x,bottom_left_y,label,grouplabel,group,text_font,text_style,size_font,filename,path,filename_mask,content
300,400,600,800,0,0,600,800,0,0,600,0,600,800,0,800,document,,,,,,22bol2_20211228_164301_5836871475_600_800.png,/scratch/parceirosbr/bigoilict/share/BigOil/document_generator/datasets/documents_2021_12_28/22bol2_20211228_164301_5836871475_600_800.png,22bol2_20211228_164301_5836871475_600_800_mask.png,
187,0,374,1,147,679,521,680,147,679,521,679,521,680,147,680,line,line,line,,,,22bol2_20211228_164301_5836871475_600_800.png,/scratch/parceirosbr/bigoilict/share/BigOil/document_generator/datasets/documents_2021_12_28/22bol2_20211228_164301_5836871475_600_800.png,22bol2_20211228_164301_5836871475_600_800_mask.png,nan
4,4,9,9,147,679,156,688,147,679,156,679,156,688,147,688,sub_line_text,numpag,footer_1,raleway,regular,8,22bol2_20211228_164301_5836871475_600_800.png,/scratch/parceirosbr/bigoilict/share/BigOil/document_generator/datasets/documents_2021_12_28/22bol2_20211228_164301_5836871475_600_800.png,22bol2_20211228_164301_5836871475_600_800_mask.png,56
4,4,9,9,147,679,156,688,147,679,156,679,156,688,147,688,text,numpag,footer_1,raleway,regular,8,22bol2_20211228_164301_5836871475_600_800.png,/scratch/parceirosbr/bigoilict/share/BigOil/document_generator/datasets/documents_2021_12_28/22bol2_20211228_164301_5836871475_600_800.png,22bol2_20211228_164301_5836871475_600_800_mask.png,nan
1,4,2,9,158,679,160,688,158,679,160,679,160,688,158,688,sub_line_text,footer,footer_1,raleway,regular,8,22bol2_20211228_164301_5836871475_600_800.png,/scratch/parceirosbr/bigoilict/share/BigOil/document_generator/datasets/documents_2021_12_28/22bol2_20211228_164301_5836871475_600_800.png,22bol2_20211228_164301_5836871475_600_800_mask.png,|
1,4,2,9,158,679,160,688,158,679,160,679,160,688,158,688,text,footer,footer_1,raleway,regular,8,22bol2_20211228_164301_5836871475_600_800.png,/scratch/parceirosbr/bigoilict/share/BigOil/document_generator/datasets/documents_2021_12_28/22bol2_20211228_164301_5836871475_600_800.png,22bol2_20211228_164301_5836871475_600_800_mask.png,nan
41,4,83,9,160,679,243,688,160,679,243,679,243,688,160,688,sub_line_text,footer,footer_1,raleway,regular,8,22bol2_20211228_164301_5836871475_600_800.png,/scratch/parceirosbr/bigoilict/share/BigOil/document_generator/datasets/documents_2021_12_28/22bol2_20211228_164301_5836871475_600_800.png,22bol2_20211228_164301_5836871475_600_800_mask.png,"A dinâmica observada,"
41,4,83,9,160,679,243,688,160,679,243,679,243,688,160,688,text,footer,footer_1,raleway,regular,8,22bol2_20211228_164301_5836871475_600_800.png,/scratch/parceirosbr/bigoilict/share/BigOil/document_generator/datasets/documents_2021_12_28/22bol2_20211228_164301_5836871475_600_800.png,22bol2_20211228_164301_5836871475_600_800_mask.png,nan
181,90,362,181,152,98,514,279,152,98,514,98,514,279,152,279,table,table_image,table_0,,,,22bol2_20211228_164301_5836871475_600_800.png,/scratch/parceirosbr/bigoilict/share/BigOil/document_generator/datasets/documents_2021_12_28/22bol2_20211228_164301_5836871475_600_800.png,22bol2_20211228_164301_5836871475_600_800_mask.png,output/gen_tab_20211228_164302_4712865156.png
16,4,32,9,209,101,241,110,209,101,241,101,241,110,209,110,text,table_text,table_0,raleway,italic,8.0,22bol2_20211228_164301_5836871475_600_800.png,/scratch/parceirosbr/bigoilict/share/BigOil/document_generator/datasets/documents_2021_12_28/22bol2_20211228_164301_5836871475_600_800.png,22bol2_20211228_164301_5836871475_600_800_mask.png,emissões
16,4,32,9,209,101,241,110,209,101,241,101,241,110,209,110,sub_line_text,table_text,table_0,raleway,italic,8.0,22bol2_20211228_164301_5836871475_600_800.png,/scratch/parceirosbr/bigoilict/share/BigOil/document_generator/datasets/documents_2021_12_28/22bol2_20211228_164301_5836871475_600_800.png,22bol2_20211228_164301_5836871475_600_800_mask.png,emissões
21,4,43,9,198,114,241,123,198,114,241,114,241,123,198,123,text,table_text,table_0,raleway,bold,8.0,22bol2_20211228_164301_5836871475_600_800.png,/scratch/parceirosbr/bigoilict/share/BigOil/document_generator/datasets/documents_2021_12_28/22bol2_20211228_164301_5836871475_600_800.png,22bol2_20211228_164301_5836871475_600_800_mask.png,9678838.04
21,4,43,9,198,114,241,123,198,114,241,114,241,123,198,123,sub_line_text,table_text,table_0,raleway,bold,8.0,22bol2_20211228_164301_5836871475_600_800.png,/scratch/parceirosbr/bigoilict/share/BigOil/document_generator/datasets/documents_2021_12_28/22bol2_20211228_164301_5836871475_600_800.png,22bol2_20211228_164301_5836871475_600_800_mask.png,9678838.04
12,4,25,9,217,127,242,136,217,127,242,127,242,136,217,136,text,table_text,table_0,raleway,bold,8.0,22bol2_20211228_164301_5836871475_600_800.png,/scratch/parceirosbr/bigoilict/share/BigOil/document_generator/datasets/documents_2021_12_28/22bol2_20211228_164301_5836871475_600_800.png,22bol2_20211228_164301_5836871475_600_800_mask.png,850.85
12,4,25,9,217,127,242,136,217,127,242,127,242,136,217,136,sub_line_text,table_text,table_0,raleway,bold,8.0,22bol2_20211228_164301_5836871475_600_800.png,/scratch/parceirosbr/bigoilict/share/BigOil/document_generator/datasets/documents_2021_12_28/22bol2_20211228_164301_5836871475_600_800.png,22bol2_20211228_164301_5836871475_600_800_mask.png,850.85
12,4,25,9,217,139,242,148,217,139,242,139,242,148,217,148,text,table_text,table_0,raleway,bold,8.0,22bol2_20211228_164301_5836871475_600_800.png,/scratch/parceirosbr/bigoilict/share/BigOil/document_generator/datasets/documents_2021_12_28/22bol2_20211228_164301_5836871475_600_800.png,22bol2_20211228_164301_5836871475_600_800_mask.png,164.47
12,4,25,9,217,139,242,148,217,139,242,139,242,148,217,148,sub_line_text,table_text,table_0,raleway,bold,8.0,22bol2_20211228_164301_5836871475_600_800.png,/scratch/parceirosbr/bigoilict/share/BigOil/document_generator/datasets/documents_2021_12_28/22bol2_20211228_164301_5836871475_600_800.png,22bol2_20211228_164301_5836871475_600_800_mask.png,164.47
14,4,29,9,213,152,242,161,213,152,242,152,242,161,213,161,text,table_text,table_0,raleway,bold,8.0,22bol2_20211228_164301_5836871475_600_800.png,/scratch/parceirosbr/bigoilict/share/BigOil/document_generator/datasets/documents_2021_12_28/22bol2_20211228_164301_5836871475_600_800.png,22bol2_20211228_164301_5836871475_600_800_mask.png,2967.16
14,4,29,9,213,152,242,161,213,152,242,152,242,161,213,161,sub_line_text,table_text,table_0,raleway,bold,8.0,22bol2_20211228_164301_5836871475_600_800.png,/scratch/parceirosbr/bigoilict/share/BigOil/document_generator/datasets/documents_2021_12_28/22bol2_20211228_164301_5836871475_600_800.png,22bol2_20211228_164301_5836871475_600_800_mask.png,2967.16
12,4,25,9,217,165,242,174,217,165,242,165,242,174,217,174,text,table_text,table_0,raleway,bold,8.0,22bol2_20211228_164301_5836871475_600_800.png,/scratch/parceirosbr/bigoilict/share/BigOil/document_generator/datasets/documents_2021_12_28/22bol2_20211228_164301_5836871475_600_800.png,22bol2_20211228_164301_5836871475_600_800_mask.png,903.84
12,4,25,9,217,165,242,174,217,165,242,165,242,174,217,174,sub_line_text,table_text,table_0,raleway,bold,8.0,22bol2_20211228_164301_5836871475_600_800.png,/scratch/parceirosbr/bigoilict/share/BigOil/document_generator/datasets/documents_2021_12_28/22bol2_20211228_164301_5836871475_600_800.png,22bol2_20211228_164301_5836871475_600_800_mask.png,903.84
16,4,32,9,209,177,241,186,209,177,241,177,241,186,209,186,text,table_text,table_0,raleway,bold,8.0,22bol2_20211228_164301_5836871475_600_800.png,/scratch/parceirosbr/bigoilict/share/BigOil/document_generator/datasets/documents_2021_12_28/22bol2_20211228_164301_5836871475_600_800.png,22bol2_20211228_164301_5836871475_600_800_mask.png,10900.31
16,4,32,9,209,177,241,186,209,177,241,177,241,186,209,186,sub_line_text,table_text,table_0,raleway,bold,8.0,22bol2_20211228_164301_5836871475_600_800.png,/scratch/parceirosbr/bigoilict/share/BigOil/document_generator/datasets/documents_2021_12_28/22bol2_20211228_164301_5836871475_600_800.png,22bol2_20211228_164301_5836871475_600_800_mask.png,10900.31
15,4,30,9,212,190,242,199,212,190,242,190,242,199,212,199,text,table_text,table_0,raleway,bold,8.0,22bol2_20211228_164301_5836871475_600_800.png,/scratch/parceirosbr/bigoilict/share/BigOil/document_generator/datasets/documents_2021_12_28/22bol2_20211228_164301_5836871475_600_800.png,22bol2_20211228_164301_5836871475_600_800_mask.png,6078.68
15,4,30,9,212,190,242,199,212,190,242,190,242,199,212,199,sub_line_text,table_text,table_0,raleway,bold,8.0,22bol2_20211228_164301_5836871475_600_800.png,/scratch/parceirosbr/bigoilict/share/BigOil/document_generator/datasets/documents_2021_12_28/22bol2_20211228_164301_5836871475_600_800.png,22bol2_20211228_164301_5836871475_600_800_mask.png,6078.68
11,4,23,9,218,203,241,212,218,203,241,203,241,212,218,212,text,table_text,table_0,raleway,bold,8.0,22bol2_20211228_164301_5836871475_600_800.png,/scratch/parceirosbr/bigoilict/share/BigOil/document_generator/datasets/documents_2021_12_28/22bol2_20211228_164301_5836871475_600_800.png,22bol2_20211228_164301_5836871475_600_800_mask.png,174.56
11,4,23,9,218,203,241,212,218,203,241,203,241,212,218,212,sub_line_text,table_text,table_0,raleway,bold,8.0,22bol2_20211228_164301_5836871475_600_800.png,/scratch/parceirosbr/bigoilict/share/BigOil/document_generator/datasets/documents_2021_12_28/22bol2_20211228_164301_5836871475_600_800.png,22bol2_20211228_164301_5836871475_600_800_mask.png,174.56
20,4,40,9,201,215,241,224,201,215,241,215,241,224,201,224,text,table_text,table_0,raleway,bold,8.0,22bol2_20211228_164301_5836871475_600_800.png,/scratch/parceirosbr/bigoilict/share/BigOil/document_generator/datasets/documents_2021_12_28/22bol2_20211228_164301_5836871475_600_800.png,22bol2_20211228_164301_5836871475_600_800_mask.png,7350637.84
20,4,40,9,201,215,241,224,201,215,241,215,241,224,201,224,sub_line_text,table_text,table_0,raleway,bold,8.0,22bol2_20211228_164301_5836871475_600_800.png,/scratch/parceirosbr/bigoilict/share/BigOil/document_generator/datasets/documents_2021_12_28/22bol2_20211228_164301_5836871475_600_800.png,22bol2_20211228_164301_5836871475_600_800_mask.png,7350637.84
12,4,24,9,217,228,241,237,217,228,241,228,241,237,217,237,text,table_text,table_0,raleway,bold,8.0,22bol2_20211228_164301_5836871475_600_800.png,/scratch/parceirosbr/bigoilict/share/BigOil/document_generator/datasets/documents_2021_12_28/22bol2_20211228_164301_5836871475_600_800.png,22bol2_20211228_164301_5836871475_600_800_mask.png,721.89
12,4,24,9,217,228,241,237,217,228,241,228,241,237,217,237,sub_line_text,table_text,table_0,raleway,bold,8.0,22bol2_20211228_164301_5836871475_600_800.png,/scratch/parceirosbr/bigoilict/share/BigOil/document_generator/datasets/documents_2021_12_28/22bol2_20211228_164301_5836871475_600_800.png,22bol2_20211228_164301_5836871475_600_800_mask.png,721.89
21,4,42,9,199,241,241,250,199,241,241,241,241,250,199,250,text,table_text,table_0,raleway,bold,8.0,22bol2_20211228_164301_5836871475_600_800.png,/scratch/parceirosbr/bigoilict/share/BigOil/document_generator/datasets/documents_2021_12_28/22bol2_20211228_164301_5836871475_600_800.png,22bol2_20211228_164301_5836871475_600_800_mask.png,4001976.61
21,4,42,9,199,241,241,250,199,241,241,241,241,250,199,250,sub_line_text,table_text,table_0,raleway,bold,8.0,22bol2_20211228_164301_5836871475_600_800.png,/scratch/parceirosbr/bigoilict/share/BigOil/document_generator/datasets/documents_2021_12_28/22bol2_20211228_164301_5836871475_600_800.png,22bol2_20211228_164301_5836871475_600_800_mask.png,4001976.61
15,4,30,9,479,253,509,262,479,253,509,253,509,262,479,262,text,table_text,table_0,raleway,regular,8.0,22bol2_20211228_164301_5836871475_600_800.png,/scratch/parceirosbr/bigoilict/share/BigOil/document_generator/datasets/documents_2021_12_28/22bol2_20211228_164301_5836871475_600_800.png,22bol2_20211228_164301_5836871475_600_800_mask.png,47146.29
15,4,30,9,479,253,509,262,479,253,509,253,509,262,479,262,sub_line_text,table_text,table_0,raleway,regular,8.0,22bol2_20211228_164301_5836871475_600_800.png,/scratch/parceirosbr/bigoilict/share/BigOil/document_generator/datasets/documents_2021_12_28/22bol2_20211228_164301_5836871475_600_800.png,22bol2_20211228_164301_5836871475_600_800_mask.png,47146.29
2,4,4,9,299,101,303,110,299,101,303,101,303,110,299,110,text,table_text,table_0,raleway,italic,8.0,22bol2_20211228_164301_5836871475_600_800.png,/scratch/parceirosbr/bigoilict/share/BigOil/document_generator/datasets/documents_2021_12_28/22bol2_20211228_164301_5836871475_600_800.png,22bol2_20211228_164301_5836871475_600_800_mask.png,e
2,4,4,9,299,101,303,110,299,101,303,101,303,110,299,110,sub_line_text,table_text,table_0,raleway,italic,8.0,22bol2_20211228_164301_5836871475_600_800.png,/scratch/parceirosbr/bigoilict/share/BigOil/document_generator/datasets/documents_2021_12_28/22bol2_20211228_164301_5836871475_600_800.png,22bol2_20211228_164301_5836871475_600_800_mask.png,e
16,4,32,9,271,114,303,123,271,114,303,114,303,123,271,123,text,table_text,table_0,raleway,bold,8.0,22bol2_20211228_164301_5836871475_600_800.png,/scratch/parceirosbr/bigoilict/share/BigOil/document_generator/datasets/documents_2021_12_28/22bol2_20211228_164301_5836871475_600_800.png,22bol2_20211228_164301_5836871475_600_800_mask.png,324505.9
16,4,32,9,271,114,303,123,271,114,303,114,303,123,271,123,sub_line_text,table_text,table_0,raleway,bold,8.0,22bol2_20211228_164301_5836871475_600_800.png,/scratch/parceirosbr/bigoilict/share/BigOil/document_generator/datasets/documents_2021_12_28/22bol2_20211228_164301_5836871475_600_800.png,22bol2_20211228_164301_5836871475_600_800_mask.png,324505.9
12,4,24,9,280,127,304,136,280,127,304,127,304,136,280,136,text,table_text,table_0,raleway,bold,8.0,22bol2_20211228_164301_5836871475_600_800.png,/scratch/parceirosbr/bigoilict/share/BigOil/document_generator/datasets/documents_2021_12_28/22bol2_20211228_164301_5836871475_600_800.png,22bol2_20211228_164301_5836871475_600_800_mask.png,9104.1
12,4,24,9,280,127,304,136,280,127,304,127,304,136,280,136,sub_line_text,table_text,table_0,raleway,bold,8.0,22bol2_20211228_164301_5836871475_600_800.png,/scratch/parceirosbr/bigoilict/share/BigOil/document_generator/datasets/documents_2021_12_28/22bol2_20211228_164301_5836871475_600_800.png,22bol2_20211228_164301_5836871475_600_800_mask.png,9104.1
16,4,32,9,272,139,304,148,272,139,304,139,304,148,272,148,text,table_text,table_0,raleway,bold,8.0,22bol2_20211228_164301_5836871475_600_800.png,/scratch/parceirosbr/bigoilict/share/BigOil/document_generator/datasets/documents_2021_12_28/22bol2_20211228_164301_5836871475_600_800.png,22bol2_20211228_164301_5836871475_600_800_mask.png,813927.1
16,4,32,9,272,139,304,148,272,139,304,139,304,148,272,148,sub_line_text,table_text,table_0,raleway,bold,8.0,22bol2_20211228_164301_5836871475_600_800.png,/scratch/parceirosbr/bigoilict/share/BigOil/document_generator/datasets/documents_2021_12_28/22bol2_20211228_164301_5836871475_600_800.png,22bol2_20211228_164301_5836871475_600_800_mask.png,813927.1
17,4,34,9,269,152,303,161,269,152,303,152,303,161,269,161,text,table_text,table_0,raleway,bold,8.0,22bol2_20211228_164301_5836871475_600_800.png,/scratch/parceirosbr/bigoilict/share/BigOil/document_generator/datasets/documents_2021_12_28/22bol2_20211228_164301_5836871475_600_800.png,22bol2_20211228_164301_5836871475_600_800_mask.png,628610.0
17,4,34,9,269,152,303,161,269,152,303,152,303,161,269,161,sub_line_text,table_text,table_0,raleway,bold,8.0,22bol2_20211228_164301_5836871475_600_800.png,/scratch/parceirosbr/bigoilict/share/BigOil/document_generator/datasets/documents_2021_12_28/22bol2_20211228_164301_5836871475_600_800.png,22bol2_20211228_164301_5836871475_600_800_mask.png,628610.0
16,4,32,9,272,165,304,174,272,165,304,165,304,174,272,174,text,table_text,table_0,raleway,bold,8.0,22bol2_20211228_164301_5836871475_600_800.png,/scratch/parceirosbr/bigoilict/share/BigOil/document_generator/datasets/documents_2021_12_28/22bol2_20211228_164301_5836871475_600_800.png,22bol2_20211228_164301_5836871475_600_800_mask.png,573146.0
16,4,32,9,272,165,304,174,272,165,304,165,304,174,272,174,sub_line_text,table_text,table_0,raleway,bold,8.0,22bol2_20211228_164301_5836871475_600_800.png,/scratch/parceirosbr/bigoilict/share/BigOil/document_generator/datasets/documents_2021_12_28/22bol2_20211228_164301_5836871475_600_800.png,22bol2_20211228_164301_5836871475_600_800_mask.png,573146.0
14,4,28,9,276,177,304,186,276,177,304,177,304,186,276,186,text,table_text,table_0,raleway,bold,8.0,22bol2_20211228_164301_5836871475_600_800.png,/scratch/parceirosbr/bigoilict/share/BigOil/document_generator/datasets/documents_2021_12_28/22bol2_20211228_164301_5836871475_600_800.png,22bol2_20211228_164301_5836871475_600_800_mask.png,76338.8
14,4,28,9,276,177,304,186,276,177,304,177,304,186,276,186,sub_line_text,table_text,table_0,raleway,bold,8.0,22bol2_20211228_164301_5836871475_600_800.png,/scratch/parceirosbr/bigoilict/share/BigOil/document_generator/datasets/documents_2021_12_28/22bol2_20211228_164301_5836871475_600_800.png,22bol2_20211228_164301_5836871475_600_800_mask.png,76338.8
12,4,24,9,280,190,304,199,280,190,304,190,304,199,280,199,text,table_text,table_0,raleway,bold,8.0,22bol2_20211228_164301_5836871475_600_800.png,/scratch/parceirosbr/bigoilict/share/BigOil/document_generator/datasets/documents_2021_12_28/22bol2_20211228_164301_5836871475_600_800.png,22bol2_20211228_164301_5836871475_600_800_mask.png,2885.1
12,4,24,9,280,190,304,199,280,190,304,190,304,199,280,199,sub_line_text,table_text,table_0,raleway,bold,8.0,22bol2_20211228_164301_5836871475_600_800.png,/scratch/parceirosbr/bigoilict/share/BigOil/document_generator/datasets/documents_2021_12_28/22bol2_20211228_164301_5836871475_600_800.png,22bol2_20211228_164301_5836871475_600_800_mask.png,2885.1
12,4,25,9,279,203,304,212,279,203,304,203,304,212,279,212,text,table_text,table_0,raleway,bold,8.0,22bol2_20211228_164301_5836871475_600_800.png,/scratch/parceirosbr/bigoilict/share/BigOil/document_generator/datasets/documents_2021_12_28/22bol2_20211228_164301_5836871475_600_800.png,22bol2_20211228_164301_5836871475_600_800_mask.png,6548.0
12,4,25,9,279,203,304,212,279,203,304,203,304,212,279,212,sub_line_text,table_text,table_0,raleway,bold,8.0,22bol2_20211228_164301_5836871475_600_800.png,/scratch/parceirosbr/bigoilict/share/BigOil/document_generator/datasets/documents_2021_12_28/22bol2_20211228_164301_5836871475_600_800.png,22bol2_20211228_164301_5836871475_600_800_mask.png,6548.0
16,4,33,9,270,215,303,224,270,215,303,215,303,224,270,224,text,table_text,table_0,raleway,bold,8.0,22bol2_20211228_164301_5836871475_600_800.png,/scratch/parceirosbr/bigoilict/share/BigOil/document_generator/datasets/documents_2021_12_28/22bol2_20211228_164301_5836871475_600_800.png,22bol2_20211228_164301_5836871475_600_800_mask.png,304706.2
16,4,33,9,270,215,303,224,270,215,303,215,303,224,270,224,sub_line_text,table_text,table_0,raleway,bold,8.0,22bol2_20211228_164301_5836871475_600_800.png,/scratch/parceirosbr/bigoilict/share/BigOil/document_generator/datasets/documents_2021_12_28/22bol2_20211228_164301_5836871475_600_800.png,22bol2_20211228_164301_5836871475_600_800_mask.png,304706.2
16,4,32,9,272,228,304,237,272,228,304,228,304,237,272,237,text,table_text,table_0,raleway,bold,8.0,22bol2_20211228_164301_5836871475_600_800.png,/scratch/parceirosbr/bigoilict/share/BigOil/document_generator/datasets/documents_2021_12_28/22bol2_20211228_164301_5836871475_600_800.png,22bol2_20211228_164301_5836871475_600_800_mask.png,514097.1
16,4,32,9,272,228,304,237,272,228,304,228,304,237,272,237,sub_line_text,table_text,table_0,raleway,bold,8.0,22bol2_20211228_164301_5836871475_600_800.png,/scratch/parceirosbr/bigoilict/share/BigOil/document_generator/datasets/documents_2021_12_28/22bol2_20211228_164301_5836871475_600_800.png,22bol2_20211228_164301_5836871475_600_800_mask.png,514097.1
15,4,30,9,274,241,304,250,274,241,304,241,304,250,274,250,text,table_text,table_0,raleway,bold,8.0,22bol2_20211228_164301_5836871475_600_800.png,/scratch/parceirosbr/bigoilict/share/BigOil/document_generator/datasets/documents_2021_12_28/22bol2_20211228_164301_5836871475_600_800.png,22bol2_20211228_164301_5836871475_600_800_mask.png,25002.8
15,4,30,9,274,241,304,250,274,241,304,241,304,250,274,250,sub_line_text,table_text,table_0,raleway,bold,8.0,22bol2_20211228_164301_5836871475_600_800.png,/scratch/parceirosbr/bigoilict/share/BigOil/document_generator/datasets/documents_2021_12_28/22bol2_20211228_164301_5836871475_600_800.png,22bol2_20211228_164301_5836871475_600_800_mask.png,25002.8
19,4,39,9,362,101,401,110,362,101,401,101,401,110,362,110,text,table_text,table_0,raleway,italic,8.0,22bol2_20211228_164301_5836871475_600_800.png,/scratch/parceirosbr/bigoilict/share/BigOil/document_generator/datasets/documents_2021_12_28/22bol2_20211228_164301_5836871475_600_800.png,22bol2_20211228_164301_5836871475_600_800_mask.png,calculadas
19,4,39,9,362,101,401,110,362,101,401,101,401,110,362,110,sub_line_text,table_text,table_0,raleway,italic,8.0,22bol2_20211228_164301_5836871475_600_800.png,/scratch/parceirosbr/bigoilict/share/BigOil/document_generator/datasets/documents_2021_12_28/22bol2_20211228_164301_5836871475_600_800.png,22bol2_20211228_164301_5836871475_600_800_mask.png,calculadas
31,4,62,9,340,114,402,123,340,114,402,114,402,123,340,123,text,table_text,table_0,raleway,bold,8.0,22bol2_20211228_164301_5836871475_600_800.png,/scratch/parceirosbr/bigoilict/share/BigOil/document_generator/datasets/documents_2021_12_28/22bol2_20211228_164301_5836871475_600_800.png,22bol2_20211228_164301_5836871475_600_800_mask.png,6489991199.232
31,4,62,9,340,114,402,123,340,114,402,114,402,123,340,123,sub_line_text,table_text,table_0,raleway,bold,8.0,22bol2_20211228_164301_5836871475_600_800.png,/scratch/parceirosbr/bigoilict/share/BigOil/document_generator/datasets/documents_2021_12_28/22bol2_20211228_164301_5836871475_600_800.png,22bol2_20211228_164301_5836871475_600_800_mask.png,6489991199.232
31,4,62,9,340,127,402,136,340,127,402,127,402,136,340,136,text,table_text,table_0,raleway,bold,8.0,22bol2_20211228_164301_5836871475_600_800.png,/scratch/parceirosbr/bigoilict/share/BigOil/document_generator/datasets/documents_2021_12_28/22bol2_20211228_164301_5836871475_600_800.png,22bol2_20211228_164301_5836871475_600_800_mask.png,4458344800.528
31,4,62,9,340,127,402,136,340,127,402,127,402,136,340,136,sub_line_text,table_text,table_0,raleway,bold,8.0,22bol2_20211228_164301_5836871475_600_800.png,/scratch/parceirosbr/bigoilict/share/BigOil/document_generator/datasets/documents_2021_12_28/22bol2_20211228_164301_5836871475_600_800.png,22bol2_20211228_164301_5836871475_600_800_mask.png,4458344800.528
29,4,59,9,343,139,402,148,343,139,402,139,402,148,343,148,text,table_text,table_0,raleway,bold,8.0,22bol2_20211228_164301_5836871475_600_800.png,/scratch/parceirosbr/bigoilict/share/BigOil/document_generator/datasets/documents_2021_12_28/22bol2_20211228_164301_5836871475_600_800.png,22bol2_20211228_164301_5836871475_600_800_mask.png,8917115863.080
29,4,59,9,343,139,402,148,343,139,402,139,402,148,343,148,sub_line_text,table_text,table_0,raleway,bold,8.0,22bol2_20211228_164301_5836871475_600_800.png,/scratch/parceirosbr/bigoilict/share/BigOil/document_generator/datasets/documents_2021_12_28/22bol2_20211228_164301_5836871475_600_800.png,22bol2_20211228_164301_5836871475_600_800_mask.png,8917115863.080
29,4,58,9,344,152,402,161,344,152,402,152,402,161,344,161,text,table_text,table_0,raleway,bold,8.0,22bol2_20211228_164301_5836871475_600_800.png,/scratch/parceirosbr/bigoilict/share/BigOil/document_generator/datasets/documents_2021_12_28/22bol2_20211228_164301_5836871475_600_800.png,22bol2_20211228_164301_5836871475_600_800_mask.png,1116422181.354
29,4,58,9,344,152,402,161,344,152,402,152,402,161,344,161,sub_line_text,table_text,table_0,raleway,bold,8.0,22bol2_20211228_164301_5836871475_600_800.png,/scratch/parceirosbr/bigoilict/share/BigOil/document_generator/datasets/documents_2021_12_28/22bol2_20211228_164301_5836871475_600_800.png,22bol2_20211228_164301_5836871475_600_800_mask.png,1116422181.354
30,4,60,9,342,165,402,174,342,165,402,165,402,174,342,174,text,table_text,table_0,raleway,bold,8.0,22bol2_20211228_164301_5836871475_600_800.png,/scratch/parceirosbr/bigoilict/share/BigOil/document_generator/datasets/documents_2021_12_28/22bol2_20211228_164301_5836871475_600_800.png,22bol2_20211228_164301_5836871475_600_800_mask.png,2745614567.299
30,4,60,9,342,165,402,174,342,165,402,165,402,174,342,174,sub_line_text,table_text,table_0,raleway,bold,8.0,22bol2_20211228_164301_5836871475_600_800.png,/scratch/parceirosbr/bigoilict/share/BigOil/document_generator/datasets/documents_2021_12_28/22bol2_20211228_164301_5836871475_600_800.png,22bol2_20211228_164301_5836871475_600_800_mask.png,2745614567.299
31,4,62,9,340,177,402,186,340,177,402,177,402,186,340,186,text,table_text,table_0,raleway,bold,8.0,22bol2_20211228_164301_5836871475_600_800.png,/scratch/parceirosbr/bigoilict/share/BigOil/document_generator/datasets/documents_2021_12_28/22bol2_20211228_164301_5836871475_600_800.png,22bol2_20211228_164301_5836871475_600_800_mask.png,3694768888.586
31,4,62,9,340,177,402,186,340,177,402,177,402,186,340,186,sub_line_text,table_text,table_0,raleway,bold,8.0,22bol2_20211228_164301_5836871475_600_800.png,/scratch/parceirosbr/bigoilict/share/BigOil/document_generator/datasets/documents_2021_12_28/22bol2_20211228_164301_5836871475_600_800.png,22bol2_20211228_164301_5836871475_600_800_mask.png,3694768888.586
30,4,60,9,342,190,402,199,342,190,402,190,402,199,342,199,text,table_text,table_0,raleway,bold,8.0,22bol2_20211228_164301_5836871475_600_800.png,/scratch/parceirosbr/bigoilict/share/BigOil/document_generator/datasets/documents_2021_12_28/22bol2_20211228_164301_5836871475_600_800.png,22bol2_20211228_164301_5836871475_600_800_mask.png,3519330890.904
30,4,60,9,342,190,402,199,342,190,402,190,402,199,342,199,sub_line_text,table_text,table_0,raleway,bold,8.0,22bol2_20211228_164301_5836871475_600_800.png,/scratch/parceirosbr/bigoilict/share/BigOil/document_generator/datasets/documents_2021_12_28/22bol2_20211228_164301_5836871475_600_800.png,22bol2_20211228_164301_5836871475_600_800_mask.png,3519330890.904
32,4,64,9,338,203,402,212,338,203,402,203,402,212,338,212,text,table_text,table_0,raleway,bold,8.0,22bol2_20211228_164301_5836871475_600_800.png,/scratch/parceirosbr/bigoilict/share/BigOil/document_generator/datasets/documents_2021_12_28/22bol2_20211228_164301_5836871475_600_800.png,22bol2_20211228_164301_5836871475_600_800_mask.png,4949098681.646
32,4,64,9,338,203,402,212,338,203,402,203,402,212,338,212,sub_line_text,table_text,table_0,raleway,bold,8.0,22bol2_20211228_164301_5836871475_600_800.png,/scratch/parceirosbr/bigoilict/share/BigOil/document_generator/datasets/documents_2021_12_28/22bol2_20211228_164301_5836871475_600_800.png,22bol2_20211228_164301_5836871475_600_800_mask.png,4949098681.646
29,4,59,9,343,215,402,224,343,215,402,215,402,224,343,224,text,table_text,table_0,raleway,bold,8.0,22bol2_20211228_164301_5836871475_600_800.png,/scratch/parceirosbr/bigoilict/share/BigOil/document_generator/datasets/documents_2021_12_28/22bol2_20211228_164301_5836871475_600_800.png,22bol2_20211228_164301_5836871475_600_800_mask.png,1356087870.910
29,4,59,9,343,215,402,224,343,215,402,215,402,224,343,224,sub_line_text,table_text,table_0,raleway,bold,8.0,22bol2_20211228_164301_5836871475_600_800.png,/scratch/parceirosbr/bigoilict/share/BigOil/document_generator/datasets/documents_2021_12_28/22bol2_20211228_164301_5836871475_600_800.png,22bol2_20211228_164301_5836871475_600_800_mask.png,1356087870.910
30,4,61,9,341,228,402,237,341,228,402,228,402,237,341,237,text,table_text,table_0,raleway,bold,8.0,22bol2_20211228_164301_5836871475_600_800.png,/scratch/parceirosbr/bigoilict/share/BigOil/document_generator/datasets/documents_2021_12_28/22bol2_20211228_164301_5836871475_600_800.png,22bol2_20211228_164301_5836871475_600_800_mask.png,9057972220.012
30,4,61,9,341,228,402,237,341,228,402,228,402,237,341,237,sub_line_text,table_text,table_0,raleway,bold,8.0,22bol2_20211228_164301_5836871475_600_800.png,/scratch/parceirosbr/bigoilict/share/BigOil/document_generator/datasets/documents_2021_12_28/22bol2_20211228_164301_5836871475_600_800.png,22bol2_20211228_164301_5836871475_600_800_mask.png,9057972220.012
29,4,58,9,344,241,402,250,344,241,402,241,402,250,344,250,text,table_text,table_0,raleway,bold,8.0,22bol2_20211228_164301_5836871475_600_800.png,/scratch/parceirosbr/bigoilict/share/BigOil/document_generator/datasets/documents_2021_12_28/22bol2_20211228_164301_5836871475_600_800.png,22bol2_20211228_164301_5836871475_600_800_mask.png,8372797103.399
29,4,58,9,344,241,402,250,344,241,402,241,402,250,344,250,sub_line_text,table_text,table_0,raleway,bold,8.0,22bol2_20211228_164301_5836871475_600_800.png,/scratch/parceirosbr/bigoilict/share/BigOil/document_generator/datasets/documents_2021_12_28/22bol2_20211228_164301_5836871475_600_800.png,22bol2_20211228_164301_5836871475_600_800_mask.png,8372797103.399
13,4,27,9,423,101,450,110,423,101,450,101,450,110,423,110,text,table_text,table_0,raleway,italic,8.0,22bol2_20211228_164301_5836871475_600_800.png,/scratch/parceirosbr/bigoilict/share/BigOil/document_generator/datasets/documents_2021_12_28/22bol2_20211228_164301_5836871475_600_800.png,22bol2_20211228_164301_5836871475_600_800_mask.png,projeto
13,4,27,9,423,101,450,110,423,101,450,101,450,110,423,110,sub_line_text,table_text,table_0,raleway,italic,8.0,22bol2_20211228_164301_5836871475_600_800.png,/scratch/parceirosbr/bigoilict/share/BigOil/document_generator/datasets/documents_2021_12_28/22bol2_20211228_164301_5836871475_600_800.png,22bol2_20211228_164301_5836871475_600_800_mask.png,projeto
21,4,43,9,415,114,458,123,415,114,458,114,458,123,415,123,text,table_text,table_0,raleway,bold,8.0,22bol2_20211228_164301_5836871475_600_800.png,/scratch/parceirosbr/bigoilict/share/BigOil/document_generator/datasets/documents_2021_12_28/22bol2_20211228_164301_5836871475_600_800.png,22bol2_20211228_164301_5836871475_600_800_mask.png,comentado
21,4,43,9,415,114,458,123,415,114,458,114,458,123,415,123,sub_line_text,table_text,table_0,raleway,bold,8.0,22bol2_20211228_164301_5836871475_600_800.png,/scratch/parceirosbr/bigoilict/share/BigOil/document_generator/datasets/documents_2021_12_28/22bol2_20211228_164301_5836871475_600_800.png,22bol2_20211228_164301_5836871475_600_800_mask.png,comentado
18,4,36,9,418,127,454,136,418,127,454,127,454,136,418,136,text,table_text,table_0,raleway,bold,8.0,22bol2_20211228_164301_5836871475_600_800.png,/scratch/parceirosbr/bigoilict/share/BigOil/document_generator/datasets/documents_2021_12_28/22bol2_20211228_164301_5836871475_600_800.png,22bol2_20211228_164301_5836871475_600_800_mask.png,formação
18,4,36,9,418,127,454,136,418,127,454,127,454,136,418,136,sub_line_text,table_text,table_0,raleway,bold,8.0,22bol2_20211228_164301_5836871475_600_800.png,/scratch/parceirosbr/bigoilict/share/BigOil/document_generator/datasets/documents_2021_12_28/22bol2_20211228_164301_5836871475_600_800.png,22bol2_20211228_164301_5836871475_600_800_mask.png,formação
15,4,31,9,421,139,452,148,421,139,452,139,452,148,421,148,text,table_text,table_0,raleway,bold,8.0,22bol2_20211228_164301_5836871475_600_800.png,/scratch/parceirosbr/bigoilict/share/BigOil/document_generator/datasets/documents_2021_12_28/22bol2_20211228_164301_5836871475_600_800.png,22bol2_20211228_164301_5836871475_600_800_mask.png,diversas
15,4,31,9,421,139,452,148,421,139,452,139,452,148,421,148,sub_line_text,table_text,table_0,raleway,bold,8.0,22bol2_20211228_164301_5836871475_600_800.png,/scratch/parceirosbr/bigoilict/share/BigOil/document_generator/datasets/documents_2021_12_28/22bol2_20211228_164301_5836871475_600_800.png,22bol2_20211228_164301_5836871475_600_800_mask.png,diversas
8,4,17,9,428,152,445,161,428,152,445,152,445,161,428,161,text,table_text,table_0,raleway,bold,8.0,22bol2_20211228_164301_5836871475_600_800.png,/scratch/parceirosbr/bigoilict/share/BigOil/document_generator/datasets/documents_2021_12_28/22bol2_20211228_164301_5836871475_600_800.png,22bol2_20211228_164301_5836871475_600_800_mask.png,vista
8,4,17,9,428,152,445,161,428,152,445,152,445,161,428,161,sub_line_text,table_text,table_0,raleway,bold,8.0,22bol2_20211228_164301_5836871475_600_800.png,/scratch/parceirosbr/bigoilict/share/BigOil/document_generator/datasets/documents_2021_12_28/22bol2_20211228_164301_5836871475_600_800.png,22bol2_20211228_164301_5836871475_600_800_mask.png,vista
8,4,17,9,428,165,445,174,428,165,445,165,445,174,428,174,text,table_text,table_0,raleway,bold,8.0,22bol2_20211228_164301_5836871475_600_800.png,/scratch/parceirosbr/bigoilict/share/BigOil/document_generator/datasets/documents_2021_12_28/22bol2_20211228_164301_5836871475_600_800.png,22bol2_20211228_164301_5836871475_600_800_mask.png,ficar
8,4,17,9,428,165,445,174,428,165,445,165,445,174,428,174,sub_line_text,table_text,table_0,raleway,bold,8.0,22bol2_20211228_164301_5836871475_600_800.png,/scratch/parceirosbr/bigoilict/share/BigOil/document_generator/datasets/documents_2021_12_28/22bol2_20211228_164301_5836871475_600_800.png,22bol2_20211228_164301_5836871475_600_800_mask.png,ficar
22,4,44,9,415,177,459,186,415,177,459,177,459,186,415,186,text,table_text,table_0,raleway,bold,8.0,22bol2_20211228_164301_5836871475_600_800.png,/scratch/parceirosbr/bigoilict/share/BigOil/document_generator/datasets/documents_2021_12_28/22bol2_20211228_164301_5836871475_600_800.png,22bol2_20211228_164301_5836871475_600_800_mask.png,envolverem
22,4,44,9,415,177,459,186,415,177,459,177,459,186,415,186,sub_line_text,table_text,table_0,raleway,bold,8.0,22bol2_20211228_164301_5836871475_600_800.png,/scratch/parceirosbr/bigoilict/share/BigOil/document_generator/datasets/documents_2021_12_28/22bol2_20211228_164301_5836871475_600_800.png,22bol2_20211228_164301_5836871475_600_800_mask.png,envolverem
15,4,31,9,421,190,452,199,421,190,452,190,452,199,421,199,text,table_text,table_0,raleway,bold,8.0,22bol2_20211228_164301_5836871475_600_800.png,/scratch/parceirosbr/bigoilict/share/BigOil/document_generator/datasets/documents_2021_12_28/22bol2_20211228_164301_5836871475_600_800.png,22bol2_20211228_164301_5836871475_600_800_mask.png,descrito
15,4,31,9,421,190,452,199,421,190,452,190,452,199,421,199,sub_line_text,table_text,table_0,raleway,bold,8.0,22bol2_20211228_164301_5836871475_600_800.png,/scratch/parceirosbr/bigoilict/share/BigOil/document_generator/datasets/documents_2021_12_28/22bol2_20211228_164301_5836871475_600_800.png,22bol2_20211228_164301_5836871475_600_800_mask.png,descrito
8,4,17,9,428,203,445,212,428,203,445,203,445,212,428,212,text,table_text,table_0,raleway,bold,8.0,22bol2_20211228_164301_5836871475_600_800.png,/scratch/parceirosbr/bigoilict/share/BigOil/document_generator/datasets/documents_2021_12_28/22bol2_20211228_164301_5836871475_600_800.png,22bol2_20211228_164301_5836871475_600_800_mask.png,data
8,4,17,9,428,203,445,212,428,203,445,203,445,212,428,212,sub_line_text,table_text,table_0,raleway,bold,8.0,22bol2_20211228_164301_5836871475_600_800.png,/scratch/parceirosbr/bigoilict/share/BigOil/document_generator/datasets/documents_2021_12_28/22bol2_20211228_164301_5836871475_600_800.png,22bol2_20211228_164301_5836871475_600_800_mask.png,data
17,4,35,9,419,215,454,224,419,215,454,215,454,224,419,224,text,table_text,table_0,raleway,bold,8.0,22bol2_20211228_164301_5836871475_600_800.png,/scratch/parceirosbr/bigoilict/share/BigOil/document_generator/datasets/documents_2021_12_28/22bol2_20211228_164301_5836871475_600_800.png,22bol2_20211228_164301_5836871475_600_800_mask.png,realizado
17,4,35,9,419,215,454,224,419,215,454,215,454,224,419,224,sub_line_text,table_text,table_0,raleway,bold,8.0,22bol2_20211228_164301_5836871475_600_800.png,/scratch/parceirosbr/bigoilict/share/BigOil/document_generator/datasets/documents_2021_12_28/22bol2_20211228_164301_5836871475_600_800.png,22bol2_20211228_164301_5836871475_600_800_mask.png,realizado
23,4,47,9,414,228,461,237,414,228,461,228,461,237,414,237,text,table_text,table_0,raleway,bold,8.0,22bol2_20211228_164301_5836871475_600_800.png,/scratch/parceirosbr/bigoilict/share/BigOil/document_generator/datasets/documents_2021_12_28/22bol2_20211228_164301_5836871475_600_800.png,22bol2_20211228_164301_5836871475_600_800_mask.png,escoamento
23,4,47,9,414,228,461,237,414,228,461,228,461,237,414,237,sub_line_text,table_text,table_0,raleway,bold,8.0,22bol2_20211228_164301_5836871475_600_800.png,/scratch/parceirosbr/bigoilict/share/BigOil/document_generator/datasets/documents_2021_12_28/22bol2_20211228_164301_5836871475_600_800.png,22bol2_20211228_164301_5836871475_600_800_mask.png,escoamento
23,4,46,9,414,241,460,250,414,241,460,241,460,250,414,250,text,table_text,table_0,raleway,bold,8.0,22bol2_20211228_164301_5836871475_600_800.png,/scratch/parceirosbr/bigoilict/share/BigOil/document_generator/datasets/documents_2021_12_28/22bol2_20211228_164301_5836871475_600_800.png,22bol2_20211228_164301_5836871475_600_800_mask.png,dificultando
23,4,46,9,414,241,460,250,414,241,460,241,460,250,414,250,sub_line_text,table_text,table_0,raleway,bold,8.0,22bol2_20211228_164301_5836871475_600_800.png,/scratch/parceirosbr/bigoilict/share/BigOil/document_generator/datasets/documents_2021_12_28/22bol2_20211228_164301_5836871475_600_800.png,22bol2_20211228_164301_5836871475_600_800_mask.png,dificultando
10,4,20,9,488,101,508,110,488,101,508,101,508,110,488,110,text,table_text,table_0,raleway,italic,8.0,22bol2_20211228_164301_5836871475_600_800.png,/scratch/parceirosbr/bigoilict/share/BigOil/document_generator/datasets/documents_2021_12_28/22bol2_20211228_164301_5836871475_600_800.png,22bol2_20211228_164301_5836871475_600_800_mask.png,refino
10,4,20,9,488,101,508,110,488,101,508,101,508,110,488,110,sub_line_text,table_text,table_0,raleway,italic,8.0,22bol2_20211228_164301_5836871475_600_800.png,/scratch/parceirosbr/bigoilict/share/BigOil/document_generator/datasets/documents_2021_12_28/22bol2_20211228_164301_5836871475_600_800.png,22bol2_20211228_164301_5836871475_600_800_mask.png,refino
6,4,13,9,495,114,508,123,495,114,508,114,508,123,495,123,text,table_text,table_0,raleway,bold,8.0,22bol2_20211228_164301_5836871475_600_800.png,/scratch/parceirosbr/bigoilict/share/BigOil/document_generator/datasets/documents_2021_12_28/22bol2_20211228_164301_5836871475_600_800.png,22bol2_20211228_164301_5836871475_600_800_mask.png,955
6,4,13,9,495,114,508,123,495,114,508,114,508,123,495,123,sub_line_text,table_text,table_0,raleway,bold,8.0,22bol2_20211228_164301_5836871475_600_800.png,/scratch/parceirosbr/bigoilict/share/BigOil/document_generator/datasets/documents_2021_12_28/22bol2_20211228_164301_5836871475_600_800.png,22bol2_20211228_164301_5836871475_600_800_mask.png,955
6,4,12,9,496,127,508,136,496,127,508,127,508,136,496,136,text,table_text,table_0,raleway,bold,8.0,22bol2_20211228_164301_5836871475_600_800.png,/scratch/parceirosbr/bigoilict/share/BigOil/document_generator/datasets/documents_2021_12_28/22bol2_20211228_164301_5836871475_600_800.png,22bol2_20211228_164301_5836871475_600_800_mask.png,518
6,4,12,9,496,127,508,136,496,127,508,127,508,136,496,136,sub_line_text,table_text,table_0,raleway,bold,8.0,22bol2_20211228_164301_5836871475_600_800.png,/scratch/parceirosbr/bigoilict/share/BigOil/document_generator/datasets/documents_2021_12_28/22bol2_20211228_164301_5836871475_600_800.png,22bol2_20211228_164301_5836871475_600_800_mask.png,518
4,4,9,9,499,139,508,148,499,139,508,139,508,148,499,148,text,table_text,table_0,raleway,bold,8.0,22bol2_20211228_164301_5836871475_600_800.png,/scratch/parceirosbr/bigoilict/share/BigOil/document_generator/datasets/documents_2021_12_28/22bol2_20211228_164301_5836871475_600_800.png,22bol2_20211228_164301_5836871475_600_800_mask.png,65
4,4,9,9,499,139,508,148,499,139,508,139,508,148,499,148,sub_line_text,table_text,table_0,raleway,bold,8.0,22bol2_20211228_164301_5836871475_600_800.png,/scratch/parceirosbr/bigoilict/share/BigOil/document_generator/datasets/documents_2021_12_28/22bol2_20211228_164301_5836871475_600_800.png,22bol2_20211228_164301_5836871475_600_800_mask.png,65
9,4,19,9,489,152,508,161,489,152,508,152,508,161,489,161,text,table_text,table_0,raleway,bold,8.0,22bol2_20211228_164301_5836871475_600_800.png,/scratch/parceirosbr/bigoilict/share/BigOil/document_generator/datasets/documents_2021_12_28/22bol2_20211228_164301_5836871475_600_800.png,22bol2_20211228_164301_5836871475_600_800_mask.png,8242
9,4,19,9,489,152,508,161,489,152,508,152,508,161,489,161,sub_line_text,table_text,table_0,raleway,bold,8.0,22bol2_20211228_164301_5836871475_600_800.png,/scratch/parceirosbr/bigoilict/share/BigOil/document_generator/datasets/documents_2021_12_28/22bol2_20211228_164301_5836871475_600_800.png,22bol2_20211228_164301_5836871475_600_800_mask.png,8242
4,4,9,9,499,165,508,174,499,165,508,165,508,174,499,174,text,table_text,table_0,raleway,bold,8.0,22bol2_20211228_164301_5836871475_600_800.png,/scratch/parceirosbr/bigoilict/share/BigOil/document_generator/datasets/documents_2021_12_28/22bol2_20211228_164301_5836871475_600_800.png,22bol2_20211228_164301_5836871475_600_800_mask.png,88
4,4,9,9,499,165,508,174,499,165,508,165,508,174,499,174,sub_line_text,table_text,table_0,raleway,bold,8.0,22bol2_20211228_164301_5836871475_600_800.png,/scratch/parceirosbr/bigoilict/share/BigOil/document_generator/datasets/documents_2021_12_28/22bol2_20211228_164301_5836871475_600_800.png,22bol2_20211228_164301_5836871475_600_800_mask.png,88
6,4,13,9,495,177,508,186,495,177,508,177,508,186,495,186,text,table_text,table_0,raleway,bold,8.0,22bol2_20211228_164301_5836871475_600_800.png,/scratch/parceirosbr/bigoilict/share/BigOil/document_generator/datasets/documents_2021_12_28/22bol2_20211228_164301_5836871475_600_800.png,22bol2_20211228_164301_5836871475_600_800_mask.png,106
6,4,13,9,495,177,508,186,495,177,508,177,508,186,495,186,sub_line_text,table_text,table_0,raleway,bold,8.0,22bol2_20211228_164301_5836871475_600_800.png,/scratch/parceirosbr/bigoilict/share/BigOil/document_generator/datasets/documents_2021_12_28/22bol2_20211228_164301_5836871475_600_800.png,22bol2_20211228_164301_5836871475_600_800_mask.png,106
6,4,13,9,495,190,508,199,495,190,508,190,508,199,495,199,text,table_text,table_0,raleway,bold,8.0,22bol2_20211228_164301_5836871475_600_800.png,/scratch/parceirosbr/bigoilict/share/BigOil/document_generator/datasets/documents_2021_12_28/22bol2_20211228_164301_5836871475_600_800.png,22bol2_20211228_164301_5836871475_600_800_mask.png,585
6,4,13,9,495,190,508,199,495,190,508,190,508,199,495,199,sub_line_text,table_text,table_0,raleway,bold,8.0,22bol2_20211228_164301_5836871475_600_800.png,/scratch/parceirosbr/bigoilict/share/BigOil/document_generator/datasets/documents_2021_12_28/22bol2_20211228_164301_5836871475_600_800.png,22bol2_20211228_164301_5836871475_600_800_mask.png,585
7,4,14,9,494,203,508,212,494,203,508,203,508,212,494,212,text,table_text,table_0,raleway,bold,8.0,22bol2_20211228_164301_5836871475_600_800.png,/scratch/parceirosbr/bigoilict/share/BigOil/document_generator/datasets/documents_2021_12_28/22bol2_20211228_164301_5836871475_600_800.png,22bol2_20211228_164301_5836871475_600_800_mask.png,690
7,4,14,9,494,203,508,212,494,203,508,203,508,212,494,212,sub_line_text,table_text,table_0,raleway,bold,8.0,22bol2_20211228_164301_5836871475_600_800.png,/scratch/parceirosbr/bigoilict/share/BigOil/document_generator/datasets/documents_2021_12_28/22bol2_20211228_164301_5836871475_600_800.png,22bol2_20211228_164301_5836871475_600_800_mask.png,690
9,4,19,9,489,215,508,224,489,215,508,215,508,224,489,224,text,table_text,table_0,raleway,bold,8.0,22bol2_20211228_164301_5836871475_600_800.png,/scratch/parceirosbr/bigoilict/share/BigOil/document_generator/datasets/documents_2021_12_28/22bol2_20211228_164301_5836871475_600_800.png,22bol2_20211228_164301_5836871475_600_800_mask.png,9688
9,4,19,9,489,215,508,224,489,215,508,215,508,224,489,224,sub_line_text,table_text,table_0,raleway,bold,8.0,22bol2_20211228_164301_5836871475_600_800.png,/scratch/parceirosbr/bigoilict/share/BigOil/document_generator/datasets/documents_2021_12_28/22bol2_20211228_164301_5836871475_600_800.png,22bol2_20211228_164301_5836871475_600_800_mask.png,9688
6,4,13,9,495,228,508,237,495,228,508,228,508,237,495,237,text,table_text,table_0,raleway,bold,8.0,22bol2_20211228_164301_5836871475_600_800.png,/scratch/parceirosbr/bigoilict/share/BigOil/document_generator/datasets/documents_2021_12_28/22bol2_20211228_164301_5836871475_600_800.png,22bol2_20211228_164301_5836871475_600_800_mask.png,190
6,4,13,9,495,228,508,237,495,228,508,228,508,237,495,237,sub_line_text,table_text,table_0,raleway,bold,8.0,22bol2_20211228_164301_5836871475_600_800.png,/scratch/parceirosbr/bigoilict/share/BigOil/document_generator/datasets/documents_2021_12_28/22bol2_20211228_164301_5836871475_600_800.png,22bol2_20211228_164301_5836871475_600_800_mask.png,190
3,4,7,9,501,241,508,250,501,241,508,241,508,250,501,250,text,table_text,table_0,raleway,bold,8.0,22bol2_20211228_164301_5836871475_600_800.png,/scratch/parceirosbr/bigoilict/share/BigOil/document_generator/datasets/documents_2021_12_28/22bol2_20211228_164301_5836871475_600_800.png,22bol2_20211228_164301_5836871475_600_800_mask.png,71
3,4,7,9,501,241,508,250,501,241,508,241,508,250,501,250,sub_line_text,table_text,table_0,raleway,bold,8.0,22bol2_20211228_164301_5836871475_600_800.png,/scratch/parceirosbr/bigoilict/share/BigOil/document_generator/datasets/documents_2021_12_28/22bol2_20211228_164301_5836871475_600_800.png,22bol2_20211228_164301_5836871475_600_800_mask.png,71
64,4,129,9,147,284,276,293,147,284,276,284,276,293,147,293,sub_line_text,table_legend,table_0,raleway,regular,7,22bol2_20211228_164301_5836871475_600_800.png,/scratch/parceirosbr/bigoilict/share/BigOil/document_generator/datasets/documents_2021_12_28/22bol2_20211228_164301_5836871475_600_800.png,22bol2_20211228_164301_5836871475_600_800_mask.png,Table 72:  O volume efetivo de retenção
64,4,129,9,147,284,276,293,147,284,276,284,276,293,147,293,text,table_legend,table_0,raleway,regular,7,22bol2_20211228_164301_5836871475_600_800.png,/scratch/parceirosbr/bigoilict/share/BigOil/document_generator/datasets/documents_2021_12_28/22bol2_20211228_164301_5836871475_600_800.png,22bol2_20211228_164301_5836871475_600_800_mask.png,nan
65,4,130,9,332,284,462,293,332,284,462,284,462,293,332,293,sub_line_text,table_legend,table_0,raleway,regular,7,22bol2_20211228_164301_5836871475_600_800.png,/scratch/parceirosbr/bigoilict/share/BigOil/document_generator/datasets/documents_2021_12_28/22bol2_20211228_164301_5836871475_600_800.png,22bol2_20211228_164301_5836871475_600_800_mask.png,Table 81:  O parágrafo único determina q
65,4,130,9,332,284,462,293,332,284,462,284,462,293,332,293,text,table_legend,table_0,raleway,regular,7,22bol2_20211228_164301_5836871475_600_800.png,/scratch/parceirosbr/bigoilict/share/BigOil/document_generator/datasets/documents_2021_12_28/22bol2_20211228_164301_5836871475_600_800.png,22bol2_20211228_164301_5836871475_600_800_mask.png,nan
61,5,123,10,161,300,284,310,161,300,284,300,284,310,161,310,sub_line_text,text,text_0,raleway,regular,8,22bol2_20211228_164301_5836871475_600_800.png,/scratch/parceirosbr/bigoilict/share/BigOil/document_generator/datasets/documents_2021_12_28/22bol2_20211228_164301_5836871475_600_800.png,22bol2_20211228_164301_5836871475_600_800_mask.png,Suruí  hampering  the relation b-
68,5,136,10,147,315,283,325,147,315,283,315,283,325,147,325,sub_line_text,text,text_0,raleway,regular,8,22bol2_20211228_164301_5836871475_600_800.png,/scratch/parceirosbr/bigoilict/share/BigOil/document_generator/datasets/documents_2021_12_28/22bol2_20211228_164301_5836871475_600_800.png,22bol2_20211228_164301_5836871475_600_800_mask.png,etween  particle  size and sequestr-
68,5,136,10,147,330,283,340,147,330,283,330,283,340,147,340,sub_line_text,text,text_0,raleway,regular,8,22bol2_20211228_164301_5836871475_600_800.png,/scratch/parceirosbr/bigoilict/share/BigOil/document_generator/datasets/documents_2021_12_28/22bol2_20211228_164301_5836871475_600_800.png,22bol2_20211228_164301_5836871475_600_800_mask.png,ation  in this mangrove. Taubaté são
68,5,137,10,147,345,284,355,147,345,284,345,284,355,147,355,sub_line_text,text,text_0,raleway,regular,8,22bol2_20211228_164301_5836871475_600_800.png,/scratch/parceirosbr/bigoilict/share/BigOil/document_generator/datasets/documents_2021_12_28/22bol2_20211228_164301_5836871475_600_800.png,22bol2_20211228_164301_5836871475_600_800_mask.png,"de  98  kgf/cm,  conforme referênc-"
63,5,126,10,147,360,273,370,147,360,273,360,273,370,147,370,sub_line_text,text,text_0,raleway,regular,8,22bol2_20211228_164301_5836871475_600_800.png,/scratch/parceirosbr/bigoilict/share/BigOil/document_generator/datasets/documents_2021_12_28/22bol2_20211228_164301_5836871475_600_800.png,22bol2_20211228_164301_5836871475_600_800_mask.png,ia 2.9. estação de compressão de.
68,35,137,70,147,300,284,370,147,300,284,300,284,370,147,370,text,text,text_0,raleway,regular,8,22bol2_20211228_164301_5836871475_600_800.png,/scratch/parceirosbr/bigoilict/share/BigOil/document_generator/datasets/documents_2021_12_28/22bol2_20211228_164301_5836871475_600_800.png,22bol2_20211228_164301_5836871475_600_800_mask.png,nan
61,5,122,10,161,377,283,387,161,377,283,377,283,387,161,387,sub_line_text,text,text_1,raleway,regular,8,22bol2_20211228_164301_5836871475_600_800.png,/scratch/parceirosbr/bigoilict/share/BigOil/document_generator/datasets/documents_2021_12_28/22bol2_20211228_164301_5836871475_600_800.png,22bol2_20211228_164301_5836871475_600_800_mask.png,A  dependência  dos parâmetros
68,5,136,10,147,392,283,402,147,392,283,392,283,402,147,402,sub_line_text,text,text_1,raleway,regular,8,22bol2_20211228_164301_5836871475_600_800.png,/scratch/parceirosbr/bigoilict/share/BigOil/document_generator/datasets/documents_2021_12_28/22bol2_20211228_164301_5836871475_600_800.png,22bol2_20211228_164301_5836871475_600_800_mask.png,do  modelo  com a temperatura está
68,5,136,10,147,407,283,417,147,407,283,407,283,417,147,417,sub_line_text,text,text_1,raleway,regular,8,22bol2_20211228_164301_5836871475_600_800.png,/scratch/parceirosbr/bigoilict/share/BigOil/document_generator/datasets/documents_2021_12_28/22bol2_20211228_164301_5836871475_600_800.png,22bol2_20211228_164301_5836871475_600_800_mask.png,apresentada  nas  4.25  a  4.27. 104. A-
68,5,137,10,147,422,284,432,147,422,284,422,284,432,147,432,sub_line_text,text,text_1,raleway,regular,8,22bol2_20211228_164301_5836871475_600_800.png,/scratch/parceirosbr/bigoilict/share/BigOil/document_generator/datasets/documents_2021_12_28/22bol2_20211228_164301_5836871475_600_800.png,22bol2_20211228_164301_5836871475_600_800_mask.png,ssim  como  ocorreu  para  os catalis-
68,5,137,10,147,437,284,447,147,437,284,437,284,447,147,447,sub_line_text,text,text_1,raleway,regular,8,22bol2_20211228_164301_5836871475_600_800.png,/scratch/parceirosbr/bigoilict/share/BigOil/document_generator/datasets/documents_2021_12_28/22bol2_20211228_164301_5836871475_600_800.png,22bol2_20211228_164301_5836871475_600_800_mask.png,adores  de  o  difratograma do catali-
68,5,137,10,147,452,284,462,147,452,284,452,284,462,147,462,sub_line_text,text,text_1,raleway,regular,8,22bol2_20211228_164301_5836871475_600_800.png,/scratch/parceirosbr/bigoilict/share/BigOil/document_generator/datasets/documents_2021_12_28/22bol2_20211228_164301_5836871475_600_800.png,22bol2_20211228_164301_5836871475_600_800_mask.png,sador  de  não apresentou picos ref-
48,5,97,10,147,467,244,477,147,467,244,467,244,477,147,477,sub_line_text,text,text_1,raleway,regular,8,22bol2_20211228_164301_5836871475_600_800.png,/scratch/parceirosbr/bigoilict/share/BigOil/document_generator/datasets/documents_2021_12_28/22bol2_20211228_164301_5836871475_600_800.png,22bol2_20211228_164301_5836871475_600_800_mask.png,erentes ao ouro metálico.
68,50,137,100,147,377,284,477,147,377,284,377,284,477,147,477,text,text,text_1,raleway,regular,8,22bol2_20211228_164301_5836871475_600_800.png,/scratch/parceirosbr/bigoilict/share/BigOil/document_generator/datasets/documents_2021_12_28/22bol2_20211228_164301_5836871475_600_800.png,22bol2_20211228_164301_5836871475_600_800_mask.png,nan
61,5,122,10,161,484,283,494,161,484,283,484,283,494,161,494,sub_line_text,text,text_2,raleway,regular,8,22bol2_20211228_164301_5836871475_600_800.png,/scratch/parceirosbr/bigoilict/share/BigOil/document_generator/datasets/documents_2021_12_28/22bol2_20211228_164301_5836871475_600_800.png,22bol2_20211228_164301_5836871475_600_800_mask.png,Foram  geradas  oito  camadas c-
68,5,136,10,147,499,283,509,147,499,283,499,283,509,147,509,sub_line_text,text,text_2,raleway,regular,8,22bol2_20211228_164301_5836871475_600_800.png,/scratch/parceirosbr/bigoilict/share/BigOil/document_generator/datasets/documents_2021_12_28/22bol2_20211228_164301_5836871475_600_800.png,22bol2_20211228_164301_5836871475_600_800_mask.png,om  101  linhas  e  82  colunas  (malha
68,5,137,10,147,514,284,524,147,514,284,514,284,524,147,524,sub_line_text,text,text_2,raleway,regular,8,22bol2_20211228_164301_5836871475_600_800.png,/scratch/parceirosbr/bigoilict/share/BigOil/document_generator/datasets/documents_2021_12_28/22bol2_20211228_164301_5836871475_600_800.png,22bol2_20211228_164301_5836871475_600_800_mask.png,com  8.282  nós)  e  com espaçamen-
68,5,137,10,147,529,284,539,147,529,284,529,284,539,147,539,sub_line_text,text,text_2,raleway,regular,8,22bol2_20211228_164301_5836871475_600_800.png,/scratch/parceirosbr/bigoilict/share/BigOil/document_generator/datasets/documents_2021_12_28/22bol2_20211228_164301_5836871475_600_800.png,22bol2_20211228_164301_5836871475_600_800_mask.png,tos  de  2x2 km para as seguintes se-
68,5,137,10,147,544,284,554,147,544,284,544,284,554,147,554,sub_line_text,text,text_2,raleway,regular,8,22bol2_20211228_164301_5836871475_600_800.png,/scratch/parceirosbr/bigoilict/share/BigOil/document_generator/datasets/documents_2021_12_28/22bol2_20211228_164301_5836871475_600_800.png,22bol2_20211228_164301_5836871475_600_800_mask.png,"quências    deposicionais,    divididas"
68,5,137,10,147,559,284,569,147,559,284,559,284,569,147,569,sub_line_text,text,text_2,raleway,regular,8,22bol2_20211228_164301_5836871475_600_800.png,/scratch/parceirosbr/bigoilict/share/BigOil/document_generator/datasets/documents_2021_12_28/22bol2_20211228_164301_5836871475_600_800.png,22bol2_20211228_164301_5836871475_600_800_mask.png,"em  pré-rifte, rifte e pós rifte: 80 7.1-"
6,5,12,10,147,574,159,584,147,574,159,574,159,584,147,584,sub_line_text,text,text_2,raleway,regular,8,22bol2_20211228_164301_5836871475_600_800.png,/scratch/parceirosbr/bigoilict/share/BigOil/document_generator/datasets/documents_2021_12_28/22bol2_20211228_164301_5836871475_600_800.png,22bol2_20211228_164301_5836871475_600_800_mask.png,.1.1.
68,50,137,100,147,484,284,584,147,484,284,484,284,584,147,584,text,text,text_2,raleway,regular,8,22bol2_20211228_164301_5836871475_600_800.png,/scratch/parceirosbr/bigoilict/share/BigOil/document_generator/datasets/documents_2021_12_28/22bol2_20211228_164301_5836871475_600_800.png,22bol2_20211228_164301_5836871475_600_800_mask.png,nan
38,8,76,17,178,591,254,608,178,591,254,591,254,608,178,608,sub_line_text,subtitle,subtitle_0,raleway,regular,14,22bol2_20211228_164301_5836871475_600_800.png,/scratch/parceirosbr/bigoilict/share/BigOil/document_generator/datasets/documents_2021_12_28/22bol2_20211228_164301_5836871475_600_800.png,22bol2_20211228_164301_5836871475_600_800_mask.png,Parâmetros
45,8,91,17,171,616,262,633,171,616,262,616,262,633,171,633,sub_line_text,subtitle,subtitle_0,raleway,regular,14,22bol2_20211228_164301_5836871475_600_800.png,/scratch/parceirosbr/bigoilict/share/BigOil/document_generator/datasets/documents_2021_12_28/22bol2_20211228_164301_5836871475_600_800.png,22bol2_20211228_164301_5836871475_600_800_mask.png,determinados
45,21,91,42,171,591,262,633,171,591,262,591,262,633,171,633,title,subtitle,subtitle_0,raleway,regular,14,22bol2_20211228_164301_5836871475_600_800.png,/scratch/parceirosbr/bigoilict/share/BigOil/document_generator/datasets/documents_2021_12_28/22bol2_20211228_164301_5836871475_600_800.png,22bol2_20211228_164301_5836871475_600_800_mask.png,nan
59,5,118,10,161,640,279,650,161,640,279,640,279,650,161,650,sub_line_text,text,text_3,raleway,regular,8,22bol2_20211228_164301_5836871475_600_800.png,/scratch/parceirosbr/bigoilict/share/BigOil/document_generator/datasets/documents_2021_12_28/22bol2_20211228_164301_5836871475_600_800.png,22bol2_20211228_164301_5836871475_600_800_mask.png,A estruturação proposta não a-.
59,5,118,10,161,640,279,650,161,640,279,640,279,650,161,650,text,text,text_3,raleway,regular,8,22bol2_20211228_164301_5836871475_600_800.png,/scratch/parceirosbr/bigoilict/share/BigOil/document_generator/datasets/documents_2021_12_28/22bol2_20211228_164301_5836871475_600_800.png,22bol2_20211228_164301_5836871475_600_800_mask.png,nan
94,56,188,112,315,506,503,618,315,506,503,506,503,618,315,618,image,figure_image,figure_0,,,,22bol2_20211228_164301_5836871475_600_800.png,/scratch/parceirosbr/bigoilict/share/BigOil/document_generator/datasets/documents_2021_12_28/22bol2_20211228_164301_5836871475_600_800.png,22bol2_20211228_164301_5836871475_600_800_mask.png,output/gen_img_20211228_164306_6159091587.png
8,1,16,3,320,542,336,545,320,542,336,542,336,545,320,545,text,figure_text,figure_0,,,,22bol2_20211228_164301_5836871475_600_800.png,/scratch/parceirosbr/bigoilict/share/BigOil/document_generator/datasets/documents_2021_12_28/22bol2_20211228_164301_5836871475_600_800.png,22bol2_20211228_164301_5836871475_600_800_mask.png,Processing (MB)
8,1,16,3,320,542,336,545,320,542,336,542,336,545,320,545,sub_line_text,figure_text,figure_0,,,,22bol2_20211228_164301_5836871475_600_800.png,/scratch/parceirosbr/bigoilict/share/BigOil/document_generator/datasets/documents_2021_12_28/22bol2_20211228_164301_5836871475_600_800.png,22bol2_20211228_164301_5836871475_600_800_mask.png,Processing (MB)
9,1,19,2,401,595,420,597,401,595,420,595,420,597,401,597,text,figure_text,figure_0,,,,22bol2_20211228_164301_5836871475_600_800.png,/scratch/parceirosbr/bigoilict/share/BigOil/document_generator/datasets/documents_2021_12_28/22bol2_20211228_164301_5836871475_600_800.png,22bol2_20211228_164301_5836871475_600_800_mask.png,Consumption [MB]
9,1,19,2,401,595,420,597,401,595,420,595,420,597,401,597,sub_line_text,figure_text,figure_0,,,,22bol2_20211228_164301_5836871475_600_800.png,/scratch/parceirosbr/bigoilict/share/BigOil/document_generator/datasets/documents_2021_12_28/22bol2_20211228_164301_5836871475_600_800.png,22bol2_20211228_164301_5836871475_600_800_mask.png,Consumption [MB]
3,1,6,2,332,554,338,556,332,554,338,554,338,556,332,556,text,figure_text,figure_0,,,,22bol2_20211228_164301_5836871475_600_800.png,/scratch/parceirosbr/bigoilict/share/BigOil/document_generator/datasets/documents_2021_12_28/22bol2_20211228_164301_5836871475_600_800.png,22bol2_20211228_164301_5836871475_600_800_mask.png,-6694
3,1,6,2,332,554,338,556,332,554,338,554,338,556,332,556,sub_line_text,figure_text,figure_0,,,,22bol2_20211228_164301_5836871475_600_800.png,/scratch/parceirosbr/bigoilict/share/BigOil/document_generator/datasets/documents_2021_12_28/22bol2_20211228_164301_5836871475_600_800.png,22bol2_20211228_164301_5836871475_600_800_mask.png,-6694
4,1,9,2,428,610,437,612,428,610,437,610,437,612,428,612,text,figure_text,figure_0,,,,22bol2_20211228_164301_5836871475_600_800.png,/scratch/parceirosbr/bigoilict/share/BigOil/document_generator/datasets/documents_2021_12_28/22bol2_20211228_164301_5836871475_600_800.png,22bol2_20211228_164301_5836871475_600_800_mask.png,Liters [L]
4,1,9,2,428,610,437,612,428,610,437,610,437,612,428,612,sub_line_text,figure_text,figure_0,,,,22bol2_20211228_164301_5836871475_600_800.png,/scratch/parceirosbr/bigoilict/share/BigOil/document_generator/datasets/documents_2021_12_28/22bol2_20211228_164301_5836871475_600_800.png,22bol2_20211228_164301_5836871475_600_800_mask.png,Liters [L]
6,1,12,2,483,518,495,520,483,518,495,518,495,520,483,520,text,figure_text,figure_0,,,,22bol2_20211228_164301_5836871475_600_800.png,/scratch/parceirosbr/bigoilict/share/BigOil/document_generator/datasets/documents_2021_12_28/22bol2_20211228_164301_5836871475_600_800.png,22bol2_20211228_164301_5836871475_600_800_mask.png,Quality(KB)
6,1,12,2,483,518,495,520,483,518,495,518,495,520,483,520,sub_line_text,figure_text,figure_0,,,,22bol2_20211228_164301_5836871475_600_800.png,/scratch/parceirosbr/bigoilict/share/BigOil/document_generator/datasets/documents_2021_12_28/22bol2_20211228_164301_5836871475_600_800.png,22bol2_20211228_164301_5836871475_600_800_mask.png,Quality(KB)
4,1,8,2,408,581,416,583,408,581,416,581,416,583,408,583,text,figure_text,figure_0,,,,22bol2_20211228_164301_5836871475_600_800.png,/scratch/parceirosbr/bigoilict/share/BigOil/document_generator/datasets/documents_2021_12_28/22bol2_20211228_164301_5836871475_600_800.png,22bol2_20211228_164301_5836871475_600_800_mask.png,-717.1%
4,1,8,2,408,581,416,583,408,581,416,581,416,583,408,583,sub_line_text,figure_text,figure_0,,,,22bol2_20211228_164301_5836871475_600_800.png,/scratch/parceirosbr/bigoilict/share/BigOil/document_generator/datasets/documents_2021_12_28/22bol2_20211228_164301_5836871475_600_800.png,22bol2_20211228_164301_5836871475_600_800_mask.png,-717.1%
3,1,7,2,336,570,343,572,336,570,343,570,343,572,336,572,text,figure_text,figure_0,,,,22bol2_20211228_164301_5836871475_600_800.png,/scratch/parceirosbr/bigoilict/share/BigOil/document_generator/datasets/documents_2021_12_28/22bol2_20211228_164301_5836871475_600_800.png,22bol2_20211228_164301_5836871475_600_800_mask.png,772.8%
3,1,7,2,336,570,343,572,336,570,343,570,343,572,336,572,sub_line_text,figure_text,figure_0,,,,22bol2_20211228_164301_5836871475_600_800.png,/scratch/parceirosbr/bigoilict/share/BigOil/document_generator/datasets/documents_2021_12_28/22bol2_20211228_164301_5836871475_600_800.png,22bol2_20211228_164301_5836871475_600_800_mask.png,772.8%
9,1,18,3,363,518,381,521,363,518,381,518,381,521,363,521,text,figure_text,figure_0,,,,22bol2_20211228_164301_5836871475_600_800.png,/scratch/parceirosbr/bigoilict/share/BigOil/document_generator/datasets/documents_2021_12_28/22bol2_20211228_164301_5836871475_600_800.png,22bol2_20211228_164301_5836871475_600_800_mask.png,Consumption (GB)
9,1,18,3,363,518,381,521,363,518,381,518,381,521,363,521,sub_line_text,figure_text,figure_0,,,,22bol2_20211228_164301_5836871475_600_800.png,/scratch/parceirosbr/bigoilict/share/BigOil/document_generator/datasets/documents_2021_12_28/22bol2_20211228_164301_5836871475_600_800.png,22bol2_20211228_164301_5836871475_600_800_mask.png,Consumption (GB)
6,1,13,3,367,510,380,513,367,510,380,510,380,513,367,513,text,figure_text,figure_0,,,,22bol2_20211228_164301_5836871475_600_800.png,/scratch/parceirosbr/bigoilict/share/BigOil/document_generator/datasets/documents_2021_12_28/22bol2_20211228_164301_5836871475_600_800.png,22bol2_20211228_164301_5836871475_600_800_mask.png,Demand [TB]
6,1,13,3,367,510,380,513,367,510,380,510,380,513,367,513,sub_line_text,figure_text,figure_0,,,,22bol2_20211228_164301_5836871475_600_800.png,/scratch/parceirosbr/bigoilict/share/BigOil/document_generator/datasets/documents_2021_12_28/22bol2_20211228_164301_5836871475_600_800.png,22bol2_20211228_164301_5836871475_600_800_mask.png,Demand [TB]
4,1,8,2,463,562,471,564,463,562,471,562,471,564,463,564,text,figure_text,figure_0,,,,22bol2_20211228_164301_5836871475_600_800.png,/scratch/parceirosbr/bigoilict/share/BigOil/document_generator/datasets/documents_2021_12_28/22bol2_20211228_164301_5836871475_600_800.png,22bol2_20211228_164301_5836871475_600_800_mask.png,Loading
4,1,8,2,463,562,471,564,463,562,471,562,471,564,463,564,sub_line_text,figure_text,figure_0,,,,22bol2_20211228_164301_5836871475_600_800.png,/scratch/parceirosbr/bigoilict/share/BigOil/document_generator/datasets/documents_2021_12_28/22bol2_20211228_164301_5836871475_600_800.png,22bol2_20211228_164301_5836871475_600_800_mask.png,Loading
7,1,15,3,423,533,438,536,423,533,438,533,438,536,423,536,text,figure_text,figure_0,,,,22bol2_20211228_164301_5836871475_600_800.png,/scratch/parceirosbr/bigoilict/share/BigOil/document_generator/datasets/documents_2021_12_28/22bol2_20211228_164301_5836871475_600_800.png,22bol2_20211228_164301_5836871475_600_800_mask.png,Production (TB)
7,1,15,3,423,533,438,536,423,533,438,533,438,536,423,536,sub_line_text,figure_text,figure_0,,,,22bol2_20211228_164301_5836871475_600_800.png,/scratch/parceirosbr/bigoilict/share/BigOil/document_generator/datasets/documents_2021_12_28/22bol2_20211228_164301_5836871475_600_800.png,22bol2_20211228_164301_5836871475_600_800_mask.png,Production (TB)
3,1,7,2,474,550,481,552,474,550,481,550,481,552,474,552,text,figure_text,figure_0,,,,22bol2_20211228_164301_5836871475_600_800.png,/scratch/parceirosbr/bigoilict/share/BigOil/document_generator/datasets/documents_2021_12_28/22bol2_20211228_164301_5836871475_600_800.png,22bol2_20211228_164301_5836871475_600_800_mask.png,-7610%
3,1,7,2,474,550,481,552,474,550,481,550,481,552,474,552,sub_line_text,figure_text,figure_0,,,,22bol2_20211228_164301_5836871475_600_800.png,/scratch/parceirosbr/bigoilict/share/BigOil/document_generator/datasets/documents_2021_12_28/22bol2_20211228_164301_5836871475_600_800.png,22bol2_20211228_164301_5836871475_600_800_mask.png,-7610%
2,1,5,2,334,533,339,535,334,533,339,533,339,535,334,535,text,figure_text,figure_0,,,,22bol2_20211228_164301_5836871475_600_800.png,/scratch/parceirosbr/bigoilict/share/BigOil/document_generator/datasets/documents_2021_12_28/22bol2_20211228_164301_5836871475_600_800.png,22bol2_20211228_164301_5836871475_600_800_mask.png,Tests
2,1,5,2,334,533,339,535,334,533,339,533,339,535,334,535,sub_line_text,figure_text,figure_0,,,,22bol2_20211228_164301_5836871475_600_800.png,/scratch/parceirosbr/bigoilict/share/BigOil/document_generator/datasets/documents_2021_12_28/22bol2_20211228_164301_5836871475_600_800.png,22bol2_20211228_164301_5836871475_600_800_mask.png,Tests
3,1,6,2,475,596,481,598,475,596,481,596,481,598,475,598,text,figure_text,figure_0,,,,22bol2_20211228_164301_5836871475_600_800.png,/scratch/parceirosbr/bigoilict/share/BigOil/document_generator/datasets/documents_2021_12_28/22bol2_20211228_164301_5836871475_600_800.png,22bol2_20211228_164301_5836871475_600_800_mask.png,-8277
3,1,6,2,475,596,481,598,475,596,481,596,481,598,475,598,sub_line_text,figure_text,figure_0,,,,22bol2_20211228_164301_5836871475_600_800.png,/scratch/parceirosbr/bigoilict/share/BigOil/document_generator/datasets/documents_2021_12_28/22bol2_20211228_164301_5836871475_600_800.png,22bol2_20211228_164301_5836871475_600_800_mask.png,-8277
6,1,12,2,472,530,484,532,472,530,484,530,484,532,472,532,text,figure_text,figure_0,,,,22bol2_20211228_164301_5836871475_600_800.png,/scratch/parceirosbr/bigoilict/share/BigOil/document_generator/datasets/documents_2021_12_28/22bol2_20211228_164301_5836871475_600_800.png,22bol2_20211228_164301_5836871475_600_800_mask.png,Quality[MB]
6,1,12,2,472,530,484,532,472,530,484,530,484,532,472,532,sub_line_text,figure_text,figure_0,,,,22bol2_20211228_164301_5836871475_600_800.png,/scratch/parceirosbr/bigoilict/share/BigOil/document_generator/datasets/documents_2021_12_28/22bol2_20211228_164301_5836871475_600_800.png,22bol2_20211228_164301_5836871475_600_800_mask.png,Quality[MB]
41,4,83,9,301,623,384,632,301,623,384,623,384,632,301,632,sub_line_text,figure_legend,figure_0,raleway,regular,7,22bol2_20211228_164301_5836871475_600_800.png,/scratch/parceirosbr/bigoilict/share/BigOil/document_generator/datasets/documents_2021_12_28/22bol2_20211228_164301_5836871475_600_800.png,22bol2_20211228_164301_5836871475_600_800_mask.png,Fig.   119:    importante  n-
37,4,75,9,301,636,376,645,301,636,376,636,376,645,301,645,sub_line_text,figure_legend,figure_0,raleway,regular,7,22bol2_20211228_164301_5836871475_600_800.png,/scratch/parceirosbr/bigoilict/share/BigOil/document_generator/datasets/documents_2021_12_28/22bol2_20211228_164301_5836871475_600_800.png,22bol2_20211228_164301_5836871475_600_800_mask.png,otar que o erro de pred-
41,11,83,22,301,623,384,645,301,623,384,623,384,645,301,645,text,figure_legend,figure_0,raleway,regular,7,22bol2_20211228_164301_5836871475_600_800.png,/scratch/parceirosbr/bigoilict/share/BigOil/document_generator/datasets/documents_2021_12_28/22bol2_20211228_164301_5836871475_600_800.png,22bol2_20211228_164301_5836871475_600_800_mask.png,nan
42,4,84,9,409,623,493,632,409,623,493,623,493,632,409,632,sub_line_text,figure_legend,figure_0,raleway,regular,7,22bol2_20211228_164301_5836871475_600_800.png,/scratch/parceirosbr/bigoilict/share/BigOil/document_generator/datasets/documents_2021_12_28/22bol2_20211228_164301_5836871475_600_800.png,22bol2_20211228_164301_5836871475_600_800_mask.png,"Fig.   61:    Entretanto,  pa-"
42,4,84,9,409,636,493,645,409,636,493,636,493,645,409,645,sub_line_text,figure_legend,figure_0,raleway,regular,7,22bol2_20211228_164301_5836871475_600_800.png,/scratch/parceirosbr/bigoilict/share/BigOil/document_generator/datasets/documents_2021_12_28/22bol2_20211228_164301_5836871475_600_800.png,22bol2_20211228_164301_5836871475_600_800_mask.png,ra   amostra  com  deform-
42,4,84,9,409,649,493,658,409,649,493,649,493,658,409,658,sub_line_text,figure_legend,figure_0,raleway,regular,7,22bol2_20211228_164301_5836871475_600_800.png,/scratch/parceirosbr/bigoilict/share/BigOil/document_generator/datasets/documents_2021_12_28/22bol2_20211228_164301_5836871475_600_800.png,22bol2_20211228_164301_5836871475_600_800_mask.png,"ação  máxima  de 6,0, 7,7"
37,4,74,9,409,662,483,671,409,662,483,662,483,671,409,671,sub_line_text,figure_legend,figure_0,raleway,regular,7,22bol2_20211228_164301_5836871475_600_800.png,/scratch/parceirosbr/bigoilict/share/BigOil/document_generator/datasets/documents_2021_12_28/22bol2_20211228_164301_5836871475_600_800.png,22bol2_20211228_164301_5836871475_600_800_mask.png,"e 9,6 foi necessária cic"
42,24,84,48,409,623,493,671,409,623,493,623,493,671,409,671,text,figure_legend,figure_0,raleway,regular,7,22bol2_20211228_164301_5836871475_600_800.png,/scratch/parceirosbr/bigoilict/share/BigOil/document_generator/datasets/documents_2021_12_28/22bol2_20211228_164301_5836871475_600_800.png,22bol2_20211228_164301_5836871475_600_800_mask.png,nan
69,66,139,132,301,300,440,432,301,300,440,300,440,432,301,432,list,list,list_1,raleway,raleway,8,22bol2_20211228_164301_5836871475_600_800.png,/scratch/parceirosbr/bigoilict/share/BigOil/document_generator/datasets/documents_2021_12_28/22bol2_20211228_164301_5836871475_600_800.png,22bol2_20211228_164301_5836871475_600_800_mask.png,
51,5,103,10,301,300,404,310,301,300,404,300,404,310,301,310,sub_line_text,list,list_1,raleway,regular,8,22bol2_20211228_164301_5836871475_600_800.png,/scratch/parceirosbr/bigoilict/share/BigOil/document_generator/datasets/documents_2021_12_28/22bol2_20211228_164301_5836871475_600_800.png,22bol2_20211228_164301_5836871475_600_800_mask.png,•  As taxas iniciais de reação
33,5,66,10,301,315,367,325,301,315,367,315,367,325,301,325,sub_line_text,list,list_1,raleway,regular,8,22bol2_20211228_164301_5836871475_600_800.png,/scratch/parceirosbr/bigoilict/share/BigOil/document_generator/datasets/documents_2021_12_28/22bol2_20211228_164301_5836871475_600_800.png,22bol2_20211228_164301_5836871475_600_800_mask.png,•  Cruz von und e:
19,5,38,10,301,330,339,340,301,330,339,330,339,340,301,340,sub_line_text,list,list_1,raleway,regular,8,22bol2_20211228_164301_5836871475_600_800.png,/scratch/parceirosbr/bigoilict/share/BigOil/document_generator/datasets/documents_2021_12_28/22bol2_20211228_164301_5836871475_600_800.png,22bol2_20211228_164301_5836871475_600_800_mask.png,•  O arame
69,5,139,10,301,345,440,355,301,345,440,345,440,355,301,355,sub_line_text,list,list_1,raleway,regular,8,22bol2_20211228_164301_5836871475_600_800.png,/scratch/parceirosbr/bigoilict/share/BigOil/document_generator/datasets/documents_2021_12_28/22bol2_20211228_164301_5836871475_600_800.png,22bol2_20211228_164301_5836871475_600_800_mask.png,•  Foram            realizados           testes
28,5,56,10,308,360,364,370,308,360,364,360,364,370,308,370,sub_line_text,list,list_1,raleway,regular,8,22bol2_20211228_164301_5836871475_600_800.png,/scratch/parceirosbr/bigoilict/share/BigOil/document_generator/datasets/documents_2021_12_28/22bol2_20211228_164301_5836871475_600_800.png,22bol2_20211228_164301_5836871475_600_800_mask.png,empregando o
55,5,110,10,301,377,411,387,301,377,411,377,411,387,301,387,sub_line_text,list,list_1,raleway,regular,8,22bol2_20211228_164301_5836871475_600_800.png,/scratch/parceirosbr/bigoilict/share/BigOil/document_generator/datasets/documents_2021_12_28/22bol2_20211228_164301_5836871475_600_800.png,22bol2_20211228_164301_5836871475_600_800_mask.png,•  Apesar de a catálise alcalina
54,5,108,10,301,392,409,402,301,392,409,392,409,402,301,402,sub_line_text,list,list_1,raleway,regular,8,22bol2_20211228_164301_5836871475_600_800.png,/scratch/parceirosbr/bigoilict/share/BigOil/document_generator/datasets/documents_2021_12_28/22bol2_20211228_164301_5836871475_600_800.png,22bol2_20211228_164301_5836871475_600_800_mask.png,•  Esse procedimento é feito
60,5,120,10,301,407,421,417,301,407,421,407,421,417,301,417,sub_line_text,list,list_1,raleway,regular,8,22bol2_20211228_164301_5836871475_600_800.png,/scratch/parceirosbr/bigoilict/share/BigOil/document_generator/datasets/documents_2021_12_28/22bol2_20211228_164301_5836871475_600_800.png,22bol2_20211228_164301_5836871475_600_800_mask.png,"•  Além disso, percebe-se que o"
61,5,122,10,301,422,423,432,301,422,423,422,423,432,301,432,sub_line_text,list,list_1,raleway,regular,8,22bol2_20211228_164301_5836871475_600_800.png,/scratch/parceirosbr/bigoilict/share/BigOil/document_generator/datasets/documents_2021_12_28/22bol2_20211228_164301_5836871475_600_800.png,22bol2_20211228_164301_5836871475_600_800_mask.png,•  Dorn descobre a emanação do
61,5,123,10,315,439,438,449,315,439,438,439,438,449,315,449,sub_line_text,text,text_4,raleway,regular,8,22bol2_20211228_164301_5836871475_600_800.png,/scratch/parceirosbr/bigoilict/share/BigOil/document_generator/datasets/documents_2021_12_28/22bol2_20211228_164301_5836871475_600_800.png,22bol2_20211228_164301_5836871475_600_800_mask.png,Um   esboço   inicial  do  proceso
68,5,136,10,301,454,437,464,301,454,437,454,437,464,301,464,sub_line_text,text,text_4,raleway,regular,8,22bol2_20211228_164301_5836871475_600_800.png,/scratch/parceirosbr/bigoilict/share/BigOil/document_generator/datasets/documents_2021_12_28/22bol2_20211228_164301_5836871475_600_800.png,22bol2_20211228_164301_5836871475_600_800_mask.png,está  esquematizado  no fluxograma
65,5,130,10,301,469,431,479,301,469,431,469,431,479,301,479,sub_line_text,text,text_4,raleway,regular,8,22bol2_20211228_164301_5836871475_600_800.png,/scratch/parceirosbr/bigoilict/share/BigOil/document_generator/datasets/documents_2021_12_28/22bol2_20211228_164301_5836871475_600_800.png,22bol2_20211228_164301_5836871475_600_800_mask.png,"da 21, mostrando que serão neces."
68,20,137,40,301,439,438,479,301,439,438,439,438,479,301,479,text,text,text_4,raleway,regular,8,22bol2_20211228_164301_5836871475_600_800.png,/scratch/parceirosbr/bigoilict/share/BigOil/document_generator/datasets/documents_2021_12_28/22bol2_20211228_164301_5836871475_600_800.png,22bol2_20211228_164301_5836871475_600_800_mask.png,nan
