center_x,center_y,width,height,xmin,ymin,xmax,ymax,top_left_x,top_left_y,top_right_x,top_right_y,bottom_right_x,bottom_right_y,bottom_left_x,bottom_left_y,label,grouplabel,group,text_font,text_style,size_font,filename,path,filename_mask,content
300,400,600,800,0,0,600,800,0,0,600,0,600,800,0,800,document,,,,,,24poi_20211228_164346_8782785991_600_800.png,/scratch/parceirosbr/bigoilict/share/BigOil/document_generator/datasets/documents_2021_12_28/24poi_20211228_164346_8782785991_600_800.png,24poi_20211228_164346_8782785991_600_800_mask.png,
4,4,8,9,541,119,549,128,541,119,549,119,549,128,541,128,sub_line_text,numpag,header_1,raleway,regular,7,24poi_20211228_164346_8782785991_600_800.png,/scratch/parceirosbr/bigoilict/share/BigOil/document_generator/datasets/documents_2021_12_28/24poi_20211228_164346_8782785991_600_800.png,24poi_20211228_164346_8782785991_600_800_mask.png,73
4,4,8,9,541,119,549,128,541,119,549,119,549,128,541,128,text,numpag,header_1,raleway,regular,7,24poi_20211228_164346_8782785991_600_800.png,/scratch/parceirosbr/bigoilict/share/BigOil/document_generator/datasets/documents_2021_12_28/24poi_20211228_164346_8782785991_600_800.png,24poi_20211228_164346_8782785991_600_800_mask.png,nan
1,4,2,9,537,119,539,128,537,119,539,119,539,128,537,128,sub_line_text,header,header_1,raleway,regular,7,24poi_20211228_164346_8782785991_600_800.png,/scratch/parceirosbr/bigoilict/share/BigOil/document_generator/datasets/documents_2021_12_28/24poi_20211228_164346_8782785991_600_800.png,24poi_20211228_164346_8782785991_600_800_mask.png,|
1,4,2,9,537,119,539,128,537,119,539,119,539,128,537,128,text,header,header_1,raleway,regular,7,24poi_20211228_164346_8782785991_600_800.png,/scratch/parceirosbr/bigoilict/share/BigOil/document_generator/datasets/documents_2021_12_28/24poi_20211228_164346_8782785991_600_800.png,24poi_20211228_164346_8782785991_600_800_mask.png,nan
13,4,27,9,510,119,537,128,510,119,537,119,537,128,510,128,sub_line_text,header,header_1,raleway,regular,7,24poi_20211228_164346_8782785991_600_800.png,/scratch/parceirosbr/bigoilict/share/BigOil/document_generator/datasets/documents_2021_12_28/24poi_20211228_164346_8782785991_600_800.png,24poi_20211228_164346_8782785991_600_800_mask.png,A Ã© uma
13,4,27,9,510,119,537,128,510,119,537,119,537,128,510,128,text,header,header_1,raleway,regular,7,24poi_20211228_164346_8782785991_600_800.png,/scratch/parceirosbr/bigoilict/share/BigOil/document_generator/datasets/documents_2021_12_28/24poi_20211228_164346_8782785991_600_800.png,24poi_20211228_164346_8782785991_600_800_mask.png,nan
115,49,231,99,64,140,295,239,64,140,295,140,295,239,64,239,image,figure_image,figure_0,,,,24poi_20211228_164346_8782785991_600_800.png,/scratch/parceirosbr/bigoilict/share/BigOil/document_generator/datasets/documents_2021_12_28/24poi_20211228_164346_8782785991_600_800.png,24poi_20211228_164346_8782785991_600_800_mask.png,output/gen_img_20211228_164346_3404686325.png
5,1,11,3,187,198,198,201,187,198,198,198,198,201,187,201,text,figure_text,figure_0,,,,24poi_20211228_164346_8782785991_600_800.png,/scratch/parceirosbr/bigoilict/share/BigOil/document_generator/datasets/documents_2021_12_28/24poi_20211228_164346_8782785991_600_800.png,24poi_20211228_164346_8782785991_600_800_mask.png,396.16%
5,1,11,3,187,198,198,201,187,198,198,198,198,201,187,201,sub_line_text,figure_text,figure_0,,,,24poi_20211228_164346_8782785991_600_800.png,/scratch/parceirosbr/bigoilict/share/BigOil/document_generator/datasets/documents_2021_12_28/24poi_20211228_164346_8782785991_600_800.png,24poi_20211228_164346_8782785991_600_800_mask.png,396.16%
4,1,9,3,195,155,204,158,195,155,204,155,204,158,195,158,text,figure_text,figure_0,,,,24poi_20211228_164346_8782785991_600_800.png,/scratch/parceirosbr/bigoilict/share/BigOil/document_generator/datasets/documents_2021_12_28/24poi_20211228_164346_8782785991_600_800.png,24poi_20211228_164346_8782785991_600_800_mask.png,-2812%
4,1,9,3,195,155,204,158,195,155,204,155,204,158,195,158,sub_line_text,figure_text,figure_0,,,,24poi_20211228_164346_8782785991_600_800.png,/scratch/parceirosbr/bigoilict/share/BigOil/document_generator/datasets/documents_2021_12_28/24poi_20211228_164346_8782785991_600_800.png,24poi_20211228_164346_8782785991_600_800_mask.png,-2812%
7,2,14,4,150,199,164,203,150,199,164,199,164,203,150,203,text,figure_text,figure_0,,,,24poi_20211228_164346_8782785991_600_800.png,/scratch/parceirosbr/bigoilict/share/BigOil/document_generator/datasets/documents_2021_12_28/24poi_20211228_164346_8782785991_600_800.png,24poi_20211228_164346_8782785991_600_800_mask.png,Quality[KB]
7,2,14,4,150,199,164,203,150,199,164,199,164,203,150,203,sub_line_text,figure_text,figure_0,,,,24poi_20211228_164346_8782785991_600_800.png,/scratch/parceirosbr/bigoilict/share/BigOil/document_generator/datasets/documents_2021_12_28/24poi_20211228_164346_8782785991_600_800.png,24poi_20211228_164346_8782785991_600_800_mask.png,Quality[KB]
7,1,14,3,177,161,191,164,177,161,191,161,191,164,177,164,text,figure_text,figure_0,,,,24poi_20211228_164346_8782785991_600_800.png,/scratch/parceirosbr/bigoilict/share/BigOil/document_generator/datasets/documents_2021_12_28/24poi_20211228_164346_8782785991_600_800.png,24poi_20211228_164346_8782785991_600_800_mask.png,-5756.84%
7,1,14,3,177,161,191,164,177,161,191,161,191,164,177,164,sub_line_text,figure_text,figure_0,,,,24poi_20211228_164346_8782785991_600_800.png,/scratch/parceirosbr/bigoilict/share/BigOil/document_generator/datasets/documents_2021_12_28/24poi_20211228_164346_8782785991_600_800.png,24poi_20211228_164346_8782785991_600_800_mask.png,-5756.84%
3,1,7,3,220,176,227,179,220,176,227,176,227,179,220,179,text,figure_text,figure_0,,,,24poi_20211228_164346_8782785991_600_800.png,/scratch/parceirosbr/bigoilict/share/BigOil/document_generator/datasets/documents_2021_12_28/24poi_20211228_164346_8782785991_600_800.png,24poi_20211228_164346_8782785991_600_800_mask.png,-9377
3,1,7,3,220,176,227,179,220,176,227,176,227,179,220,179,sub_line_text,figure_text,figure_0,,,,24poi_20211228_164346_8782785991_600_800.png,/scratch/parceirosbr/bigoilict/share/BigOil/document_generator/datasets/documents_2021_12_28/24poi_20211228_164346_8782785991_600_800.png,24poi_20211228_164346_8782785991_600_800_mask.png,-9377
8,1,17,3,142,153,159,156,142,153,159,153,159,156,142,156,text,figure_text,figure_0,,,,24poi_20211228_164346_8782785991_600_800.png,/scratch/parceirosbr/bigoilict/share/BigOil/document_generator/datasets/documents_2021_12_28/24poi_20211228_164346_8782785991_600_800.png,24poi_20211228_164346_8782785991_600_800_mask.png,Volume [KB]
8,1,17,3,142,153,159,156,142,153,159,153,159,156,142,156,sub_line_text,figure_text,figure_0,,,,24poi_20211228_164346_8782785991_600_800.png,/scratch/parceirosbr/bigoilict/share/BigOil/document_generator/datasets/documents_2021_12_28/24poi_20211228_164346_8782785991_600_800.png,24poi_20211228_164346_8782785991_600_800_mask.png,Volume [KB]
9,2,18,4,165,217,183,221,165,217,183,217,183,221,165,221,text,figure_text,figure_0,,,,24poi_20211228_164346_8782785991_600_800.png,/scratch/parceirosbr/bigoilict/share/BigOil/document_generator/datasets/documents_2021_12_28/24poi_20211228_164346_8782785991_600_800.png,24poi_20211228_164346_8782785991_600_800_mask.png,Demand (KB)
9,2,18,4,165,217,183,221,165,217,183,217,183,221,165,221,sub_line_text,figure_text,figure_0,,,,24poi_20211228_164346_8782785991_600_800.png,/scratch/parceirosbr/bigoilict/share/BigOil/document_generator/datasets/documents_2021_12_28/24poi_20211228_164346_8782785991_600_800.png,24poi_20211228_164346_8782785991_600_800_mask.png,Demand (KB)
3,1,7,3,146,189,153,192,146,189,153,189,153,192,146,192,text,figure_text,figure_0,,,,24poi_20211228_164346_8782785991_600_800.png,/scratch/parceirosbr/bigoilict/share/BigOil/document_generator/datasets/documents_2021_12_28/24poi_20211228_164346_8782785991_600_800.png,24poi_20211228_164346_8782785991_600_800_mask.png,Profit
3,1,7,3,146,189,153,192,146,189,153,189,153,192,146,192,sub_line_text,figure_text,figure_0,,,,24poi_20211228_164346_8782785991_600_800.png,/scratch/parceirosbr/bigoilict/share/BigOil/document_generator/datasets/documents_2021_12_28/24poi_20211228_164346_8782785991_600_800.png,24poi_20211228_164346_8782785991_600_800_mask.png,Profit
7,1,14,3,227,167,241,170,227,167,241,167,241,170,227,170,text,figure_text,figure_0,,,,24poi_20211228_164346_8782785991_600_800.png,/scratch/parceirosbr/bigoilict/share/BigOil/document_generator/datasets/documents_2021_12_28/24poi_20211228_164346_8782785991_600_800.png,24poi_20211228_164346_8782785991_600_800_mask.png,Proportion
7,1,14,3,227,167,241,170,227,167,241,167,241,170,227,170,sub_line_text,figure_text,figure_0,,,,24poi_20211228_164346_8782785991_600_800.png,/scratch/parceirosbr/bigoilict/share/BigOil/document_generator/datasets/documents_2021_12_28/24poi_20211228_164346_8782785991_600_800.png,24poi_20211228_164346_8782785991_600_800_mask.png,Proportion
7,1,14,3,109,185,123,188,109,185,123,185,123,188,109,188,text,figure_text,figure_0,,,,24poi_20211228_164346_8782785991_600_800.png,/scratch/parceirosbr/bigoilict/share/BigOil/document_generator/datasets/documents_2021_12_28/24poi_20211228_164346_8782785991_600_800.png,24poi_20211228_164346_8782785991_600_800_mask.png,-2492.95%
7,1,14,3,109,185,123,188,109,185,123,185,123,188,109,188,sub_line_text,figure_text,figure_0,,,,24poi_20211228_164346_8782785991_600_800.png,/scratch/parceirosbr/bigoilict/share/BigOil/document_generator/datasets/documents_2021_12_28/24poi_20211228_164346_8782785991_600_800.png,24poi_20211228_164346_8782785991_600_800_mask.png,-2492.95%
4,1,9,3,192,211,201,214,192,211,201,211,201,214,192,214,text,figure_text,figure_0,,,,24poi_20211228_164346_8782785991_600_800.png,/scratch/parceirosbr/bigoilict/share/BigOil/document_generator/datasets/documents_2021_12_28/24poi_20211228_164346_8782785991_600_800.png,24poi_20211228_164346_8782785991_600_800_mask.png,-5130.1
4,1,9,3,192,211,201,214,192,211,201,211,201,214,192,214,sub_line_text,figure_text,figure_0,,,,24poi_20211228_164346_8782785991_600_800.png,/scratch/parceirosbr/bigoilict/share/BigOil/document_generator/datasets/documents_2021_12_28/24poi_20211228_164346_8782785991_600_800.png,24poi_20211228_164346_8782785991_600_800_mask.png,-5130.1
7,1,14,3,209,189,223,192,209,189,223,189,223,192,209,192,text,figure_text,figure_0,,,,24poi_20211228_164346_8782785991_600_800.png,/scratch/parceirosbr/bigoilict/share/BigOil/document_generator/datasets/documents_2021_12_28/24poi_20211228_164346_8782785991_600_800.png,24poi_20211228_164346_8782785991_600_800_mask.png,-4292.83%
7,1,14,3,209,189,223,192,209,189,223,189,223,192,209,192,sub_line_text,figure_text,figure_0,,,,24poi_20211228_164346_8782785991_600_800.png,/scratch/parceirosbr/bigoilict/share/BigOil/document_generator/datasets/documents_2021_12_28/24poi_20211228_164346_8782785991_600_800.png,24poi_20211228_164346_8782785991_600_800_mask.png,-4292.83%
4,1,9,3,166,193,175,196,166,193,175,193,175,196,166,196,text,figure_text,figure_0,,,,24poi_20211228_164346_8782785991_600_800.png,/scratch/parceirosbr/bigoilict/share/BigOil/document_generator/datasets/documents_2021_12_28/24poi_20211228_164346_8782785991_600_800.png,24poi_20211228_164346_8782785991_600_800_mask.png,-8534%
4,1,9,3,166,193,175,196,166,193,175,193,175,196,166,196,sub_line_text,figure_text,figure_0,,,,24poi_20211228_164346_8782785991_600_800.png,/scratch/parceirosbr/bigoilict/share/BigOil/document_generator/datasets/documents_2021_12_28/24poi_20211228_164346_8782785991_600_800.png,24poi_20211228_164346_8782785991_600_800_mask.png,-8534%
5,1,10,3,70,169,80,172,70,169,80,169,80,172,70,172,text,figure_text,figure_0,,,,24poi_20211228_164346_8782785991_600_800.png,/scratch/parceirosbr/bigoilict/share/BigOil/document_generator/datasets/documents_2021_12_28/24poi_20211228_164346_8782785991_600_800.png,24poi_20211228_164346_8782785991_600_800_mask.png,190.7%
5,1,10,3,70,169,80,172,70,169,80,169,80,172,70,172,sub_line_text,figure_text,figure_0,,,,24poi_20211228_164346_8782785991_600_800.png,/scratch/parceirosbr/bigoilict/share/BigOil/document_generator/datasets/documents_2021_12_28/24poi_20211228_164346_8782785991_600_800.png,24poi_20211228_164346_8782785991_600_800_mask.png,190.7%
3,1,7,3,256,183,263,186,256,183,263,183,263,186,256,186,text,figure_text,figure_0,,,,24poi_20211228_164346_8782785991_600_800.png,/scratch/parceirosbr/bigoilict/share/BigOil/document_generator/datasets/documents_2021_12_28/24poi_20211228_164346_8782785991_600_800.png,24poi_20211228_164346_8782785991_600_800_mask.png,248%
3,1,7,3,256,183,263,186,256,183,263,183,263,186,256,186,sub_line_text,figure_text,figure_0,,,,24poi_20211228_164346_8782785991_600_800.png,/scratch/parceirosbr/bigoilict/share/BigOil/document_generator/datasets/documents_2021_12_28/24poi_20211228_164346_8782785991_600_800.png,24poi_20211228_164346_8782785991_600_800_mask.png,248%
3,1,6,3,104,174,110,177,104,174,110,174,110,177,104,177,text,figure_text,figure_0,,,,24poi_20211228_164346_8782785991_600_800.png,/scratch/parceirosbr/bigoilict/share/BigOil/document_generator/datasets/documents_2021_12_28/24poi_20211228_164346_8782785991_600_800.png,24poi_20211228_164346_8782785991_600_800_mask.png,Start
3,1,6,3,104,174,110,177,104,174,110,174,110,177,104,177,sub_line_text,figure_text,figure_0,,,,24poi_20211228_164346_8782785991_600_800.png,/scratch/parceirosbr/bigoilict/share/BigOil/document_generator/datasets/documents_2021_12_28/24poi_20211228_164346_8782785991_600_800.png,24poi_20211228_164346_8782785991_600_800_mask.png,Start
5,1,11,3,193,174,204,177,193,174,204,174,204,177,193,177,text,figure_text,figure_0,,,,24poi_20211228_164346_8782785991_600_800.png,/scratch/parceirosbr/bigoilict/share/BigOil/document_generator/datasets/documents_2021_12_28/24poi_20211228_164346_8782785991_600_800.png,24poi_20211228_164346_8782785991_600_800_mask.png,-8528.3%
5,1,11,3,193,174,204,177,193,174,204,174,204,177,193,177,sub_line_text,figure_text,figure_0,,,,24poi_20211228_164346_8782785991_600_800.png,/scratch/parceirosbr/bigoilict/share/BigOil/document_generator/datasets/documents_2021_12_28/24poi_20211228_164346_8782785991_600_800.png,24poi_20211228_164346_8782785991_600_800_mask.png,-8528.3%
9,1,19,3,155,186,174,189,155,186,174,186,174,189,155,189,text,figure_text,figure_0,,,,24poi_20211228_164346_8782785991_600_800.png,/scratch/parceirosbr/bigoilict/share/BigOil/document_generator/datasets/documents_2021_12_28/24poi_20211228_164346_8782785991_600_800.png,24poi_20211228_164346_8782785991_600_800_mask.png,Demand (MB)
9,1,19,3,155,186,174,189,155,186,174,186,174,189,155,189,sub_line_text,figure_text,figure_0,,,,24poi_20211228_164346_8782785991_600_800.png,/scratch/parceirosbr/bigoilict/share/BigOil/document_generator/datasets/documents_2021_12_28/24poi_20211228_164346_8782785991_600_800.png,24poi_20211228_164346_8782785991_600_800_mask.png,Demand (MB)
3,1,6,3,225,219,231,222,225,219,231,219,231,222,225,222,text,figure_text,figure_0,,,,24poi_20211228_164346_8782785991_600_800.png,/scratch/parceirosbr/bigoilict/share/BigOil/document_generator/datasets/documents_2021_12_28/24poi_20211228_164346_8782785991_600_800.png,24poi_20211228_164346_8782785991_600_800_mask.png,-16.2
3,1,6,3,225,219,231,222,225,219,231,219,231,222,225,222,sub_line_text,figure_text,figure_0,,,,24poi_20211228_164346_8782785991_600_800.png,/scratch/parceirosbr/bigoilict/share/BigOil/document_generator/datasets/documents_2021_12_28/24poi_20211228_164346_8782785991_600_800.png,24poi_20211228_164346_8782785991_600_800_mask.png,-16.2
96,3,193,7,64,244,257,251,64,244,257,244,257,251,64,251,sub_line_text,figure_legend,figure_0,raleway,bolditalic,6,24poi_20211228_164346_8782785991_600_800.png,/scratch/parceirosbr/bigoilict/share/BigOil/document_generator/datasets/documents_2021_12_28/24poi_20211228_164346_8782785991_600_800.png,24poi_20211228_164346_8782785991_600_800_mask.png,"Fig. 122: Advanced       of       the       v.       21,       pp.       439-      Improvement      of"
63,3,127,7,86,255,213,262,86,255,213,255,213,262,86,262,sub_line_text,figure_legend,figure_0,raleway,bolditalic,6,24poi_20211228_164346_8782785991_600_800.png,/scratch/parceirosbr/bigoilict/share/BigOil/document_generator/datasets/documents_2021_12_28/24poi_20211228_164346_8782785991_600_800.png,24poi_20211228_164346_8782785991_600_800_mask.png,mechanical properties in by boron carbide ad
96,9,193,18,64,244,257,262,64,244,257,244,257,262,64,262,text,figure_legend,figure_0,raleway,bolditalic,6,24poi_20211228_164346_8782785991_600_800.png,/scratch/parceirosbr/bigoilict/share/BigOil/document_generator/datasets/documents_2021_12_28/24poi_20211228_164346_8782785991_600_800.png,24poi_20211228_164346_8782785991_600_800_mask.png,nan
85,3,170,7,64,264,234,271,64,264,234,264,234,271,64,271,sub_line_text,figure_legend,figure_0,raleway,bolditalic,6,24poi_20211228_164346_8782785991_600_800.png,/scratch/parceirosbr/bigoilict/share/BigOil/document_generator/datasets/documents_2021_12_28/24poi_20211228_164346_8782785991_600_800.png,24poi_20211228_164346_8782785991_600_800_mask.png,"Fig. 65: In        October,        52       research       units       were       accred-"
56,3,112,7,84,275,196,282,84,275,196,275,196,282,84,282,sub_line_text,figure_legend,figure_0,raleway,bolditalic,6,24poi_20211228_164346_8782785991_600_800.png,/scratch/parceirosbr/bigoilict/share/BigOil/document_generator/datasets/documents_2021_12_28/24poi_20211228_164346_8782785991_600_800.png,24poi_20211228_164346_8782785991_600_800_mask.png,"ited, according to current regulations. Al"
85,9,170,18,64,264,234,282,64,264,234,264,234,282,64,282,text,figure_legend,figure_0,raleway,bolditalic,6,24poi_20211228_164346_8782785991_600_800.png,/scratch/parceirosbr/bigoilict/share/BigOil/document_generator/datasets/documents_2021_12_28/24poi_20211228_164346_8782785991_600_800.png,24poi_20211228_164346_8782785991_600_800_mask.png,nan
115,66,231,132,64,306,295,438,64,306,295,306,295,438,64,438,image,figure_image,figure_1,,,,24poi_20211228_164346_8782785991_600_800.png,/scratch/parceirosbr/bigoilict/share/BigOil/document_generator/datasets/documents_2021_12_28/24poi_20211228_164346_8782785991_600_800.png,24poi_20211228_164346_8782785991_600_800_mask.png,output/gen_img_20211228_164348_4208114939.png
8,0,17,-1,165,365,182,364,165,361,183,365,182,368,164,364,text,figure_text,figure_1,,,,24poi_20211228_164346_8782785991_600_800.png,/scratch/parceirosbr/bigoilict/share/BigOil/document_generator/datasets/documents_2021_12_28/24poi_20211228_164346_8782785991_600_800.png,24poi_20211228_164346_8782785991_600_800_mask.png,Gender (BL)
8,0,17,-1,165,365,182,364,165,361,183,365,182,368,164,364,sub_line_text,figure_text,figure_1,,,,24poi_20211228_164346_8782785991_600_800.png,/scratch/parceirosbr/bigoilict/share/BigOil/document_generator/datasets/documents_2021_12_28/24poi_20211228_164346_8782785991_600_800.png,24poi_20211228_164346_8782785991_600_800_mask.png,Gender (BL)
8,2,17,4,76,388,93,392,76,389,93,388,93,391,76,392,text,figure_text,figure_1,,,,24poi_20211228_164346_8782785991_600_800.png,/scratch/parceirosbr/bigoilict/share/BigOil/document_generator/datasets/documents_2021_12_28/24poi_20211228_164346_8782785991_600_800.png,24poi_20211228_164346_8782785991_600_800_mask.png,Water (MM)
8,2,17,4,76,388,93,392,76,389,93,388,93,391,76,392,sub_line_text,figure_text,figure_1,,,,24poi_20211228_164346_8782785991_600_800.png,/scratch/parceirosbr/bigoilict/share/BigOil/document_generator/datasets/documents_2021_12_28/24poi_20211228_164346_8782785991_600_800.png,24poi_20211228_164346_8782785991_600_800_mask.png,Water (MM)
4,1,9,3,101,410,110,413,101,410,109,410,110,413,101,413,text,figure_text,figure_1,,,,24poi_20211228_164346_8782785991_600_800.png,/scratch/parceirosbr/bigoilict/share/BigOil/document_generator/datasets/documents_2021_12_28/24poi_20211228_164346_8782785991_600_800.png,24poi_20211228_164346_8782785991_600_800_mask.png,-2236
4,1,9,3,101,410,110,413,101,410,109,410,110,413,101,413,sub_line_text,figure_text,figure_1,,,,24poi_20211228_164346_8782785991_600_800.png,/scratch/parceirosbr/bigoilict/share/BigOil/document_generator/datasets/documents_2021_12_28/24poi_20211228_164346_8782785991_600_800.png,24poi_20211228_164346_8782785991_600_800_mask.png,-2236
5,0,11,1,128,319,139,320,128,317,140,319,139,323,127,320,text,figure_text,figure_1,,,,24poi_20211228_164346_8782785991_600_800.png,/scratch/parceirosbr/bigoilict/share/BigOil/document_generator/datasets/documents_2021_12_28/24poi_20211228_164346_8782785991_600_800.png,24poi_20211228_164346_8782785991_600_800_mask.png,Density
5,0,11,1,128,319,139,320,128,317,140,319,139,323,127,320,sub_line_text,figure_text,figure_1,,,,24poi_20211228_164346_8782785991_600_800.png,/scratch/parceirosbr/bigoilict/share/BigOil/document_generator/datasets/documents_2021_12_28/24poi_20211228_164346_8782785991_600_800.png,24poi_20211228_164346_8782785991_600_800_mask.png,Density
5,2,11,4,145,373,156,377,145,375,155,373,156,375,146,377,text,figure_text,figure_1,,,,24poi_20211228_164346_8782785991_600_800.png,/scratch/parceirosbr/bigoilict/share/BigOil/document_generator/datasets/documents_2021_12_28/24poi_20211228_164346_8782785991_600_800.png,24poi_20211228_164346_8782785991_600_800_mask.png,-8102%
5,2,11,4,145,373,156,377,145,375,155,373,156,375,146,377,sub_line_text,figure_text,figure_1,,,,24poi_20211228_164346_8782785991_600_800.png,/scratch/parceirosbr/bigoilict/share/BigOil/document_generator/datasets/documents_2021_12_28/24poi_20211228_164346_8782785991_600_800.png,24poi_20211228_164346_8782785991_600_800_mask.png,-8102%
96,3,193,7,64,443,257,450,64,443,257,443,257,450,64,450,sub_line_text,figure_legend,figure_1,raleway,bolditalic,6,24poi_20211228_164346_8782785991_600_800.png,/scratch/parceirosbr/bigoilict/share/BigOil/document_generator/datasets/documents_2021_12_28/24poi_20211228_164346_8782785991_600_800.png,24poi_20211228_164346_8782785991_600_800_mask.png,Figura 149: A      equacao     e     uti-lizada     para     estimar     o     colapso
81,3,162,7,95,454,257,461,95,454,257,454,257,461,95,461,sub_line_text,figure_legend,figure_1,raleway,bolditalic,6,24poi_20211228_164346_8782785991_600_800.png,/scratch/parceirosbr/bigoilict/share/BigOil/document_generator/datasets/documents_2021_12_28/24poi_20211228_164346_8782785991_600_800.png,24poi_20211228_164346_8782785991_600_800_mask.png,total    com    base    na    pressao    aplicada    que    causa    o
81,3,162,7,95,465,257,472,95,465,257,465,257,472,95,472,sub_line_text,figure_legend,figure_1,raleway,bolditalic,6,24poi_20211228_164346_8782785991_600_800.png,/scratch/parceirosbr/bigoilict/share/BigOil/document_generator/datasets/documents_2021_12_28/24poi_20211228_164346_8782785991_600_800.png,24poi_20211228_164346_8782785991_600_800_mask.png,"primeiroescoamento           do           ange,          (n).          Communi-"
46,3,92,7,95,476,187,483,95,476,187,476,187,483,95,483,sub_line_text,figure_legend,figure_1,raleway,bolditalic,6,24poi_20211228_164346_8782785991_600_800.png,/scratch/parceirosbr/bigoilict/share/BigOil/document_generator/datasets/documents_2021_12_28/24poi_20211228_164346_8782785991_600_800.png,24poi_20211228_164346_8782785991_600_800_mask.png,cation and access to information
96,20,193,40,64,443,257,483,64,443,257,443,257,483,64,483,text,figure_legend,figure_1,raleway,bolditalic,6,24poi_20211228_164346_8782785991_600_800.png,/scratch/parceirosbr/bigoilict/share/BigOil/document_generator/datasets/documents_2021_12_28/24poi_20211228_164346_8782785991_600_800.png,24poi_20211228_164346_8782785991_600_800_mask.png,nan
87,3,174,7,64,489,238,496,64,489,238,489,238,496,64,496,sub_line_text,figure_legend,figure_1,raleway,bolditalic,6,24poi_20211228_164346_8782785991_600_800.png,/scratch/parceirosbr/bigoilict/share/BigOil/document_generator/datasets/documents_2021_12_28/24poi_20211228_164346_8782785991_600_800.png,24poi_20211228_164346_8782785991_600_800_mask.png,Figura 114: maturidade     de     10     (dez)    anos    para    a    apur-
42,3,85,7,95,500,180,507,95,500,180,500,180,507,95,507,sub_line_text,figure_legend,figure_1,raleway,bolditalic,6,24poi_20211228_164346_8782785991_600_800.png,/scratch/parceirosbr/bigoilict/share/BigOil/document_generator/datasets/documents_2021_12_28/24poi_20211228_164346_8782785991_600_800.png,24poi_20211228_164346_8782785991_600_800_mask.png,aÃ§Ã£o do valor da taxa livre de
87,9,174,18,64,489,238,507,64,489,238,489,238,507,64,507,text,figure_legend,figure_1,raleway,bolditalic,6,24poi_20211228_164346_8782785991_600_800.png,/scratch/parceirosbr/bigoilict/share/BigOil/document_generator/datasets/documents_2021_12_28/24poi_20211228_164346_8782785991_600_800.png,24poi_20211228_164346_8782785991_600_800_mask.png,nan
111,75,223,151,68,531,291,682,68,531,291,531,291,682,68,682,table,table_image,table_0,,,,24poi_20211228_164346_8782785991_600_800.png,/scratch/parceirosbr/bigoilict/share/BigOil/document_generator/datasets/documents_2021_12_28/24poi_20211228_164346_8782785991_600_800.png,24poi_20211228_164346_8782785991_600_800_mask.png,output/gen_tab_20211228_164350_4109018548.png
12,4,25,8,119,535,144,543,119,535,144,535,144,543,119,543,text,table_text,table_0,raleway,bold,7.0,24poi_20211228_164346_8782785991_600_800.png,/scratch/parceirosbr/bigoilict/share/BigOil/document_generator/datasets/documents_2021_12_28/24poi_20211228_164346_8782785991_600_800.png,24poi_20211228_164346_8782785991_600_800_mask.png,mistura
12,4,25,8,119,535,144,543,119,535,144,535,144,543,119,543,sub_line_text,table_text,table_0,raleway,bold,7.0,24poi_20211228_164346_8782785991_600_800.png,/scratch/parceirosbr/bigoilict/share/BigOil/document_generator/datasets/documents_2021_12_28/24poi_20211228_164346_8782785991_600_800.png,24poi_20211228_164346_8782785991_600_800_mask.png,mistura
18,4,36,8,107,552,143,560,107,552,143,552,143,560,107,560,text,table_text,table_0,raleway,bold,7.0,24poi_20211228_164346_8782785991_600_800.png,/scratch/parceirosbr/bigoilict/share/BigOil/document_generator/datasets/documents_2021_12_28/24poi_20211228_164346_8782785991_600_800.png,24poi_20211228_164346_8782785991_600_800_mask.png,30283.8257
18,4,36,8,107,552,143,560,107,552,143,552,143,560,107,560,sub_line_text,table_text,table_0,raleway,bold,7.0,24poi_20211228_164346_8782785991_600_800.png,/scratch/parceirosbr/bigoilict/share/BigOil/document_generator/datasets/documents_2021_12_28/24poi_20211228_164346_8782785991_600_800.png,24poi_20211228_164346_8782785991_600_800_mask.png,30283.8257
17,4,35,8,108,563,143,571,108,563,143,563,143,571,108,571,text,table_text,table_0,raleway,bold,7.0,24poi_20211228_164346_8782785991_600_800.png,/scratch/parceirosbr/bigoilict/share/BigOil/document_generator/datasets/documents_2021_12_28/24poi_20211228_164346_8782785991_600_800.png,24poi_20211228_164346_8782785991_600_800_mask.png,58472.5124
17,4,35,8,108,563,143,571,108,563,143,563,143,571,108,571,sub_line_text,table_text,table_0,raleway,bold,7.0,24poi_20211228_164346_8782785991_600_800.png,/scratch/parceirosbr/bigoilict/share/BigOil/document_generator/datasets/documents_2021_12_28/24poi_20211228_164346_8782785991_600_800.png,24poi_20211228_164346_8782785991_600_800_mask.png,58472.5124
12,4,24,8,120,575,144,583,120,575,144,575,144,583,120,583,text,table_text,table_0,raleway,bold,7.0,24poi_20211228_164346_8782785991_600_800.png,/scratch/parceirosbr/bigoilict/share/BigOil/document_generator/datasets/documents_2021_12_28/24poi_20211228_164346_8782785991_600_800.png,24poi_20211228_164346_8782785991_600_800_mask.png,12.3391
12,4,24,8,120,575,144,583,120,575,144,575,144,583,120,583,sub_line_text,table_text,table_0,raleway,bold,7.0,24poi_20211228_164346_8782785991_600_800.png,/scratch/parceirosbr/bigoilict/share/BigOil/document_generator/datasets/documents_2021_12_28/24poi_20211228_164346_8782785991_600_800.png,24poi_20211228_164346_8782785991_600_800_mask.png,12.3391
11,4,23,8,121,587,144,595,121,587,144,587,144,595,121,595,text,table_text,table_0,raleway,bold,7.0,24poi_20211228_164346_8782785991_600_800.png,/scratch/parceirosbr/bigoilict/share/BigOil/document_generator/datasets/documents_2021_12_28/24poi_20211228_164346_8782785991_600_800.png,24poi_20211228_164346_8782785991_600_800_mask.png,48.1177
11,4,23,8,121,587,144,595,121,587,144,587,144,595,121,595,sub_line_text,table_text,table_0,raleway,bold,7.0,24poi_20211228_164346_8782785991_600_800.png,/scratch/parceirosbr/bigoilict/share/BigOil/document_generator/datasets/documents_2021_12_28/24poi_20211228_164346_8782785991_600_800.png,24poi_20211228_164346_8782785991_600_800_mask.png,48.1177
12,4,24,8,120,598,144,606,120,598,144,598,144,606,120,606,text,table_text,table_0,raleway,bold,7.0,24poi_20211228_164346_8782785991_600_800.png,/scratch/parceirosbr/bigoilict/share/BigOil/document_generator/datasets/documents_2021_12_28/24poi_20211228_164346_8782785991_600_800.png,24poi_20211228_164346_8782785991_600_800_mask.png,59.4175
12,4,24,8,120,598,144,606,120,598,144,598,144,606,120,606,sub_line_text,table_text,table_0,raleway,bold,7.0,24poi_20211228_164346_8782785991_600_800.png,/scratch/parceirosbr/bigoilict/share/BigOil/document_generator/datasets/documents_2021_12_28/24poi_20211228_164346_8782785991_600_800.png,24poi_20211228_164346_8782785991_600_800_mask.png,59.4175
13,4,27,8,117,610,144,618,117,610,144,610,144,618,117,618,text,table_text,table_0,raleway,bold,7.0,24poi_20211228_164346_8782785991_600_800.png,/scratch/parceirosbr/bigoilict/share/BigOil/document_generator/datasets/documents_2021_12_28/24poi_20211228_164346_8782785991_600_800.png,24poi_20211228_164346_8782785991_600_800_mask.png,968.1123
13,4,27,8,117,610,144,618,117,610,144,610,144,618,117,618,sub_line_text,table_text,table_0,raleway,bold,7.0,24poi_20211228_164346_8782785991_600_800.png,/scratch/parceirosbr/bigoilict/share/BigOil/document_generator/datasets/documents_2021_12_28/24poi_20211228_164346_8782785991_600_800.png,24poi_20211228_164346_8782785991_600_800_mask.png,968.1123
13,4,27,8,117,621,144,629,117,621,144,621,144,629,117,629,text,table_text,table_0,raleway,bold,7.0,24poi_20211228_164346_8782785991_600_800.png,/scratch/parceirosbr/bigoilict/share/BigOil/document_generator/datasets/documents_2021_12_28/24poi_20211228_164346_8782785991_600_800.png,24poi_20211228_164346_8782785991_600_800_mask.png,590.2116
13,4,27,8,117,621,144,629,117,621,144,621,144,629,117,629,sub_line_text,table_text,table_0,raleway,bold,7.0,24poi_20211228_164346_8782785991_600_800.png,/scratch/parceirosbr/bigoilict/share/BigOil/document_generator/datasets/documents_2021_12_28/24poi_20211228_164346_8782785991_600_800.png,24poi_20211228_164346_8782785991_600_800_mask.png,590.2116
14,4,28,8,115,633,143,641,115,633,143,633,143,641,115,641,text,table_text,table_0,raleway,bold,7.0,24poi_20211228_164346_8782785991_600_800.png,/scratch/parceirosbr/bigoilict/share/BigOil/document_generator/datasets/documents_2021_12_28/24poi_20211228_164346_8782785991_600_800.png,24poi_20211228_164346_8782785991_600_800_mask.png,875.5055
14,4,28,8,115,633,143,641,115,633,143,633,143,641,115,641,sub_line_text,table_text,table_0,raleway,bold,7.0,24poi_20211228_164346_8782785991_600_800.png,/scratch/parceirosbr/bigoilict/share/BigOil/document_generator/datasets/documents_2021_12_28/24poi_20211228_164346_8782785991_600_800.png,24poi_20211228_164346_8782785991_600_800_mask.png,875.5055
12,4,24,8,120,645,144,653,120,645,144,645,144,653,120,653,text,table_text,table_0,raleway,bold,7.0,24poi_20211228_164346_8782785991_600_800.png,/scratch/parceirosbr/bigoilict/share/BigOil/document_generator/datasets/documents_2021_12_28/24poi_20211228_164346_8782785991_600_800.png,24poi_20211228_164346_8782785991_600_800_mask.png,91.9725
12,4,24,8,120,645,144,653,120,645,144,645,144,653,120,653,sub_line_text,table_text,table_0,raleway,bold,7.0,24poi_20211228_164346_8782785991_600_800.png,/scratch/parceirosbr/bigoilict/share/BigOil/document_generator/datasets/documents_2021_12_28/24poi_20211228_164346_8782785991_600_800.png,24poi_20211228_164346_8782785991_600_800_mask.png,91.9725
12,4,24,8,120,656,144,664,120,656,144,656,144,664,120,664,text,table_text,table_0,raleway,bold,7.0,24poi_20211228_164346_8782785991_600_800.png,/scratch/parceirosbr/bigoilict/share/BigOil/document_generator/datasets/documents_2021_12_28/24poi_20211228_164346_8782785991_600_800.png,24poi_20211228_164346_8782785991_600_800_mask.png,38.1467
12,4,24,8,120,656,144,664,120,656,144,656,144,664,120,664,sub_line_text,table_text,table_0,raleway,bold,7.0,24poi_20211228_164346_8782785991_600_800.png,/scratch/parceirosbr/bigoilict/share/BigOil/document_generator/datasets/documents_2021_12_28/24poi_20211228_164346_8782785991_600_800.png,24poi_20211228_164346_8782785991_600_800_mask.png,38.1467
12,4,24,8,120,668,144,676,120,668,144,668,144,676,120,676,text,table_text,table_0,raleway,regular,7.0,24poi_20211228_164346_8782785991_600_800.png,/scratch/parceirosbr/bigoilict/share/BigOil/document_generator/datasets/documents_2021_12_28/24poi_20211228_164346_8782785991_600_800.png,24poi_20211228_164346_8782785991_600_800_mask.png,55.6887
12,4,24,8,120,668,144,676,120,668,144,668,144,676,120,676,sub_line_text,table_text,table_0,raleway,regular,7.0,24poi_20211228_164346_8782785991_600_800.png,/scratch/parceirosbr/bigoilict/share/BigOil/document_generator/datasets/documents_2021_12_28/24poi_20211228_164346_8782785991_600_800.png,24poi_20211228_164346_8782785991_600_800_mask.png,55.6887
11,4,23,8,178,535,201,543,178,535,201,535,201,543,178,543,text,table_text,table_0,raleway,bold,7.0,24poi_20211228_164346_8782785991_600_800.png,/scratch/parceirosbr/bigoilict/share/BigOil/document_generator/datasets/documents_2021_12_28/24poi_20211228_164346_8782785991_600_800.png,24poi_20211228_164346_8782785991_600_800_mask.png,prÃ¡tica
11,4,23,8,178,535,201,543,178,535,201,535,201,543,178,543,sub_line_text,table_text,table_0,raleway,bold,7.0,24poi_20211228_164346_8782785991_600_800.png,/scratch/parceirosbr/bigoilict/share/BigOil/document_generator/datasets/documents_2021_12_28/24poi_20211228_164346_8782785991_600_800.png,24poi_20211228_164346_8782785991_600_800_mask.png,prÃ¡tica
16,4,32,8,174,552,206,560,174,552,206,552,206,560,174,560,text,table_text,table_0,raleway,bold,7.0,24poi_20211228_164346_8782785991_600_800.png,/scratch/parceirosbr/bigoilict/share/BigOil/document_generator/datasets/documents_2021_12_28/24poi_20211228_164346_8782785991_600_800.png,24poi_20211228_164346_8782785991_600_800_mask.png,formaÃ§Ã£o
16,4,32,8,174,552,206,560,174,552,206,552,206,560,174,560,sub_line_text,table_text,table_0,raleway,bold,7.0,24poi_20211228_164346_8782785991_600_800.png,/scratch/parceirosbr/bigoilict/share/BigOil/document_generator/datasets/documents_2021_12_28/24poi_20211228_164346_8782785991_600_800.png,24poi_20211228_164346_8782785991_600_800_mask.png,formaÃ§Ã£o
8,4,16,8,181,563,197,571,181,563,197,563,197,571,181,571,text,table_text,table_0,raleway,bold,7.0,24poi_20211228_164346_8782785991_600_800.png,/scratch/parceirosbr/bigoilict/share/BigOil/document_generator/datasets/documents_2021_12_28/24poi_20211228_164346_8782785991_600_800.png,24poi_20211228_164346_8782785991_600_800_mask.png,setor
8,4,16,8,181,563,197,571,181,563,197,563,197,571,181,571,sub_line_text,table_text,table_0,raleway,bold,7.0,24poi_20211228_164346_8782785991_600_800.png,/scratch/parceirosbr/bigoilict/share/BigOil/document_generator/datasets/documents_2021_12_28/24poi_20211228_164346_8782785991_600_800.png,24poi_20211228_164346_8782785991_600_800_mask.png,setor
14,4,29,8,175,575,204,583,175,575,204,575,204,583,175,583,text,table_text,table_0,raleway,bold,7.0,24poi_20211228_164346_8782785991_600_800.png,/scratch/parceirosbr/bigoilict/share/BigOil/document_generator/datasets/documents_2021_12_28/24poi_20211228_164346_8782785991_600_800.png,24poi_20211228_164346_8782785991_600_800_mask.png,biodiesel
14,4,29,8,175,575,204,583,175,575,204,575,204,583,175,583,sub_line_text,table_text,table_0,raleway,bold,7.0,24poi_20211228_164346_8782785991_600_800.png,/scratch/parceirosbr/bigoilict/share/BigOil/document_generator/datasets/documents_2021_12_28/24poi_20211228_164346_8782785991_600_800.png,24poi_20211228_164346_8782785991_600_800_mask.png,biodiesel
7,4,14,8,182,587,196,595,182,587,196,587,196,595,182,595,text,table_text,table_0,raleway,bold,7.0,24poi_20211228_164346_8782785991_600_800.png,/scratch/parceirosbr/bigoilict/share/BigOil/document_generator/datasets/documents_2021_12_28/24poi_20211228_164346_8782785991_600_800.png,24poi_20211228_164346_8782785991_600_800_mask.png,dito
7,4,14,8,182,587,196,595,182,587,196,587,196,595,182,595,sub_line_text,table_text,table_0,raleway,bold,7.0,24poi_20211228_164346_8782785991_600_800.png,/scratch/parceirosbr/bigoilict/share/BigOil/document_generator/datasets/documents_2021_12_28/24poi_20211228_164346_8782785991_600_800.png,24poi_20211228_164346_8782785991_600_800_mask.png,dito
18,4,37,8,171,598,208,606,171,598,208,598,208,606,171,606,text,table_text,table_0,raleway,bold,7.0,24poi_20211228_164346_8782785991_600_800.png,/scratch/parceirosbr/bigoilict/share/BigOil/document_generator/datasets/documents_2021_12_28/24poi_20211228_164346_8782785991_600_800.png,24poi_20211228_164346_8782785991_600_800_mask.png,indefiniÃ§Ã£o
18,4,37,8,171,598,208,606,171,598,208,598,208,606,171,606,sub_line_text,table_text,table_0,raleway,bold,7.0,24poi_20211228_164346_8782785991_600_800.png,/scratch/parceirosbr/bigoilict/share/BigOil/document_generator/datasets/documents_2021_12_28/24poi_20211228_164346_8782785991_600_800.png,24poi_20211228_164346_8782785991_600_800_mask.png,indefiniÃ§Ã£o
12,4,25,8,178,610,203,618,178,610,203,610,203,618,178,618,text,table_text,table_0,raleway,bold,7.0,24poi_20211228_164346_8782785991_600_800.png,/scratch/parceirosbr/bigoilict/share/BigOil/document_generator/datasets/documents_2021_12_28/24poi_20211228_164346_8782785991_600_800.png,24poi_20211228_164346_8782785991_600_800_mask.png,mistura
12,4,25,8,178,610,203,618,178,610,203,610,203,618,178,618,sub_line_text,table_text,table_0,raleway,bold,7.0,24poi_20211228_164346_8782785991_600_800.png,/scratch/parceirosbr/bigoilict/share/BigOil/document_generator/datasets/documents_2021_12_28/24poi_20211228_164346_8782785991_600_800.png,24poi_20211228_164346_8782785991_600_800_mask.png,mistura
11,4,23,8,178,621,201,629,178,621,201,621,201,629,178,629,text,table_text,table_0,raleway,bold,7.0,24poi_20211228_164346_8782785991_600_800.png,/scratch/parceirosbr/bigoilict/share/BigOil/document_generator/datasets/documents_2021_12_28/24poi_20211228_164346_8782785991_600_800.png,24poi_20211228_164346_8782785991_600_800_mask.png,muitas
11,4,23,8,178,621,201,629,178,621,201,621,201,629,178,629,sub_line_text,table_text,table_0,raleway,bold,7.0,24poi_20211228_164346_8782785991_600_800.png,/scratch/parceirosbr/bigoilict/share/BigOil/document_generator/datasets/documents_2021_12_28/24poi_20211228_164346_8782785991_600_800.png,24poi_20211228_164346_8782785991_600_800_mask.png,muitas
24,4,48,8,166,633,214,641,166,633,214,633,214,641,166,641,text,table_text,table_0,raleway,bold,7.0,24poi_20211228_164346_8782785991_600_800.png,/scratch/parceirosbr/bigoilict/share/BigOil/document_generator/datasets/documents_2021_12_28/24poi_20211228_164346_8782785991_600_800.png,24poi_20211228_164346_8782785991_600_800_mask.png,anteriormente
24,4,48,8,166,633,214,641,166,633,214,633,214,641,166,641,sub_line_text,table_text,table_0,raleway,bold,7.0,24poi_20211228_164346_8782785991_600_800.png,/scratch/parceirosbr/bigoilict/share/BigOil/document_generator/datasets/documents_2021_12_28/24poi_20211228_164346_8782785991_600_800.png,24poi_20211228_164346_8782785991_600_800_mask.png,anteriormente
2,4,4,8,187,645,191,653,187,645,191,645,191,653,187,653,text,table_text,table_0,raleway,bold,7.0,24poi_20211228_164346_8782785991_600_800.png,/scratch/parceirosbr/bigoilict/share/BigOil/document_generator/datasets/documents_2021_12_28/24poi_20211228_164346_8782785991_600_800.png,24poi_20211228_164346_8782785991_600_800_mask.png,o
2,4,4,8,187,645,191,653,187,645,191,645,191,653,187,653,sub_line_text,table_text,table_0,raleway,bold,7.0,24poi_20211228_164346_8782785991_600_800.png,/scratch/parceirosbr/bigoilict/share/BigOil/document_generator/datasets/documents_2021_12_28/24poi_20211228_164346_8782785991_600_800.png,24poi_20211228_164346_8782785991_600_800_mask.png,o
9,4,19,8,179,656,198,664,179,656,198,656,198,664,179,664,text,table_text,table_0,raleway,bold,7.0,24poi_20211228_164346_8782785991_600_800.png,/scratch/parceirosbr/bigoilict/share/BigOil/document_generator/datasets/documents_2021_12_28/24poi_20211228_164346_8782785991_600_800.png,24poi_20211228_164346_8782785991_600_800_mask.png,berÃ§o
9,4,19,8,179,656,198,664,179,656,198,656,198,664,179,664,sub_line_text,table_text,table_0,raleway,bold,7.0,24poi_20211228_164346_8782785991_600_800.png,/scratch/parceirosbr/bigoilict/share/BigOil/document_generator/datasets/documents_2021_12_28/24poi_20211228_164346_8782785991_600_800.png,24poi_20211228_164346_8782785991_600_800_mask.png,berÃ§o
10,4,21,8,179,668,200,676,179,668,200,668,200,676,179,676,text,table_text,table_0,raleway,regular,7.0,24poi_20211228_164346_8782785991_600_800.png,/scratch/parceirosbr/bigoilict/share/BigOil/document_generator/datasets/documents_2021_12_28/24poi_20211228_164346_8782785991_600_800.png,24poi_20211228_164346_8782785991_600_800_mask.png,grande
10,4,21,8,179,668,200,676,179,668,200,668,200,676,179,676,sub_line_text,table_text,table_0,raleway,regular,7.0,24poi_20211228_164346_8782785991_600_800.png,/scratch/parceirosbr/bigoilict/share/BigOil/document_generator/datasets/documents_2021_12_28/24poi_20211228_164346_8782785991_600_800.png,24poi_20211228_164346_8782785991_600_800_mask.png,grande
7,4,15,8,253,535,268,543,253,535,268,535,268,543,253,543,text,table_text,table_0,raleway,bold,7.0,24poi_20211228_164346_8782785991_600_800.png,/scratch/parceirosbr/bigoilict/share/BigOil/document_generator/datasets/documents_2021_12_28/24poi_20211228_164346_8782785991_600_800.png,24poi_20211228_164346_8782785991_600_800_mask.png,grau
7,4,15,8,253,535,268,543,253,535,268,535,268,543,253,543,sub_line_text,table_text,table_0,raleway,bold,7.0,24poi_20211228_164346_8782785991_600_800.png,/scratch/parceirosbr/bigoilict/share/BigOil/document_generator/datasets/documents_2021_12_28/24poi_20211228_164346_8782785991_600_800.png,24poi_20211228_164346_8782785991_600_800_mask.png,grau
12,4,25,8,249,552,274,560,249,552,274,552,274,560,249,560,text,table_text,table_0,raleway,bold,7.0,24poi_20211228_164346_8782785991_600_800.png,/scratch/parceirosbr/bigoilict/share/BigOil/document_generator/datasets/documents_2021_12_28/24poi_20211228_164346_8782785991_600_800.png,24poi_20211228_164346_8782785991_600_800_mask.png,mistura
12,4,25,8,249,552,274,560,249,552,274,552,274,560,249,560,sub_line_text,table_text,table_0,raleway,bold,7.0,24poi_20211228_164346_8782785991_600_800.png,/scratch/parceirosbr/bigoilict/share/BigOil/document_generator/datasets/documents_2021_12_28/24poi_20211228_164346_8782785991_600_800.png,24poi_20211228_164346_8782785991_600_800_mask.png,mistura
10,4,21,8,251,563,272,571,251,563,272,563,272,571,251,571,text,table_text,table_0,raleway,bold,7.0,24poi_20211228_164346_8782785991_600_800.png,/scratch/parceirosbr/bigoilict/share/BigOil/document_generator/datasets/documents_2021_12_28/24poi_20211228_164346_8782785991_600_800.png,24poi_20211228_164346_8782785991_600_800_mask.png,custos
10,4,21,8,251,563,272,571,251,563,272,563,272,571,251,571,sub_line_text,table_text,table_0,raleway,bold,7.0,24poi_20211228_164346_8782785991_600_800.png,/scratch/parceirosbr/bigoilict/share/BigOil/document_generator/datasets/documents_2021_12_28/24poi_20211228_164346_8782785991_600_800.png,24poi_20211228_164346_8782785991_600_800_mask.png,custos
12,4,25,8,249,575,274,583,249,575,274,575,274,583,249,583,text,table_text,table_0,raleway,bold,7.0,24poi_20211228_164346_8782785991_600_800.png,/scratch/parceirosbr/bigoilict/share/BigOil/document_generator/datasets/documents_2021_12_28/24poi_20211228_164346_8782785991_600_800.png,24poi_20211228_164346_8782785991_600_800_mask.png,demais
12,4,25,8,249,575,274,583,249,575,274,575,274,583,249,583,sub_line_text,table_text,table_0,raleway,bold,7.0,24poi_20211228_164346_8782785991_600_800.png,/scratch/parceirosbr/bigoilict/share/BigOil/document_generator/datasets/documents_2021_12_28/24poi_20211228_164346_8782785991_600_800.png,24poi_20211228_164346_8782785991_600_800_mask.png,demais
2,4,4,8,259,587,263,595,259,587,263,587,263,595,259,595,text,table_text,table_0,raleway,bold,7.0,24poi_20211228_164346_8782785991_600_800.png,/scratch/parceirosbr/bigoilict/share/BigOil/document_generator/datasets/documents_2021_12_28/24poi_20211228_164346_8782785991_600_800.png,24poi_20211228_164346_8782785991_600_800_mask.png,e
2,4,4,8,259,587,263,595,259,587,263,587,263,595,259,595,sub_line_text,table_text,table_0,raleway,bold,7.0,24poi_20211228_164346_8782785991_600_800.png,/scratch/parceirosbr/bigoilict/share/BigOil/document_generator/datasets/documents_2021_12_28/24poi_20211228_164346_8782785991_600_800.png,24poi_20211228_164346_8782785991_600_800_mask.png,e
10,4,20,8,251,598,271,606,251,598,271,598,271,606,251,606,text,table_text,table_0,raleway,bold,7.0,24poi_20211228_164346_8782785991_600_800.png,/scratch/parceirosbr/bigoilict/share/BigOil/document_generator/datasets/documents_2021_12_28/24poi_20211228_164346_8782785991_600_800.png,24poi_20211228_164346_8782785991_600_800_mask.png,fundo
10,4,20,8,251,598,271,606,251,598,271,598,271,606,251,606,sub_line_text,table_text,table_0,raleway,bold,7.0,24poi_20211228_164346_8782785991_600_800.png,/scratch/parceirosbr/bigoilict/share/BigOil/document_generator/datasets/documents_2021_12_28/24poi_20211228_164346_8782785991_600_800.png,24poi_20211228_164346_8782785991_600_800_mask.png,fundo
12,4,25,8,249,610,274,618,249,610,274,610,274,618,249,618,text,table_text,table_0,raleway,bold,7.0,24poi_20211228_164346_8782785991_600_800.png,/scratch/parceirosbr/bigoilict/share/BigOil/document_generator/datasets/documents_2021_12_28/24poi_20211228_164346_8782785991_600_800.png,24poi_20211228_164346_8782785991_600_800_mask.png,reuniÃ£o
12,4,25,8,249,610,274,618,249,610,274,610,274,618,249,618,sub_line_text,table_text,table_0,raleway,bold,7.0,24poi_20211228_164346_8782785991_600_800.png,/scratch/parceirosbr/bigoilict/share/BigOil/document_generator/datasets/documents_2021_12_28/24poi_20211228_164346_8782785991_600_800.png,24poi_20211228_164346_8782785991_600_800_mask.png,reuniÃ£o
9,4,18,8,252,621,270,629,252,621,270,621,270,629,252,629,text,table_text,table_0,raleway,bold,7.0,24poi_20211228_164346_8782785991_600_800.png,/scratch/parceirosbr/bigoilict/share/BigOil/document_generator/datasets/documents_2021_12_28/24poi_20211228_164346_8782785991_600_800.png,24poi_20211228_164346_8782785991_600_800_mask.png,vezes
9,4,18,8,252,621,270,629,252,621,270,621,270,629,252,629,sub_line_text,table_text,table_0,raleway,bold,7.0,24poi_20211228_164346_8782785991_600_800.png,/scratch/parceirosbr/bigoilict/share/BigOil/document_generator/datasets/documents_2021_12_28/24poi_20211228_164346_8782785991_600_800.png,24poi_20211228_164346_8782785991_600_800_mask.png,vezes
17,4,34,8,243,633,277,641,243,633,277,633,277,641,243,641,text,table_text,table_0,raleway,bold,7.0,24poi_20211228_164346_8782785991_600_800.png,/scratch/parceirosbr/bigoilict/share/BigOil/document_generator/datasets/documents_2021_12_28/24poi_20211228_164346_8782785991_600_800.png,24poi_20211228_164346_8782785991_600_800_mask.png,floculadas
17,4,34,8,243,633,277,641,243,633,277,633,277,641,243,641,sub_line_text,table_text,table_0,raleway,bold,7.0,24poi_20211228_164346_8782785991_600_800.png,/scratch/parceirosbr/bigoilict/share/BigOil/document_generator/datasets/documents_2021_12_28/24poi_20211228_164346_8782785991_600_800.png,24poi_20211228_164346_8782785991_600_800_mask.png,floculadas
13,4,27,8,247,645,274,653,247,645,274,645,274,653,247,653,text,table_text,table_0,raleway,bold,7.0,24poi_20211228_164346_8782785991_600_800.png,/scratch/parceirosbr/bigoilict/share/BigOil/document_generator/datasets/documents_2021_12_28/24poi_20211228_164346_8782785991_600_800.png,24poi_20211228_164346_8782785991_600_800_mask.png,grandes
13,4,27,8,247,645,274,653,247,645,274,645,274,653,247,653,sub_line_text,table_text,table_0,raleway,bold,7.0,24poi_20211228_164346_8782785991_600_800.png,/scratch/parceirosbr/bigoilict/share/BigOil/document_generator/datasets/documents_2021_12_28/24poi_20211228_164346_8782785991_600_800.png,24poi_20211228_164346_8782785991_600_800_mask.png,grandes
10,4,20,8,251,656,271,664,251,656,271,656,271,664,251,664,text,table_text,table_0,raleway,bold,7.0,24poi_20211228_164346_8782785991_600_800.png,/scratch/parceirosbr/bigoilict/share/BigOil/document_generator/datasets/documents_2021_12_28/24poi_20211228_164346_8782785991_600_800.png,24poi_20211228_164346_8782785991_600_800_mask.png,Como
10,4,20,8,251,656,271,664,251,656,271,656,271,664,251,664,sub_line_text,table_text,table_0,raleway,bold,7.0,24poi_20211228_164346_8782785991_600_800.png,/scratch/parceirosbr/bigoilict/share/BigOil/document_generator/datasets/documents_2021_12_28/24poi_20211228_164346_8782785991_600_800.png,24poi_20211228_164346_8782785991_600_800_mask.png,Como
6,4,13,8,255,668,268,676,255,668,268,668,268,676,255,676,text,table_text,table_0,raleway,regular,7.0,24poi_20211228_164346_8782785991_600_800.png,/scratch/parceirosbr/bigoilict/share/BigOil/document_generator/datasets/documents_2021_12_28/24poi_20211228_164346_8782785991_600_800.png,24poi_20211228_164346_8782785991_600_800_mask.png,grau
6,4,13,8,255,668,268,676,255,668,268,668,268,676,255,676,sub_line_text,table_text,table_0,raleway,regular,7.0,24poi_20211228_164346_8782785991_600_800.png,/scratch/parceirosbr/bigoilict/share/BigOil/document_generator/datasets/documents_2021_12_28/24poi_20211228_164346_8782785991_600_800.png,24poi_20211228_164346_8782785991_600_800_mask.png,grau
73,3,147,7,64,687,211,694,64,687,211,687,211,694,64,694,sub_line_text,table_legend,table_0,raleway,bolditalic,6,24poi_20211228_164346_8782785991_600_800.png,/scratch/parceirosbr/bigoilict/share/BigOil/document_generator/datasets/documents_2021_12_28/24poi_20211228_164346_8782785991_600_800.png,24poi_20211228_164346_8782785991_600_800_mask.png,Tabela 33: Aos meus pais pelo apoio em todos os m
73,3,147,7,64,687,211,694,64,687,211,687,211,694,64,694,text,table_legend,table_0,raleway,bolditalic,6,24poi_20211228_164346_8782785991_600_800.png,/scratch/parceirosbr/bigoilict/share/BigOil/document_generator/datasets/documents_2021_12_28/24poi_20211228_164346_8782785991_600_800.png,24poi_20211228_164346_8782785991_600_800_mask.png,nan
73,3,147,7,64,695,211,702,64,695,211,695,211,702,64,702,sub_line_text,table_legend,table_0,raleway,bolditalic,6,24poi_20211228_164346_8782785991_600_800.png,/scratch/parceirosbr/bigoilict/share/BigOil/document_generator/datasets/documents_2021_12_28/24poi_20211228_164346_8782785991_600_800.png,24poi_20211228_164346_8782785991_600_800_mask.png,Tabela 133: PAHs are introduced in the aquatic enviro
73,3,147,7,64,695,211,702,64,695,211,695,211,702,64,702,text,table_legend,table_0,raleway,bolditalic,6,24poi_20211228_164346_8782785991_600_800.png,/scratch/parceirosbr/bigoilict/share/BigOil/document_generator/datasets/documents_2021_12_28/24poi_20211228_164346_8782785991_600_800.png,24poi_20211228_164346_8782785991_600_800_mask.png,nan
115,69,231,138,318,140,549,278,318,140,549,140,549,278,318,278,image,figure_image,figure_2,,,,24poi_20211228_164346_8782785991_600_800.png,/scratch/parceirosbr/bigoilict/share/BigOil/document_generator/datasets/documents_2021_12_28/24poi_20211228_164346_8782785991_600_800.png,24poi_20211228_164346_8782785991_600_800_mask.png,output/gen_img_20211228_164352_7513127305.png
6,1,13,2,405,250,418,252,405,249,419,250,418,254,405,252,text,figure_text,figure_2,,,,24poi_20211228_164346_8782785991_600_800.png,/scratch/parceirosbr/bigoilict/share/BigOil/document_generator/datasets/documents_2021_12_28/24poi_20211228_164346_8782785991_600_800.png,24poi_20211228_164346_8782785991_600_800_mask.png,Scores
6,1,13,2,405,250,418,252,405,249,419,250,418,254,405,252,sub_line_text,figure_text,figure_2,,,,24poi_20211228_164346_8782785991_600_800.png,/scratch/parceirosbr/bigoilict/share/BigOil/document_generator/datasets/documents_2021_12_28/24poi_20211228_164346_8782785991_600_800.png,24poi_20211228_164346_8782785991_600_800_mask.png,Scores
12,3,25,7,421,245,446,252,421,248,445,245,446,250,421,252,text,figure_text,figure_2,,,,24poi_20211228_164346_8782785991_600_800.png,/scratch/parceirosbr/bigoilict/share/BigOil/document_generator/datasets/documents_2021_12_28/24poi_20211228_164346_8782785991_600_800.png,24poi_20211228_164346_8782785991_600_800_mask.png,Energy [kw]
12,3,25,7,421,245,446,252,421,248,445,245,446,250,421,252,sub_line_text,figure_text,figure_2,,,,24poi_20211228_164346_8782785991_600_800.png,/scratch/parceirosbr/bigoilict/share/BigOil/document_generator/datasets/documents_2021_12_28/24poi_20211228_164346_8782785991_600_800.png,24poi_20211228_164346_8782785991_600_800_mask.png,Energy [kw]
8,-1,17,-2,330,271,347,269,330,266,348,271,347,274,329,269,text,figure_text,figure_2,,,,24poi_20211228_164346_8782785991_600_800.png,/scratch/parceirosbr/bigoilict/share/BigOil/document_generator/datasets/documents_2021_12_28/24poi_20211228_164346_8782785991_600_800.png,24poi_20211228_164346_8782785991_600_800_mask.png,-8632.72
8,-1,17,-2,330,271,347,269,330,266,348,271,347,274,329,269,sub_line_text,figure_text,figure_2,,,,24poi_20211228_164346_8782785991_600_800.png,/scratch/parceirosbr/bigoilict/share/BigOil/document_generator/datasets/documents_2021_12_28/24poi_20211228_164346_8782785991_600_800.png,24poi_20211228_164346_8782785991_600_800_mask.png,-8632.72
10,5,21,10,378,172,399,182,378,179,397,172,399,175,379,182,text,figure_text,figure_2,,,,24poi_20211228_164346_8782785991_600_800.png,/scratch/parceirosbr/bigoilict/share/BigOil/document_generator/datasets/documents_2021_12_28/24poi_20211228_164346_8782785991_600_800.png,24poi_20211228_164346_8782785991_600_800_mask.png,-8452.29%
10,5,21,10,378,172,399,182,378,179,397,172,399,175,379,182,sub_line_text,figure_text,figure_2,,,,24poi_20211228_164346_8782785991_600_800.png,/scratch/parceirosbr/bigoilict/share/BigOil/document_generator/datasets/documents_2021_12_28/24poi_20211228_164346_8782785991_600_800.png,24poi_20211228_164346_8782785991_600_800_mask.png,-8452.29%
9,0,18,0,378,261,396,261,378,258,397,261,396,265,378,261,text,figure_text,figure_2,,,,24poi_20211228_164346_8782785991_600_800.png,/scratch/parceirosbr/bigoilict/share/BigOil/document_generator/datasets/documents_2021_12_28/24poi_20211228_164346_8782785991_600_800.png,24poi_20211228_164346_8782785991_600_800_mask.png,-1566.9%
9,0,18,0,378,261,396,261,378,258,397,261,396,265,378,261,sub_line_text,figure_text,figure_2,,,,24poi_20211228_164346_8782785991_600_800.png,/scratch/parceirosbr/bigoilict/share/BigOil/document_generator/datasets/documents_2021_12_28/24poi_20211228_164346_8782785991_600_800.png,24poi_20211228_164346_8782785991_600_800_mask.png,-1566.9%
7,3,14,7,320,185,334,192,320,189,333,185,334,189,320,192,text,figure_text,figure_2,,,,24poi_20211228_164346_8782785991_600_800.png,/scratch/parceirosbr/bigoilict/share/BigOil/document_generator/datasets/documents_2021_12_28/24poi_20211228_164346_8782785991_600_800.png,24poi_20211228_164346_8782785991_600_800_mask.png,895.88
7,3,14,7,320,185,334,192,320,189,333,185,334,189,320,192,sub_line_text,figure_text,figure_2,,,,24poi_20211228_164346_8782785991_600_800.png,/scratch/parceirosbr/bigoilict/share/BigOil/document_generator/datasets/documents_2021_12_28/24poi_20211228_164346_8782785991_600_800.png,24poi_20211228_164346_8782785991_600_800_mask.png,895.88
12,1,25,2,457,215,482,217,457,214,482,215,482,220,457,217,text,figure_text,figure_2,,,,24poi_20211228_164346_8782785991_600_800.png,/scratch/parceirosbr/bigoilict/share/BigOil/document_generator/datasets/documents_2021_12_28/24poi_20211228_164346_8782785991_600_800.png,24poi_20211228_164346_8782785991_600_800_mask.png,Demand (MB)
12,1,25,2,457,215,482,217,457,214,482,215,482,220,457,217,sub_line_text,figure_text,figure_2,,,,24poi_20211228_164346_8782785991_600_800.png,/scratch/parceirosbr/bigoilict/share/BigOil/document_generator/datasets/documents_2021_12_28/24poi_20211228_164346_8782785991_600_800.png,24poi_20211228_164346_8782785991_600_800_mask.png,Demand (MB)
11,2,22,4,412,180,434,184,412,180,434,180,434,184,411,184,text,figure_text,figure_2,,,,24poi_20211228_164346_8782785991_600_800.png,/scratch/parceirosbr/bigoilict/share/BigOil/document_generator/datasets/documents_2021_12_28/24poi_20211228_164346_8782785991_600_800.png,24poi_20211228_164346_8782785991_600_800_mask.png,Reflective
11,2,22,4,412,180,434,184,412,180,434,180,434,184,411,184,sub_line_text,figure_text,figure_2,,,,24poi_20211228_164346_8782785991_600_800.png,/scratch/parceirosbr/bigoilict/share/BigOil/document_generator/datasets/documents_2021_12_28/24poi_20211228_164346_8782785991_600_800.png,24poi_20211228_164346_8782785991_600_800_mask.png,Reflective
10,5,21,10,467,228,488,238,467,235,487,228,488,232,468,238,text,figure_text,figure_2,,,,24poi_20211228_164346_8782785991_600_800.png,/scratch/parceirosbr/bigoilict/share/BigOil/document_generator/datasets/documents_2021_12_28/24poi_20211228_164346_8782785991_600_800.png,24poi_20211228_164346_8782785991_600_800_mask.png,-5948.91%
10,5,21,10,467,228,488,238,467,235,487,228,488,232,468,238,sub_line_text,figure_text,figure_2,,,,24poi_20211228_164346_8782785991_600_800.png,/scratch/parceirosbr/bigoilict/share/BigOil/document_generator/datasets/documents_2021_12_28/24poi_20211228_164346_8782785991_600_800.png,24poi_20211228_164346_8782785991_600_800_mask.png,-5948.91%
12,3,25,6,409,204,434,210,409,207,433,204,434,209,409,210,text,figure_text,figure_2,,,,24poi_20211228_164346_8782785991_600_800.png,/scratch/parceirosbr/bigoilict/share/BigOil/document_generator/datasets/documents_2021_12_28/24poi_20211228_164346_8782785991_600_800.png,24poi_20211228_164346_8782785991_600_800_mask.png,Volume [KB]
12,3,25,6,409,204,434,210,409,207,433,204,434,209,409,210,sub_line_text,figure_text,figure_2,,,,24poi_20211228_164346_8782785991_600_800.png,/scratch/parceirosbr/bigoilict/share/BigOil/document_generator/datasets/documents_2021_12_28/24poi_20211228_164346_8782785991_600_800.png,24poi_20211228_164346_8782785991_600_800_mask.png,Volume [KB]
9,2,18,5,416,234,434,239,416,236,434,234,434,237,416,239,text,figure_text,figure_2,,,,24poi_20211228_164346_8782785991_600_800.png,/scratch/parceirosbr/bigoilict/share/BigOil/document_generator/datasets/documents_2021_12_28/24poi_20211228_164346_8782785991_600_800.png,24poi_20211228_164346_8782785991_600_800_mask.png,Movement
9,2,18,5,416,234,434,239,416,236,434,234,434,237,416,239,sub_line_text,figure_text,figure_2,,,,24poi_20211228_164346_8782785991_600_800.png,/scratch/parceirosbr/bigoilict/share/BigOil/document_generator/datasets/documents_2021_12_28/24poi_20211228_164346_8782785991_600_800.png,24poi_20211228_164346_8782785991_600_800_mask.png,Movement
6,0,13,0,493,170,506,170,493,167,506,170,506,174,492,170,text,figure_text,figure_2,,,,24poi_20211228_164346_8782785991_600_800.png,/scratch/parceirosbr/bigoilict/share/BigOil/document_generator/datasets/documents_2021_12_28/24poi_20211228_164346_8782785991_600_800.png,24poi_20211228_164346_8782785991_600_800_mask.png,Scores
6,0,13,0,493,170,506,170,493,167,506,170,506,174,492,170,sub_line_text,figure_text,figure_2,,,,24poi_20211228_164346_8782785991_600_800.png,/scratch/parceirosbr/bigoilict/share/BigOil/document_generator/datasets/documents_2021_12_28/24poi_20211228_164346_8782785991_600_800.png,24poi_20211228_164346_8782785991_600_800_mask.png,Scores
4,3,9,6,381,249,390,255,381,252,390,249,390,253,381,255,text,figure_text,figure_2,,,,24poi_20211228_164346_8782785991_600_800.png,/scratch/parceirosbr/bigoilict/share/BigOil/document_generator/datasets/documents_2021_12_28/24poi_20211228_164346_8782785991_600_800.png,24poi_20211228_164346_8782785991_600_800_mask.png,-461
4,3,9,6,381,249,390,255,381,252,390,249,390,253,381,255,sub_line_text,figure_text,figure_2,,,,24poi_20211228_164346_8782785991_600_800.png,/scratch/parceirosbr/bigoilict/share/BigOil/document_generator/datasets/documents_2021_12_28/24poi_20211228_164346_8782785991_600_800.png,24poi_20211228_164346_8782785991_600_800_mask.png,-461
7,2,14,5,474,148,488,153,474,149,487,148,488,152,474,153,text,figure_text,figure_2,,,,24poi_20211228_164346_8782785991_600_800.png,/scratch/parceirosbr/bigoilict/share/BigOil/document_generator/datasets/documents_2021_12_28/24poi_20211228_164346_8782785991_600_800.png,24poi_20211228_164346_8782785991_600_800_mask.png,Weight
7,2,14,5,474,148,488,153,474,149,487,148,488,152,474,153,sub_line_text,figure_text,figure_2,,,,24poi_20211228_164346_8782785991_600_800.png,/scratch/parceirosbr/bigoilict/share/BigOil/document_generator/datasets/documents_2021_12_28/24poi_20211228_164346_8782785991_600_800.png,24poi_20211228_164346_8782785991_600_800_mask.png,Weight
11,-1,23,-2,429,194,452,192,429,189,453,194,452,198,428,192,text,figure_text,figure_2,,,,24poi_20211228_164346_8782785991_600_800.png,/scratch/parceirosbr/bigoilict/share/BigOil/document_generator/datasets/documents_2021_12_28/24poi_20211228_164346_8782785991_600_800.png,24poi_20211228_164346_8782785991_600_800_mask.png,Demand [GB]
11,-1,23,-2,429,194,452,192,429,189,453,194,452,198,428,192,sub_line_text,figure_text,figure_2,,,,24poi_20211228_164346_8782785991_600_800.png,/scratch/parceirosbr/bigoilict/share/BigOil/document_generator/datasets/documents_2021_12_28/24poi_20211228_164346_8782785991_600_800.png,24poi_20211228_164346_8782785991_600_800_mask.png,Demand [GB]
8,0,17,-1,501,245,518,244,501,241,518,245,518,249,500,244,text,figure_text,figure_2,,,,24poi_20211228_164346_8782785991_600_800.png,/scratch/parceirosbr/bigoilict/share/BigOil/document_generator/datasets/documents_2021_12_28/24poi_20211228_164346_8782785991_600_800.png,24poi_20211228_164346_8782785991_600_800_mask.png,-5075.26
8,0,17,-1,501,245,518,244,501,241,518,245,518,249,500,244,sub_line_text,figure_text,figure_2,,,,24poi_20211228_164346_8782785991_600_800.png,/scratch/parceirosbr/bigoilict/share/BigOil/document_generator/datasets/documents_2021_12_28/24poi_20211228_164346_8782785991_600_800.png,24poi_20211228_164346_8782785991_600_800_mask.png,-5075.26
13,3,26,7,377,183,403,190,377,186,403,183,403,188,377,190,text,figure_text,figure_2,,,,24poi_20211228_164346_8782785991_600_800.png,/scratch/parceirosbr/bigoilict/share/BigOil/document_generator/datasets/documents_2021_12_28/24poi_20211228_164346_8782785991_600_800.png,24poi_20211228_164346_8782785991_600_800_mask.png,Probability
13,3,26,7,377,183,403,190,377,186,403,183,403,188,377,190,sub_line_text,figure_text,figure_2,,,,24poi_20211228_164346_8782785991_600_800.png,/scratch/parceirosbr/bigoilict/share/BigOil/document_generator/datasets/documents_2021_12_28/24poi_20211228_164346_8782785991_600_800.png,24poi_20211228_164346_8782785991_600_800_mask.png,Probability
6,0,13,1,438,158,451,159,438,156,451,158,451,162,437,159,text,figure_text,figure_2,,,,24poi_20211228_164346_8782785991_600_800.png,/scratch/parceirosbr/bigoilict/share/BigOil/document_generator/datasets/documents_2021_12_28/24poi_20211228_164346_8782785991_600_800.png,24poi_20211228_164346_8782785991_600_800_mask.png,-8180%
6,0,13,1,438,158,451,159,438,156,451,158,451,162,437,159,sub_line_text,figure_text,figure_2,,,,24poi_20211228_164346_8782785991_600_800.png,/scratch/parceirosbr/bigoilict/share/BigOil/document_generator/datasets/documents_2021_12_28/24poi_20211228_164346_8782785991_600_800.png,24poi_20211228_164346_8782785991_600_800_mask.png,-8180%
10,0,20,1,367,155,387,156,367,152,387,155,387,159,366,156,text,figure_text,figure_2,,,,24poi_20211228_164346_8782785991_600_800.png,/scratch/parceirosbr/bigoilict/share/BigOil/document_generator/datasets/documents_2021_12_28/24poi_20211228_164346_8782785991_600_800.png,24poi_20211228_164346_8782785991_600_800_mask.png,Data (MB)
10,0,20,1,367,155,387,156,367,152,387,155,387,159,366,156,sub_line_text,figure_text,figure_2,,,,24poi_20211228_164346_8782785991_600_800.png,/scratch/parceirosbr/bigoilict/share/BigOil/document_generator/datasets/documents_2021_12_28/24poi_20211228_164346_8782785991_600_800.png,24poi_20211228_164346_8782785991_600_800_mask.png,Data (MB)
5,0,10,0,385,239,395,239,385,236,396,239,395,243,384,239,text,figure_text,figure_2,,,,24poi_20211228_164346_8782785991_600_800.png,/scratch/parceirosbr/bigoilict/share/BigOil/document_generator/datasets/documents_2021_12_28/24poi_20211228_164346_8782785991_600_800.png,24poi_20211228_164346_8782785991_600_800_mask.png,-8042
5,0,10,0,385,239,395,239,385,236,396,239,395,243,384,239,sub_line_text,figure_text,figure_2,,,,24poi_20211228_164346_8782785991_600_800.png,/scratch/parceirosbr/bigoilict/share/BigOil/document_generator/datasets/documents_2021_12_28/24poi_20211228_164346_8782785991_600_800.png,24poi_20211228_164346_8782785991_600_800_mask.png,-8042
5,0,10,0,505,234,515,234,505,231,516,234,515,237,504,234,text,figure_text,figure_2,,,,24poi_20211228_164346_8782785991_600_800.png,/scratch/parceirosbr/bigoilict/share/BigOil/document_generator/datasets/documents_2021_12_28/24poi_20211228_164346_8782785991_600_800.png,24poi_20211228_164346_8782785991_600_800_mask.png,-8199
5,0,10,0,505,234,515,234,505,231,516,234,515,237,504,234,sub_line_text,figure_text,figure_2,,,,24poi_20211228_164346_8782785991_600_800.png,/scratch/parceirosbr/bigoilict/share/BigOil/document_generator/datasets/documents_2021_12_28/24poi_20211228_164346_8782785991_600_800.png,24poi_20211228_164346_8782785991_600_800_mask.png,-8199
8,4,16,8,519,251,535,259,519,255,534,251,535,255,520,259,text,figure_text,figure_2,,,,24poi_20211228_164346_8782785991_600_800.png,/scratch/parceirosbr/bigoilict/share/BigOil/document_generator/datasets/documents_2021_12_28/24poi_20211228_164346_8782785991_600_800.png,24poi_20211228_164346_8782785991_600_800_mask.png,-1896.2
8,4,16,8,519,251,535,259,519,255,534,251,535,255,520,259,sub_line_text,figure_text,figure_2,,,,24poi_20211228_164346_8782785991_600_800.png,/scratch/parceirosbr/bigoilict/share/BigOil/document_generator/datasets/documents_2021_12_28/24poi_20211228_164346_8782785991_600_800.png,24poi_20211228_164346_8782785991_600_800_mask.png,-1896.2
5,2,11,5,366,174,377,179,366,176,376,174,377,177,367,179,text,figure_text,figure_2,,,,24poi_20211228_164346_8782785991_600_800.png,/scratch/parceirosbr/bigoilict/share/BigOil/document_generator/datasets/documents_2021_12_28/24poi_20211228_164346_8782785991_600_800.png,24poi_20211228_164346_8782785991_600_800_mask.png,Leak
5,2,11,5,366,174,377,179,366,176,376,174,377,177,367,179,sub_line_text,figure_text,figure_2,,,,24poi_20211228_164346_8782785991_600_800.png,/scratch/parceirosbr/bigoilict/share/BigOil/document_generator/datasets/documents_2021_12_28/24poi_20211228_164346_8782785991_600_800.png,24poi_20211228_164346_8782785991_600_800_mask.png,Leak
7,0,15,1,403,156,418,157,403,154,419,156,418,159,402,157,text,figure_text,figure_2,,,,24poi_20211228_164346_8782785991_600_800.png,/scratch/parceirosbr/bigoilict/share/BigOil/document_generator/datasets/documents_2021_12_28/24poi_20211228_164346_8782785991_600_800.png,24poi_20211228_164346_8782785991_600_800_mask.png,-3016.2
7,0,15,1,403,156,418,157,403,154,419,156,418,159,402,157,sub_line_text,figure_text,figure_2,,,,24poi_20211228_164346_8782785991_600_800.png,/scratch/parceirosbr/bigoilict/share/BigOil/document_generator/datasets/documents_2021_12_28/24poi_20211228_164346_8782785991_600_800.png,24poi_20211228_164346_8782785991_600_800_mask.png,-3016.2
6,3,12,7,359,225,371,232,359,228,370,225,371,228,360,232,text,figure_text,figure_2,,,,24poi_20211228_164346_8782785991_600_800.png,/scratch/parceirosbr/bigoilict/share/BigOil/document_generator/datasets/documents_2021_12_28/24poi_20211228_164346_8782785991_600_800.png,24poi_20211228_164346_8782785991_600_800_mask.png,-5752
6,3,12,7,359,225,371,232,359,228,370,225,371,228,360,232,sub_line_text,figure_text,figure_2,,,,24poi_20211228_164346_8782785991_600_800.png,/scratch/parceirosbr/bigoilict/share/BigOil/document_generator/datasets/documents_2021_12_28/24poi_20211228_164346_8782785991_600_800.png,24poi_20211228_164346_8782785991_600_800_mask.png,-5752
9,1,18,2,520,180,538,182,520,179,538,180,538,184,520,182,text,figure_text,figure_2,,,,24poi_20211228_164346_8782785991_600_800.png,/scratch/parceirosbr/bigoilict/share/BigOil/document_generator/datasets/documents_2021_12_28/24poi_20211228_164346_8782785991_600_800.png,24poi_20211228_164346_8782785991_600_800_mask.png,-3899.1%
9,1,18,2,520,180,538,182,520,179,538,180,538,184,520,182,sub_line_text,figure_text,figure_2,,,,24poi_20211228_164346_8782785991_600_800.png,/scratch/parceirosbr/bigoilict/share/BigOil/document_generator/datasets/documents_2021_12_28/24poi_20211228_164346_8782785991_600_800.png,24poi_20211228_164346_8782785991_600_800_mask.png,-3899.1%
10,0,20,1,386,219,406,220,386,217,406,219,406,222,385,220,text,figure_text,figure_2,,,,24poi_20211228_164346_8782785991_600_800.png,/scratch/parceirosbr/bigoilict/share/BigOil/document_generator/datasets/documents_2021_12_28/24poi_20211228_164346_8782785991_600_800.png,24poi_20211228_164346_8782785991_600_800_mask.png,-6955.608
10,0,20,1,386,219,406,220,386,217,406,219,406,222,385,220,sub_line_text,figure_text,figure_2,,,,24poi_20211228_164346_8782785991_600_800.png,/scratch/parceirosbr/bigoilict/share/BigOil/document_generator/datasets/documents_2021_12_28/24poi_20211228_164346_8782785991_600_800.png,24poi_20211228_164346_8782785991_600_800_mask.png,-6955.608
13,2,27,4,370,206,397,210,370,207,397,206,397,210,370,210,text,figure_text,figure_2,,,,24poi_20211228_164346_8782785991_600_800.png,/scratch/parceirosbr/bigoilict/share/BigOil/document_generator/datasets/documents_2021_12_28/24poi_20211228_164346_8782785991_600_800.png,24poi_20211228_164346_8782785991_600_800_mask.png,Services [N]
13,2,27,4,370,206,397,210,370,207,397,206,397,210,370,210,sub_line_text,figure_text,figure_2,,,,24poi_20211228_164346_8782785991_600_800.png,/scratch/parceirosbr/bigoilict/share/BigOil/document_generator/datasets/documents_2021_12_28/24poi_20211228_164346_8782785991_600_800.png,24poi_20211228_164346_8782785991_600_800_mask.png,Services [N]
80,3,160,7,318,283,478,290,318,283,478,283,478,290,318,290,sub_line_text,figure_legend,figure_2,raleway,bolditalic,6,24poi_20211228_164346_8782785991_600_800.png,/scratch/parceirosbr/bigoilict/share/BigOil/document_generator/datasets/documents_2021_12_28/24poi_20211228_164346_8782785991_600_800.png,24poi_20211228_164346_8782785991_600_800_mask.png,Fig. 107: Uma nova batelada foi realizada alterando uma
80,3,160,7,318,283,478,290,318,283,478,283,478,290,318,290,text,figure_legend,figure_2,raleway,bolditalic,6,24poi_20211228_164346_8782785991_600_800.png,/scratch/parceirosbr/bigoilict/share/BigOil/document_generator/datasets/documents_2021_12_28/24poi_20211228_164346_8782785991_600_800.png,24poi_20211228_164346_8782785991_600_800_mask.png,nan
76,3,153,7,318,291,471,298,318,291,471,291,471,298,318,298,sub_line_text,figure_legend,figure_2,raleway,bolditalic,6,24poi_20211228_164346_8782785991_600_800.png,/scratch/parceirosbr/bigoilict/share/BigOil/document_generator/datasets/documents_2021_12_28/24poi_20211228_164346_8782785991_600_800.png,24poi_20211228_164346_8782785991_600_800_mask.png,"Fig. 145: Por meio do que foi exposto, verifica-se que exi"
76,3,153,7,318,291,471,298,318,291,471,291,471,298,318,298,text,figure_legend,figure_2,raleway,bolditalic,6,24poi_20211228_164346_8782785991_600_800.png,/scratch/parceirosbr/bigoilict/share/BigOil/document_generator/datasets/documents_2021_12_28/24poi_20211228_164346_8782785991_600_800.png,24poi_20211228_164346_8782785991_600_800_mask.png,nan
112,92,224,184,321,322,545,506,321,322,545,322,545,506,321,506,table,table_image,table_0,,,,24poi_20211228_164346_8782785991_600_800.png,/scratch/parceirosbr/bigoilict/share/BigOil/document_generator/datasets/documents_2021_12_28/24poi_20211228_164346_8782785991_600_800.png,24poi_20211228_164346_8782785991_600_800_mask.png,output/gen_tab_20211228_164354_5507237015.png
8,3,16,7,339,327,355,334,339,327,355,327,355,334,339,334,text,table_text,table_0,roboto,bold,7.0,24poi_20211228_164346_8782785991_600_800.png,/scratch/parceirosbr/bigoilict/share/BigOil/document_generator/datasets/documents_2021_12_28/24poi_20211228_164346_8782785991_600_800.png,24poi_20211228_164346_8782785991_600_800_mask.png,entre
8,3,16,7,339,327,355,334,339,327,355,327,355,334,339,334,sub_line_text,table_text,table_0,roboto,bold,7.0,24poi_20211228_164346_8782785991_600_800.png,/scratch/parceirosbr/bigoilict/share/BigOil/document_generator/datasets/documents_2021_12_28/24poi_20211228_164346_8782785991_600_800.png,24poi_20211228_164346_8782785991_600_800_mask.png,entre
3,3,7,7,348,342,355,349,348,342,355,342,355,349,348,349,text,table_text,table_0,roboto,bold,7.0,24poi_20211228_164346_8782785991_600_800.png,/scratch/parceirosbr/bigoilict/share/BigOil/document_generator/datasets/documents_2021_12_28/24poi_20211228_164346_8782785991_600_800.png,24poi_20211228_164346_8782785991_600_800_mask.png,80
3,3,7,7,348,342,355,349,348,342,355,342,355,349,348,349,sub_line_text,table_text,table_0,roboto,bold,7.0,24poi_20211228_164346_8782785991_600_800.png,/scratch/parceirosbr/bigoilict/share/BigOil/document_generator/datasets/documents_2021_12_28/24poi_20211228_164346_8782785991_600_800.png,24poi_20211228_164346_8782785991_600_800_mask.png,80
7,3,15,7,340,353,355,360,340,353,355,353,355,360,340,360,text,table_text,table_0,roboto,bold,7.0,24poi_20211228_164346_8782785991_600_800.png,/scratch/parceirosbr/bigoilict/share/BigOil/document_generator/datasets/documents_2021_12_28/24poi_20211228_164346_8782785991_600_800.png,24poi_20211228_164346_8782785991_600_800_mask.png,4199
7,3,15,7,340,353,355,360,340,353,355,353,355,360,340,360,sub_line_text,table_text,table_0,roboto,bold,7.0,24poi_20211228_164346_8782785991_600_800.png,/scratch/parceirosbr/bigoilict/share/BigOil/document_generator/datasets/documents_2021_12_28/24poi_20211228_164346_8782785991_600_800.png,24poi_20211228_164346_8782785991_600_800_mask.png,4199
5,3,11,7,344,363,355,370,344,363,355,363,355,370,344,370,text,table_text,table_0,roboto,bold,7.0,24poi_20211228_164346_8782785991_600_800.png,/scratch/parceirosbr/bigoilict/share/BigOil/document_generator/datasets/documents_2021_12_28/24poi_20211228_164346_8782785991_600_800.png,24poi_20211228_164346_8782785991_600_800_mask.png,439
5,3,11,7,344,363,355,370,344,363,355,363,355,370,344,370,sub_line_text,table_text,table_0,roboto,bold,7.0,24poi_20211228_164346_8782785991_600_800.png,/scratch/parceirosbr/bigoilict/share/BigOil/document_generator/datasets/documents_2021_12_28/24poi_20211228_164346_8782785991_600_800.png,24poi_20211228_164346_8782785991_600_800_mask.png,439
7,3,15,7,340,374,355,381,340,374,355,374,355,381,340,381,text,table_text,table_0,roboto,bold,7.0,24poi_20211228_164346_8782785991_600_800.png,/scratch/parceirosbr/bigoilict/share/BigOil/document_generator/datasets/documents_2021_12_28/24poi_20211228_164346_8782785991_600_800.png,24poi_20211228_164346_8782785991_600_800_mask.png,3019
7,3,15,7,340,374,355,381,340,374,355,374,355,381,340,381,sub_line_text,table_text,table_0,roboto,bold,7.0,24poi_20211228_164346_8782785991_600_800.png,/scratch/parceirosbr/bigoilict/share/BigOil/document_generator/datasets/documents_2021_12_28/24poi_20211228_164346_8782785991_600_800.png,24poi_20211228_164346_8782785991_600_800_mask.png,3019
7,3,15,7,340,385,355,392,340,385,355,385,355,392,340,392,text,table_text,table_0,roboto,bold,7.0,24poi_20211228_164346_8782785991_600_800.png,/scratch/parceirosbr/bigoilict/share/BigOil/document_generator/datasets/documents_2021_12_28/24poi_20211228_164346_8782785991_600_800.png,24poi_20211228_164346_8782785991_600_800_mask.png,1718
7,3,15,7,340,385,355,392,340,385,355,385,355,392,340,392,sub_line_text,table_text,table_0,roboto,bold,7.0,24poi_20211228_164346_8782785991_600_800.png,/scratch/parceirosbr/bigoilict/share/BigOil/document_generator/datasets/documents_2021_12_28/24poi_20211228_164346_8782785991_600_800.png,24poi_20211228_164346_8782785991_600_800_mask.png,1718
7,3,15,7,340,395,355,402,340,395,355,395,355,402,340,402,text,table_text,table_0,roboto,bold,7.0,24poi_20211228_164346_8782785991_600_800.png,/scratch/parceirosbr/bigoilict/share/BigOil/document_generator/datasets/documents_2021_12_28/24poi_20211228_164346_8782785991_600_800.png,24poi_20211228_164346_8782785991_600_800_mask.png,2396
7,3,15,7,340,395,355,402,340,395,355,395,355,402,340,402,sub_line_text,table_text,table_0,roboto,bold,7.0,24poi_20211228_164346_8782785991_600_800.png,/scratch/parceirosbr/bigoilict/share/BigOil/document_generator/datasets/documents_2021_12_28/24poi_20211228_164346_8782785991_600_800.png,24poi_20211228_164346_8782785991_600_800_mask.png,2396
5,3,11,7,344,406,355,413,344,406,355,406,355,413,344,413,text,table_text,table_0,roboto,bold,7.0,24poi_20211228_164346_8782785991_600_800.png,/scratch/parceirosbr/bigoilict/share/BigOil/document_generator/datasets/documents_2021_12_28/24poi_20211228_164346_8782785991_600_800.png,24poi_20211228_164346_8782785991_600_800_mask.png,821
5,3,11,7,344,406,355,413,344,406,355,406,355,413,344,413,sub_line_text,table_text,table_0,roboto,bold,7.0,24poi_20211228_164346_8782785991_600_800.png,/scratch/parceirosbr/bigoilict/share/BigOil/document_generator/datasets/documents_2021_12_28/24poi_20211228_164346_8782785991_600_800.png,24poi_20211228_164346_8782785991_600_800_mask.png,821
7,3,15,7,340,417,355,424,340,417,355,417,355,424,340,424,text,table_text,table_0,roboto,bold,7.0,24poi_20211228_164346_8782785991_600_800.png,/scratch/parceirosbr/bigoilict/share/BigOil/document_generator/datasets/documents_2021_12_28/24poi_20211228_164346_8782785991_600_800.png,24poi_20211228_164346_8782785991_600_800_mask.png,7997
7,3,15,7,340,417,355,424,340,417,355,417,355,424,340,424,sub_line_text,table_text,table_0,roboto,bold,7.0,24poi_20211228_164346_8782785991_600_800.png,/scratch/parceirosbr/bigoilict/share/BigOil/document_generator/datasets/documents_2021_12_28/24poi_20211228_164346_8782785991_600_800.png,24poi_20211228_164346_8782785991_600_800_mask.png,7997
1,3,3,7,352,428,355,435,352,428,355,428,355,435,352,435,text,table_text,table_0,roboto,bold,7.0,24poi_20211228_164346_8782785991_600_800.png,/scratch/parceirosbr/bigoilict/share/BigOil/document_generator/datasets/documents_2021_12_28/24poi_20211228_164346_8782785991_600_800.png,24poi_20211228_164346_8782785991_600_800_mask.png,4
1,3,3,7,352,428,355,435,352,428,355,428,355,435,352,435,sub_line_text,table_text,table_0,roboto,bold,7.0,24poi_20211228_164346_8782785991_600_800.png,/scratch/parceirosbr/bigoilict/share/BigOil/document_generator/datasets/documents_2021_12_28/24poi_20211228_164346_8782785991_600_800.png,24poi_20211228_164346_8782785991_600_800_mask.png,4
3,3,7,7,348,438,355,445,348,438,355,438,355,445,348,445,text,table_text,table_0,roboto,bold,7.0,24poi_20211228_164346_8782785991_600_800.png,/scratch/parceirosbr/bigoilict/share/BigOil/document_generator/datasets/documents_2021_12_28/24poi_20211228_164346_8782785991_600_800.png,24poi_20211228_164346_8782785991_600_800_mask.png,26
3,3,7,7,348,438,355,445,348,438,355,438,355,445,348,445,sub_line_text,table_text,table_0,roboto,bold,7.0,24poi_20211228_164346_8782785991_600_800.png,/scratch/parceirosbr/bigoilict/share/BigOil/document_generator/datasets/documents_2021_12_28/24poi_20211228_164346_8782785991_600_800.png,24poi_20211228_164346_8782785991_600_800_mask.png,26
3,3,7,7,348,449,355,456,348,449,355,449,355,456,348,456,text,table_text,table_0,roboto,bold,7.0,24poi_20211228_164346_8782785991_600_800.png,/scratch/parceirosbr/bigoilict/share/BigOil/document_generator/datasets/documents_2021_12_28/24poi_20211228_164346_8782785991_600_800.png,24poi_20211228_164346_8782785991_600_800_mask.png,21
3,3,7,7,348,449,355,456,348,449,355,449,355,456,348,456,sub_line_text,table_text,table_0,roboto,bold,7.0,24poi_20211228_164346_8782785991_600_800.png,/scratch/parceirosbr/bigoilict/share/BigOil/document_generator/datasets/documents_2021_12_28/24poi_20211228_164346_8782785991_600_800.png,24poi_20211228_164346_8782785991_600_800_mask.png,21
7,3,15,7,340,460,355,467,340,460,355,460,355,467,340,467,text,table_text,table_0,roboto,bold,7.0,24poi_20211228_164346_8782785991_600_800.png,/scratch/parceirosbr/bigoilict/share/BigOil/document_generator/datasets/documents_2021_12_28/24poi_20211228_164346_8782785991_600_800.png,24poi_20211228_164346_8782785991_600_800_mask.png,6147
7,3,15,7,340,460,355,467,340,460,355,460,355,467,340,467,sub_line_text,table_text,table_0,roboto,bold,7.0,24poi_20211228_164346_8782785991_600_800.png,/scratch/parceirosbr/bigoilict/share/BigOil/document_generator/datasets/documents_2021_12_28/24poi_20211228_164346_8782785991_600_800.png,24poi_20211228_164346_8782785991_600_800_mask.png,6147
5,3,11,7,344,470,355,477,344,470,355,470,355,477,344,477,text,table_text,table_0,roboto,bold,7.0,24poi_20211228_164346_8782785991_600_800.png,/scratch/parceirosbr/bigoilict/share/BigOil/document_generator/datasets/documents_2021_12_28/24poi_20211228_164346_8782785991_600_800.png,24poi_20211228_164346_8782785991_600_800_mask.png,531
5,3,11,7,344,470,355,477,344,470,355,470,355,477,344,477,sub_line_text,table_text,table_0,roboto,bold,7.0,24poi_20211228_164346_8782785991_600_800.png,/scratch/parceirosbr/bigoilict/share/BigOil/document_generator/datasets/documents_2021_12_28/24poi_20211228_164346_8782785991_600_800.png,24poi_20211228_164346_8782785991_600_800_mask.png,531
5,3,11,7,344,481,355,488,344,481,355,481,355,488,344,488,text,table_text,table_0,roboto,bold,7.0,24poi_20211228_164346_8782785991_600_800.png,/scratch/parceirosbr/bigoilict/share/BigOil/document_generator/datasets/documents_2021_12_28/24poi_20211228_164346_8782785991_600_800.png,24poi_20211228_164346_8782785991_600_800_mask.png,135
5,3,11,7,344,481,355,488,344,481,355,481,355,488,344,488,sub_line_text,table_text,table_0,roboto,bold,7.0,24poi_20211228_164346_8782785991_600_800.png,/scratch/parceirosbr/bigoilict/share/BigOil/document_generator/datasets/documents_2021_12_28/24poi_20211228_164346_8782785991_600_800.png,24poi_20211228_164346_8782785991_600_800_mask.png,135
5,3,11,7,344,492,355,499,344,492,355,492,355,499,344,499,text,table_text,table_0,roboto,italic,7.0,24poi_20211228_164346_8782785991_600_800.png,/scratch/parceirosbr/bigoilict/share/BigOil/document_generator/datasets/documents_2021_12_28/24poi_20211228_164346_8782785991_600_800.png,24poi_20211228_164346_8782785991_600_800_mask.png,276
5,3,11,7,344,492,355,499,344,492,355,492,355,499,344,499,sub_line_text,table_text,table_0,roboto,italic,7.0,24poi_20211228_164346_8782785991_600_800.png,/scratch/parceirosbr/bigoilict/share/BigOil/document_generator/datasets/documents_2021_12_28/24poi_20211228_164346_8782785991_600_800.png,24poi_20211228_164346_8782785991_600_800_mask.png,276
3,3,6,7,391,327,397,334,391,327,397,327,397,334,391,334,text,table_text,table_0,roboto,bold,7.0,24poi_20211228_164346_8782785991_600_800.png,/scratch/parceirosbr/bigoilict/share/BigOil/document_generator/datasets/documents_2021_12_28/24poi_20211228_164346_8782785991_600_800.png,24poi_20211228_164346_8782785991_600_800_mask.png,jÃ¡
3,3,6,7,391,327,397,334,391,327,397,327,397,334,391,334,sub_line_text,table_text,table_0,roboto,bold,7.0,24poi_20211228_164346_8782785991_600_800.png,/scratch/parceirosbr/bigoilict/share/BigOil/document_generator/datasets/documents_2021_12_28/24poi_20211228_164346_8782785991_600_800.png,24poi_20211228_164346_8782785991_600_800_mask.png,jÃ¡
14,3,29,7,369,342,398,349,369,342,398,342,398,349,369,349,text,table_text,table_0,roboto,bold,7.0,24poi_20211228_164346_8782785991_600_800.png,/scratch/parceirosbr/bigoilict/share/BigOil/document_generator/datasets/documents_2021_12_28/24poi_20211228_164346_8782785991_600_800.png,24poi_20211228_164346_8782785991_600_800_mask.png,169.4270
14,3,29,7,369,342,398,349,369,342,398,342,398,349,369,349,sub_line_text,table_text,table_0,roboto,bold,7.0,24poi_20211228_164346_8782785991_600_800.png,/scratch/parceirosbr/bigoilict/share/BigOil/document_generator/datasets/documents_2021_12_28/24poi_20211228_164346_8782785991_600_800.png,24poi_20211228_164346_8782785991_600_800_mask.png,169.4270
14,3,29,7,369,353,398,360,369,353,398,353,398,360,369,360,text,table_text,table_0,roboto,bold,7.0,24poi_20211228_164346_8782785991_600_800.png,/scratch/parceirosbr/bigoilict/share/BigOil/document_generator/datasets/documents_2021_12_28/24poi_20211228_164346_8782785991_600_800.png,24poi_20211228_164346_8782785991_600_800_mask.png,817.2145
14,3,29,7,369,353,398,360,369,353,398,353,398,360,369,360,sub_line_text,table_text,table_0,roboto,bold,7.0,24poi_20211228_164346_8782785991_600_800.png,/scratch/parceirosbr/bigoilict/share/BigOil/document_generator/datasets/documents_2021_12_28/24poi_20211228_164346_8782785991_600_800.png,24poi_20211228_164346_8782785991_600_800_mask.png,817.2145
14,3,29,7,369,363,398,370,369,363,398,363,398,370,369,370,text,table_text,table_0,roboto,bold,7.0,24poi_20211228_164346_8782785991_600_800.png,/scratch/parceirosbr/bigoilict/share/BigOil/document_generator/datasets/documents_2021_12_28/24poi_20211228_164346_8782785991_600_800.png,24poi_20211228_164346_8782785991_600_800_mask.png,632.9795
14,3,29,7,369,363,398,370,369,363,398,363,398,370,369,370,sub_line_text,table_text,table_0,roboto,bold,7.0,24poi_20211228_164346_8782785991_600_800.png,/scratch/parceirosbr/bigoilict/share/BigOil/document_generator/datasets/documents_2021_12_28/24poi_20211228_164346_8782785991_600_800.png,24poi_20211228_164346_8782785991_600_800_mask.png,632.9795
14,3,29,7,369,374,398,381,369,374,398,374,398,381,369,381,text,table_text,table_0,roboto,bold,7.0,24poi_20211228_164346_8782785991_600_800.png,/scratch/parceirosbr/bigoilict/share/BigOil/document_generator/datasets/documents_2021_12_28/24poi_20211228_164346_8782785991_600_800.png,24poi_20211228_164346_8782785991_600_800_mask.png,130.8574
14,3,29,7,369,374,398,381,369,374,398,374,398,381,369,381,sub_line_text,table_text,table_0,roboto,bold,7.0,24poi_20211228_164346_8782785991_600_800.png,/scratch/parceirosbr/bigoilict/share/BigOil/document_generator/datasets/documents_2021_12_28/24poi_20211228_164346_8782785991_600_800.png,24poi_20211228_164346_8782785991_600_800_mask.png,130.8574
14,3,29,7,369,385,398,392,369,385,398,385,398,392,369,392,text,table_text,table_0,roboto,bold,7.0,24poi_20211228_164346_8782785991_600_800.png,/scratch/parceirosbr/bigoilict/share/BigOil/document_generator/datasets/documents_2021_12_28/24poi_20211228_164346_8782785991_600_800.png,24poi_20211228_164346_8782785991_600_800_mask.png,172.8709
14,3,29,7,369,385,398,392,369,385,398,385,398,392,369,392,sub_line_text,table_text,table_0,roboto,bold,7.0,24poi_20211228_164346_8782785991_600_800.png,/scratch/parceirosbr/bigoilict/share/BigOil/document_generator/datasets/documents_2021_12_28/24poi_20211228_164346_8782785991_600_800.png,24poi_20211228_164346_8782785991_600_800_mask.png,172.8709
14,3,29,7,369,395,398,402,369,395,398,395,398,402,369,402,text,table_text,table_0,roboto,bold,7.0,24poi_20211228_164346_8782785991_600_800.png,/scratch/parceirosbr/bigoilict/share/BigOil/document_generator/datasets/documents_2021_12_28/24poi_20211228_164346_8782785991_600_800.png,24poi_20211228_164346_8782785991_600_800_mask.png,555.4501
14,3,29,7,369,395,398,402,369,395,398,395,398,402,369,402,sub_line_text,table_text,table_0,roboto,bold,7.0,24poi_20211228_164346_8782785991_600_800.png,/scratch/parceirosbr/bigoilict/share/BigOil/document_generator/datasets/documents_2021_12_28/24poi_20211228_164346_8782785991_600_800.png,24poi_20211228_164346_8782785991_600_800_mask.png,555.4501
14,3,29,7,369,406,398,413,369,406,398,406,398,413,369,413,text,table_text,table_0,roboto,bold,7.0,24poi_20211228_164346_8782785991_600_800.png,/scratch/parceirosbr/bigoilict/share/BigOil/document_generator/datasets/documents_2021_12_28/24poi_20211228_164346_8782785991_600_800.png,24poi_20211228_164346_8782785991_600_800_mask.png,198.2357
14,3,29,7,369,406,398,413,369,406,398,406,398,413,369,413,sub_line_text,table_text,table_0,roboto,bold,7.0,24poi_20211228_164346_8782785991_600_800.png,/scratch/parceirosbr/bigoilict/share/BigOil/document_generator/datasets/documents_2021_12_28/24poi_20211228_164346_8782785991_600_800.png,24poi_20211228_164346_8782785991_600_800_mask.png,198.2357
14,3,29,7,369,417,398,424,369,417,398,417,398,424,369,424,text,table_text,table_0,roboto,bold,7.0,24poi_20211228_164346_8782785991_600_800.png,/scratch/parceirosbr/bigoilict/share/BigOil/document_generator/datasets/documents_2021_12_28/24poi_20211228_164346_8782785991_600_800.png,24poi_20211228_164346_8782785991_600_800_mask.png,946.4426
14,3,29,7,369,417,398,424,369,417,398,417,398,424,369,424,sub_line_text,table_text,table_0,roboto,bold,7.0,24poi_20211228_164346_8782785991_600_800.png,/scratch/parceirosbr/bigoilict/share/BigOil/document_generator/datasets/documents_2021_12_28/24poi_20211228_164346_8782785991_600_800.png,24poi_20211228_164346_8782785991_600_800_mask.png,946.4426
14,3,29,7,369,428,398,435,369,428,398,428,398,435,369,435,text,table_text,table_0,roboto,bold,7.0,24poi_20211228_164346_8782785991_600_800.png,/scratch/parceirosbr/bigoilict/share/BigOil/document_generator/datasets/documents_2021_12_28/24poi_20211228_164346_8782785991_600_800.png,24poi_20211228_164346_8782785991_600_800_mask.png,761.8517
14,3,29,7,369,428,398,435,369,428,398,428,398,435,369,435,sub_line_text,table_text,table_0,roboto,bold,7.0,24poi_20211228_164346_8782785991_600_800.png,/scratch/parceirosbr/bigoilict/share/BigOil/document_generator/datasets/documents_2021_12_28/24poi_20211228_164346_8782785991_600_800.png,24poi_20211228_164346_8782785991_600_800_mask.png,761.8517
14,3,29,7,369,438,398,445,369,438,398,438,398,445,369,445,text,table_text,table_0,roboto,bold,7.0,24poi_20211228_164346_8782785991_600_800.png,/scratch/parceirosbr/bigoilict/share/BigOil/document_generator/datasets/documents_2021_12_28/24poi_20211228_164346_8782785991_600_800.png,24poi_20211228_164346_8782785991_600_800_mask.png,248.6169
14,3,29,7,369,438,398,445,369,438,398,438,398,445,369,445,sub_line_text,table_text,table_0,roboto,bold,7.0,24poi_20211228_164346_8782785991_600_800.png,/scratch/parceirosbr/bigoilict/share/BigOil/document_generator/datasets/documents_2021_12_28/24poi_20211228_164346_8782785991_600_800.png,24poi_20211228_164346_8782785991_600_800_mask.png,248.6169
14,3,29,7,369,449,398,456,369,449,398,449,398,456,369,456,text,table_text,table_0,roboto,bold,7.0,24poi_20211228_164346_8782785991_600_800.png,/scratch/parceirosbr/bigoilict/share/BigOil/document_generator/datasets/documents_2021_12_28/24poi_20211228_164346_8782785991_600_800.png,24poi_20211228_164346_8782785991_600_800_mask.png,752.0159
14,3,29,7,369,449,398,456,369,449,398,449,398,456,369,456,sub_line_text,table_text,table_0,roboto,bold,7.0,24poi_20211228_164346_8782785991_600_800.png,/scratch/parceirosbr/bigoilict/share/BigOil/document_generator/datasets/documents_2021_12_28/24poi_20211228_164346_8782785991_600_800.png,24poi_20211228_164346_8782785991_600_800_mask.png,752.0159
14,3,29,7,369,460,398,467,369,460,398,460,398,467,369,467,text,table_text,table_0,roboto,bold,7.0,24poi_20211228_164346_8782785991_600_800.png,/scratch/parceirosbr/bigoilict/share/BigOil/document_generator/datasets/documents_2021_12_28/24poi_20211228_164346_8782785991_600_800.png,24poi_20211228_164346_8782785991_600_800_mask.png,237.2806
14,3,29,7,369,460,398,467,369,460,398,460,398,467,369,467,sub_line_text,table_text,table_0,roboto,bold,7.0,24poi_20211228_164346_8782785991_600_800.png,/scratch/parceirosbr/bigoilict/share/BigOil/document_generator/datasets/documents_2021_12_28/24poi_20211228_164346_8782785991_600_800.png,24poi_20211228_164346_8782785991_600_800_mask.png,237.2806
14,3,29,7,369,470,398,477,369,470,398,470,398,477,369,477,text,table_text,table_0,roboto,bold,7.0,24poi_20211228_164346_8782785991_600_800.png,/scratch/parceirosbr/bigoilict/share/BigOil/document_generator/datasets/documents_2021_12_28/24poi_20211228_164346_8782785991_600_800.png,24poi_20211228_164346_8782785991_600_800_mask.png,544.9487
14,3,29,7,369,470,398,477,369,470,398,470,398,477,369,477,sub_line_text,table_text,table_0,roboto,bold,7.0,24poi_20211228_164346_8782785991_600_800.png,/scratch/parceirosbr/bigoilict/share/BigOil/document_generator/datasets/documents_2021_12_28/24poi_20211228_164346_8782785991_600_800.png,24poi_20211228_164346_8782785991_600_800_mask.png,544.9487
14,3,29,7,369,481,398,488,369,481,398,481,398,488,369,488,text,table_text,table_0,roboto,bold,7.0,24poi_20211228_164346_8782785991_600_800.png,/scratch/parceirosbr/bigoilict/share/BigOil/document_generator/datasets/documents_2021_12_28/24poi_20211228_164346_8782785991_600_800.png,24poi_20211228_164346_8782785991_600_800_mask.png,922.0755
14,3,29,7,369,481,398,488,369,481,398,481,398,488,369,488,sub_line_text,table_text,table_0,roboto,bold,7.0,24poi_20211228_164346_8782785991_600_800.png,/scratch/parceirosbr/bigoilict/share/BigOil/document_generator/datasets/documents_2021_12_28/24poi_20211228_164346_8782785991_600_800.png,24poi_20211228_164346_8782785991_600_800_mask.png,922.0755
14,3,29,7,369,492,398,499,369,492,398,492,398,499,369,499,text,table_text,table_0,roboto,italic,7.0,24poi_20211228_164346_8782785991_600_800.png,/scratch/parceirosbr/bigoilict/share/BigOil/document_generator/datasets/documents_2021_12_28/24poi_20211228_164346_8782785991_600_800.png,24poi_20211228_164346_8782785991_600_800_mask.png,357.8551
14,3,29,7,369,492,398,499,369,492,398,492,398,499,369,499,sub_line_text,table_text,table_0,roboto,italic,7.0,24poi_20211228_164346_8782785991_600_800.png,/scratch/parceirosbr/bigoilict/share/BigOil/document_generator/datasets/documents_2021_12_28/24poi_20211228_164346_8782785991_600_800.png,24poi_20211228_164346_8782785991_600_800_mask.png,357.8551
8,3,17,7,417,327,434,334,417,327,434,327,434,334,417,334,text,table_text,table_0,roboto,bold,7.0,24poi_20211228_164346_8782785991_600_800.png,/scratch/parceirosbr/bigoilict/share/BigOil/document_generator/datasets/documents_2021_12_28/24poi_20211228_164346_8782785991_600_800.png,24poi_20211228_164346_8782785991_600_800_mask.png,Ã³xido
8,3,17,7,417,327,434,334,417,327,434,327,434,334,417,334,sub_line_text,table_text,table_0,roboto,bold,7.0,24poi_20211228_164346_8782785991_600_800.png,/scratch/parceirosbr/bigoilict/share/BigOil/document_generator/datasets/documents_2021_12_28/24poi_20211228_164346_8782785991_600_800.png,24poi_20211228_164346_8782785991_600_800_mask.png,Ã³xido
5,3,11,7,421,342,432,349,421,342,432,342,432,349,421,349,text,table_text,table_0,roboto,bold,7.0,24poi_20211228_164346_8782785991_600_800.png,/scratch/parceirosbr/bigoilict/share/BigOil/document_generator/datasets/documents_2021_12_28/24poi_20211228_164346_8782785991_600_800.png,24poi_20211228_164346_8782785991_600_800_mask.png,das
5,3,11,7,421,342,432,349,421,342,432,342,432,349,421,349,sub_line_text,table_text,table_0,roboto,bold,7.0,24poi_20211228_164346_8782785991_600_800.png,/scratch/parceirosbr/bigoilict/share/BigOil/document_generator/datasets/documents_2021_12_28/24poi_20211228_164346_8782785991_600_800.png,24poi_20211228_164346_8782785991_600_800_mask.png,das
12,3,24,7,415,353,439,360,415,353,439,353,439,360,415,360,text,table_text,table_0,roboto,bold,7.0,24poi_20211228_164346_8782785991_600_800.png,/scratch/parceirosbr/bigoilict/share/BigOil/document_generator/datasets/documents_2021_12_28/24poi_20211228_164346_8782785991_600_800.png,24poi_20211228_164346_8782785991_600_800_mask.png,mistura
12,3,24,7,415,353,439,360,415,353,439,353,439,360,415,360,sub_line_text,table_text,table_0,roboto,bold,7.0,24poi_20211228_164346_8782785991_600_800.png,/scratch/parceirosbr/bigoilict/share/BigOil/document_generator/datasets/documents_2021_12_28/24poi_20211228_164346_8782785991_600_800.png,24poi_20211228_164346_8782785991_600_800_mask.png,mistura
13,3,27,7,414,363,441,370,414,363,441,363,441,370,414,370,text,table_text,table_0,roboto,bold,7.0,24poi_20211228_164346_8782785991_600_800.png,/scratch/parceirosbr/bigoilict/share/BigOil/document_generator/datasets/documents_2021_12_28/24poi_20211228_164346_8782785991_600_800.png,24poi_20211228_164346_8782785991_600_800_mask.png,distintos
13,3,27,7,414,363,441,370,414,363,441,363,441,370,414,370,sub_line_text,table_text,table_0,roboto,bold,7.0,24poi_20211228_164346_8782785991_600_800.png,/scratch/parceirosbr/bigoilict/share/BigOil/document_generator/datasets/documents_2021_12_28/24poi_20211228_164346_8782785991_600_800.png,24poi_20211228_164346_8782785991_600_800_mask.png,distintos
13,3,27,7,414,374,441,381,414,374,441,374,441,381,414,381,text,table_text,table_0,roboto,bold,7.0,24poi_20211228_164346_8782785991_600_800.png,/scratch/parceirosbr/bigoilict/share/BigOil/document_generator/datasets/documents_2021_12_28/24poi_20211228_164346_8782785991_600_800.png,24poi_20211228_164346_8782785991_600_800_mask.png,logÃ­stica
13,3,27,7,414,374,441,381,414,374,441,374,441,381,414,381,sub_line_text,table_text,table_0,roboto,bold,7.0,24poi_20211228_164346_8782785991_600_800.png,/scratch/parceirosbr/bigoilict/share/BigOil/document_generator/datasets/documents_2021_12_28/24poi_20211228_164346_8782785991_600_800.png,24poi_20211228_164346_8782785991_600_800_mask.png,logÃ­stica
18,3,37,7,408,385,445,392,408,385,445,385,445,392,408,392,text,table_text,table_0,roboto,bold,7.0,24poi_20211228_164346_8782785991_600_800.png,/scratch/parceirosbr/bigoilict/share/BigOil/document_generator/datasets/documents_2021_12_28/24poi_20211228_164346_8782785991_600_800.png,24poi_20211228_164346_8782785991_600_800_mask.png,alternativos
18,3,37,7,408,385,445,392,408,385,445,385,445,392,408,392,sub_line_text,table_text,table_0,roboto,bold,7.0,24poi_20211228_164346_8782785991_600_800.png,/scratch/parceirosbr/bigoilict/share/BigOil/document_generator/datasets/documents_2021_12_28/24poi_20211228_164346_8782785991_600_800.png,24poi_20211228_164346_8782785991_600_800_mask.png,alternativos
16,3,33,7,410,395,443,402,410,395,443,395,443,402,410,402,text,table_text,table_0,roboto,bold,7.0,24poi_20211228_164346_8782785991_600_800.png,/scratch/parceirosbr/bigoilict/share/BigOil/document_generator/datasets/documents_2021_12_28/24poi_20211228_164346_8782785991_600_800.png,24poi_20211228_164346_8782785991_600_800_mask.png,floculaÃ§Ã£o
16,3,33,7,410,395,443,402,410,395,443,395,443,402,410,402,sub_line_text,table_text,table_0,roboto,bold,7.0,24poi_20211228_164346_8782785991_600_800.png,/scratch/parceirosbr/bigoilict/share/BigOil/document_generator/datasets/documents_2021_12_28/24poi_20211228_164346_8782785991_600_800.png,24poi_20211228_164346_8782785991_600_800_mask.png,floculaÃ§Ã£o
4,3,9,7,421,406,430,413,421,406,430,406,430,413,421,413,text,table_text,table_0,roboto,bold,7.0,24poi_20211228_164346_8782785991_600_800.png,/scratch/parceirosbr/bigoilict/share/BigOil/document_generator/datasets/documents_2021_12_28/24poi_20211228_164346_8782785991_600_800.png,24poi_20211228_164346_8782785991_600_800_mask.png,um
4,3,9,7,421,406,430,413,421,406,430,406,430,413,421,413,sub_line_text,table_text,table_0,roboto,bold,7.0,24poi_20211228_164346_8782785991_600_800.png,/scratch/parceirosbr/bigoilict/share/BigOil/document_generator/datasets/documents_2021_12_28/24poi_20211228_164346_8782785991_600_800.png,24poi_20211228_164346_8782785991_600_800_mask.png,um
13,3,26,7,414,417,440,424,414,417,440,417,440,424,414,424,text,table_text,table_0,roboto,bold,7.0,24poi_20211228_164346_8782785991_600_800.png,/scratch/parceirosbr/bigoilict/share/BigOil/document_generator/datasets/documents_2021_12_28/24poi_20211228_164346_8782785991_600_800.png,24poi_20211228_164346_8782785991_600_800_mask.png,reforma
13,3,26,7,414,417,440,424,414,417,440,417,440,424,414,424,sub_line_text,table_text,table_0,roboto,bold,7.0,24poi_20211228_164346_8782785991_600_800.png,/scratch/parceirosbr/bigoilict/share/BigOil/document_generator/datasets/documents_2021_12_28/24poi_20211228_164346_8782785991_600_800.png,24poi_20211228_164346_8782785991_600_800_mask.png,reforma
3,3,6,7,423,428,429,435,423,428,429,428,429,435,423,435,text,table_text,table_0,roboto,bold,7.0,24poi_20211228_164346_8782785991_600_800.png,/scratch/parceirosbr/bigoilict/share/BigOil/document_generator/datasets/documents_2021_12_28/24poi_20211228_164346_8782785991_600_800.png,24poi_20211228_164346_8782785991_600_800_mask.png,ar
3,3,6,7,423,428,429,435,423,428,429,428,429,435,423,435,sub_line_text,table_text,table_0,roboto,bold,7.0,24poi_20211228_164346_8782785991_600_800.png,/scratch/parceirosbr/bigoilict/share/BigOil/document_generator/datasets/documents_2021_12_28/24poi_20211228_164346_8782785991_600_800.png,24poi_20211228_164346_8782785991_600_800_mask.png,ar
18,3,37,7,408,438,445,445,408,438,445,438,445,445,408,445,text,table_text,table_0,roboto,bold,7.0,24poi_20211228_164346_8782785991_600_800.png,/scratch/parceirosbr/bigoilict/share/BigOil/document_generator/datasets/documents_2021_12_28/24poi_20211228_164346_8782785991_600_800.png,24poi_20211228_164346_8782785991_600_800_mask.png,dificultando
18,3,37,7,408,438,445,445,408,438,445,438,445,445,408,445,sub_line_text,table_text,table_0,roboto,bold,7.0,24poi_20211228_164346_8782785991_600_800.png,/scratch/parceirosbr/bigoilict/share/BigOil/document_generator/datasets/documents_2021_12_28/24poi_20211228_164346_8782785991_600_800.png,24poi_20211228_164346_8782785991_600_800_mask.png,dificultando
14,3,29,7,412,449,441,456,412,449,441,449,441,456,412,456,text,table_text,table_0,roboto,bold,7.0,24poi_20211228_164346_8782785991_600_800.png,/scratch/parceirosbr/bigoilict/share/BigOil/document_generator/datasets/documents_2021_12_28/24poi_20211228_164346_8782785991_600_800.png,24poi_20211228_164346_8782785991_600_800_mask.png,completa
14,3,29,7,412,449,441,456,412,449,441,449,441,456,412,456,sub_line_text,table_text,table_0,roboto,bold,7.0,24poi_20211228_164346_8782785991_600_800.png,/scratch/parceirosbr/bigoilict/share/BigOil/document_generator/datasets/documents_2021_12_28/24poi_20211228_164346_8782785991_600_800.png,24poi_20211228_164346_8782785991_600_800_mask.png,completa
8,3,17,7,417,460,434,467,417,460,434,460,434,467,417,467,text,table_text,table_0,roboto,bold,7.0,24poi_20211228_164346_8782785991_600_800.png,/scratch/parceirosbr/bigoilict/share/BigOil/document_generator/datasets/documents_2021_12_28/24poi_20211228_164346_8782785991_600_800.png,24poi_20211228_164346_8782785991_600_800_mask.png,picos
8,3,17,7,417,460,434,467,417,460,434,460,434,467,417,467,sub_line_text,table_text,table_0,roboto,bold,7.0,24poi_20211228_164346_8782785991_600_800.png,/scratch/parceirosbr/bigoilict/share/BigOil/document_generator/datasets/documents_2021_12_28/24poi_20211228_164346_8782785991_600_800.png,24poi_20211228_164346_8782785991_600_800_mask.png,picos
19,3,38,7,408,470,446,477,408,470,446,470,446,477,408,477,text,table_text,table_0,roboto,bold,7.0,24poi_20211228_164346_8782785991_600_800.png,/scratch/parceirosbr/bigoilict/share/BigOil/document_generator/datasets/documents_2021_12_28/24poi_20211228_164346_8782785991_600_800.png,24poi_20211228_164346_8782785991_600_800_mask.png,combustÃ­vel
19,3,38,7,408,470,446,477,408,470,446,470,446,477,408,477,sub_line_text,table_text,table_0,roboto,bold,7.0,24poi_20211228_164346_8782785991_600_800.png,/scratch/parceirosbr/bigoilict/share/BigOil/document_generator/datasets/documents_2021_12_28/24poi_20211228_164346_8782785991_600_800.png,24poi_20211228_164346_8782785991_600_800_mask.png,combustÃ­vel
9,3,19,7,417,481,436,488,417,481,436,481,436,488,417,488,text,table_text,table_0,roboto,bold,7.0,24poi_20211228_164346_8782785991_600_800.png,/scratch/parceirosbr/bigoilict/share/BigOil/document_generator/datasets/documents_2021_12_28/24poi_20211228_164346_8782785991_600_800.png,24poi_20211228_164346_8782785991_600_800_mask.png,global
9,3,19,7,417,481,436,488,417,481,436,481,436,488,417,488,sub_line_text,table_text,table_0,roboto,bold,7.0,24poi_20211228_164346_8782785991_600_800.png,/scratch/parceirosbr/bigoilict/share/BigOil/document_generator/datasets/documents_2021_12_28/24poi_20211228_164346_8782785991_600_800.png,24poi_20211228_164346_8782785991_600_800_mask.png,global
16,3,32,7,411,492,443,499,411,492,443,492,443,499,411,499,text,table_text,table_0,roboto,italic,7.0,24poi_20211228_164346_8782785991_600_800.png,/scratch/parceirosbr/bigoilict/share/BigOil/document_generator/datasets/documents_2021_12_28/24poi_20211228_164346_8782785991_600_800.png,24poi_20211228_164346_8782785991_600_800_mask.png,realizaÃ§Ã£o
16,3,32,7,411,492,443,499,411,492,443,492,443,499,411,499,sub_line_text,table_text,table_0,roboto,italic,7.0,24poi_20211228_164346_8782785991_600_800.png,/scratch/parceirosbr/bigoilict/share/BigOil/document_generator/datasets/documents_2021_12_28/24poi_20211228_164346_8782785991_600_800.png,24poi_20211228_164346_8782785991_600_800_mask.png,realizaÃ§Ã£o
17,3,34,7,506,327,540,334,506,327,540,327,540,334,506,334,text,table_text,table_0,roboto,bold,7.0,24poi_20211228_164346_8782785991_600_800.png,/scratch/parceirosbr/bigoilict/share/BigOil/document_generator/datasets/documents_2021_12_28/24poi_20211228_164346_8782785991_600_800.png,24poi_20211228_164346_8782785991_600_800_mask.png,comentado
17,3,34,7,506,327,540,334,506,327,540,327,540,334,506,334,sub_line_text,table_text,table_0,roboto,bold,7.0,24poi_20211228_164346_8782785991_600_800.png,/scratch/parceirosbr/bigoilict/share/BigOil/document_generator/datasets/documents_2021_12_28/24poi_20211228_164346_8782785991_600_800.png,24poi_20211228_164346_8782785991_600_800_mask.png,comentado
10,3,21,7,519,342,540,349,519,342,540,342,540,349,519,349,text,table_text,table_0,roboto,bold,7.0,24poi_20211228_164346_8782785991_600_800.png,/scratch/parceirosbr/bigoilict/share/BigOil/document_generator/datasets/documents_2021_12_28/24poi_20211228_164346_8782785991_600_800.png,24poi_20211228_164346_8782785991_600_800_mask.png,34.701
10,3,21,7,519,342,540,349,519,342,540,342,540,349,519,349,sub_line_text,table_text,table_0,roboto,bold,7.0,24poi_20211228_164346_8782785991_600_800.png,/scratch/parceirosbr/bigoilict/share/BigOil/document_generator/datasets/documents_2021_12_28/24poi_20211228_164346_8782785991_600_800.png,24poi_20211228_164346_8782785991_600_800_mask.png,34.701
12,3,25,7,515,353,540,360,515,353,540,353,540,360,515,360,text,table_text,table_0,roboto,bold,7.0,24poi_20211228_164346_8782785991_600_800.png,/scratch/parceirosbr/bigoilict/share/BigOil/document_generator/datasets/documents_2021_12_28/24poi_20211228_164346_8782785991_600_800.png,24poi_20211228_164346_8782785991_600_800_mask.png,444.753
12,3,25,7,515,353,540,360,515,353,540,353,540,360,515,360,sub_line_text,table_text,table_0,roboto,bold,7.0,24poi_20211228_164346_8782785991_600_800.png,/scratch/parceirosbr/bigoilict/share/BigOil/document_generator/datasets/documents_2021_12_28/24poi_20211228_164346_8782785991_600_800.png,24poi_20211228_164346_8782785991_600_800_mask.png,444.753
12,3,25,7,515,363,540,370,515,363,540,363,540,370,515,370,text,table_text,table_0,roboto,bold,7.0,24poi_20211228_164346_8782785991_600_800.png,/scratch/parceirosbr/bigoilict/share/BigOil/document_generator/datasets/documents_2021_12_28/24poi_20211228_164346_8782785991_600_800.png,24poi_20211228_164346_8782785991_600_800_mask.png,187.601
12,3,25,7,515,363,540,370,515,363,540,363,540,370,515,370,sub_line_text,table_text,table_0,roboto,bold,7.0,24poi_20211228_164346_8782785991_600_800.png,/scratch/parceirosbr/bigoilict/share/BigOil/document_generator/datasets/documents_2021_12_28/24poi_20211228_164346_8782785991_600_800.png,24poi_20211228_164346_8782785991_600_800_mask.png,187.601
10,3,21,7,519,374,540,381,519,374,540,374,540,381,519,381,text,table_text,table_0,roboto,bold,7.0,24poi_20211228_164346_8782785991_600_800.png,/scratch/parceirosbr/bigoilict/share/BigOil/document_generator/datasets/documents_2021_12_28/24poi_20211228_164346_8782785991_600_800.png,24poi_20211228_164346_8782785991_600_800_mask.png,87.850
10,3,21,7,519,374,540,381,519,374,540,374,540,381,519,381,sub_line_text,table_text,table_0,roboto,bold,7.0,24poi_20211228_164346_8782785991_600_800.png,/scratch/parceirosbr/bigoilict/share/BigOil/document_generator/datasets/documents_2021_12_28/24poi_20211228_164346_8782785991_600_800.png,24poi_20211228_164346_8782785991_600_800_mask.png,87.850
12,3,25,7,515,385,540,392,515,385,540,385,540,392,515,392,text,table_text,table_0,roboto,bold,7.0,24poi_20211228_164346_8782785991_600_800.png,/scratch/parceirosbr/bigoilict/share/BigOil/document_generator/datasets/documents_2021_12_28/24poi_20211228_164346_8782785991_600_800.png,24poi_20211228_164346_8782785991_600_800_mask.png,915.176
12,3,25,7,515,385,540,392,515,385,540,385,540,392,515,392,sub_line_text,table_text,table_0,roboto,bold,7.0,24poi_20211228_164346_8782785991_600_800.png,/scratch/parceirosbr/bigoilict/share/BigOil/document_generator/datasets/documents_2021_12_28/24poi_20211228_164346_8782785991_600_800.png,24poi_20211228_164346_8782785991_600_800_mask.png,915.176
12,3,25,7,515,395,540,402,515,395,540,395,540,402,515,402,text,table_text,table_0,roboto,bold,7.0,24poi_20211228_164346_8782785991_600_800.png,/scratch/parceirosbr/bigoilict/share/BigOil/document_generator/datasets/documents_2021_12_28/24poi_20211228_164346_8782785991_600_800.png,24poi_20211228_164346_8782785991_600_800_mask.png,785.780
12,3,25,7,515,395,540,402,515,395,540,395,540,402,515,402,sub_line_text,table_text,table_0,roboto,bold,7.0,24poi_20211228_164346_8782785991_600_800.png,/scratch/parceirosbr/bigoilict/share/BigOil/document_generator/datasets/documents_2021_12_28/24poi_20211228_164346_8782785991_600_800.png,24poi_20211228_164346_8782785991_600_800_mask.png,785.780
12,3,25,7,515,406,540,413,515,406,540,406,540,413,515,413,text,table_text,table_0,roboto,bold,7.0,24poi_20211228_164346_8782785991_600_800.png,/scratch/parceirosbr/bigoilict/share/BigOil/document_generator/datasets/documents_2021_12_28/24poi_20211228_164346_8782785991_600_800.png,24poi_20211228_164346_8782785991_600_800_mask.png,709.568
12,3,25,7,515,406,540,413,515,406,540,406,540,413,515,413,sub_line_text,table_text,table_0,roboto,bold,7.0,24poi_20211228_164346_8782785991_600_800.png,/scratch/parceirosbr/bigoilict/share/BigOil/document_generator/datasets/documents_2021_12_28/24poi_20211228_164346_8782785991_600_800.png,24poi_20211228_164346_8782785991_600_800_mask.png,709.568
10,3,21,7,519,417,540,424,519,417,540,417,540,424,519,424,text,table_text,table_0,roboto,bold,7.0,24poi_20211228_164346_8782785991_600_800.png,/scratch/parceirosbr/bigoilict/share/BigOil/document_generator/datasets/documents_2021_12_28/24poi_20211228_164346_8782785991_600_800.png,24poi_20211228_164346_8782785991_600_800_mask.png,10.206
10,3,21,7,519,417,540,424,519,417,540,417,540,424,519,424,sub_line_text,table_text,table_0,roboto,bold,7.0,24poi_20211228_164346_8782785991_600_800.png,/scratch/parceirosbr/bigoilict/share/BigOil/document_generator/datasets/documents_2021_12_28/24poi_20211228_164346_8782785991_600_800.png,24poi_20211228_164346_8782785991_600_800_mask.png,10.206
12,3,25,7,515,428,540,435,515,428,540,428,540,435,515,435,text,table_text,table_0,roboto,bold,7.0,24poi_20211228_164346_8782785991_600_800.png,/scratch/parceirosbr/bigoilict/share/BigOil/document_generator/datasets/documents_2021_12_28/24poi_20211228_164346_8782785991_600_800.png,24poi_20211228_164346_8782785991_600_800_mask.png,574.567
12,3,25,7,515,428,540,435,515,428,540,428,540,435,515,435,sub_line_text,table_text,table_0,roboto,bold,7.0,24poi_20211228_164346_8782785991_600_800.png,/scratch/parceirosbr/bigoilict/share/BigOil/document_generator/datasets/documents_2021_12_28/24poi_20211228_164346_8782785991_600_800.png,24poi_20211228_164346_8782785991_600_800_mask.png,574.567
16,3,32,7,508,438,540,445,508,438,540,438,540,445,508,445,text,table_text,table_0,roboto,bold,7.0,24poi_20211228_164346_8782785991_600_800.png,/scratch/parceirosbr/bigoilict/share/BigOil/document_generator/datasets/documents_2021_12_28/24poi_20211228_164346_8782785991_600_800.png,24poi_20211228_164346_8782785991_600_800_mask.png,19485.174
16,3,32,7,508,438,540,445,508,438,540,438,540,445,508,445,sub_line_text,table_text,table_0,roboto,bold,7.0,24poi_20211228_164346_8782785991_600_800.png,/scratch/parceirosbr/bigoilict/share/BigOil/document_generator/datasets/documents_2021_12_28/24poi_20211228_164346_8782785991_600_800.png,24poi_20211228_164346_8782785991_600_800_mask.png,19485.174
10,3,21,7,519,449,540,456,519,449,540,449,540,456,519,456,text,table_text,table_0,roboto,bold,7.0,24poi_20211228_164346_8782785991_600_800.png,/scratch/parceirosbr/bigoilict/share/BigOil/document_generator/datasets/documents_2021_12_28/24poi_20211228_164346_8782785991_600_800.png,24poi_20211228_164346_8782785991_600_800_mask.png,73.557
10,3,21,7,519,449,540,456,519,449,540,449,540,456,519,456,sub_line_text,table_text,table_0,roboto,bold,7.0,24poi_20211228_164346_8782785991_600_800.png,/scratch/parceirosbr/bigoilict/share/BigOil/document_generator/datasets/documents_2021_12_28/24poi_20211228_164346_8782785991_600_800.png,24poi_20211228_164346_8782785991_600_800_mask.png,73.557
16,3,32,7,508,460,540,467,508,460,540,460,540,467,508,467,text,table_text,table_0,roboto,bold,7.0,24poi_20211228_164346_8782785991_600_800.png,/scratch/parceirosbr/bigoilict/share/BigOil/document_generator/datasets/documents_2021_12_28/24poi_20211228_164346_8782785991_600_800.png,24poi_20211228_164346_8782785991_600_800_mask.png,58833.639
16,3,32,7,508,460,540,467,508,460,540,460,540,467,508,467,sub_line_text,table_text,table_0,roboto,bold,7.0,24poi_20211228_164346_8782785991_600_800.png,/scratch/parceirosbr/bigoilict/share/BigOil/document_generator/datasets/documents_2021_12_28/24poi_20211228_164346_8782785991_600_800.png,24poi_20211228_164346_8782785991_600_800_mask.png,58833.639
12,3,25,7,515,470,540,477,515,470,540,470,540,477,515,477,text,table_text,table_0,roboto,bold,7.0,24poi_20211228_164346_8782785991_600_800.png,/scratch/parceirosbr/bigoilict/share/BigOil/document_generator/datasets/documents_2021_12_28/24poi_20211228_164346_8782785991_600_800.png,24poi_20211228_164346_8782785991_600_800_mask.png,677.780
12,3,25,7,515,470,540,477,515,470,540,470,540,477,515,477,sub_line_text,table_text,table_0,roboto,bold,7.0,24poi_20211228_164346_8782785991_600_800.png,/scratch/parceirosbr/bigoilict/share/BigOil/document_generator/datasets/documents_2021_12_28/24poi_20211228_164346_8782785991_600_800.png,24poi_20211228_164346_8782785991_600_800_mask.png,677.780
14,3,29,7,512,481,541,488,512,481,541,481,541,488,512,488,text,table_text,table_0,roboto,bold,7.0,24poi_20211228_164346_8782785991_600_800.png,/scratch/parceirosbr/bigoilict/share/BigOil/document_generator/datasets/documents_2021_12_28/24poi_20211228_164346_8782785991_600_800.png,24poi_20211228_164346_8782785991_600_800_mask.png,3095.581
14,3,29,7,512,481,541,488,512,481,541,481,541,488,512,488,sub_line_text,table_text,table_0,roboto,bold,7.0,24poi_20211228_164346_8782785991_600_800.png,/scratch/parceirosbr/bigoilict/share/BigOil/document_generator/datasets/documents_2021_12_28/24poi_20211228_164346_8782785991_600_800.png,24poi_20211228_164346_8782785991_600_800_mask.png,3095.581
14,3,29,7,512,492,541,499,512,492,541,492,541,499,512,499,text,table_text,table_0,roboto,italic,7.0,24poi_20211228_164346_8782785991_600_800.png,/scratch/parceirosbr/bigoilict/share/BigOil/document_generator/datasets/documents_2021_12_28/24poi_20211228_164346_8782785991_600_800.png,24poi_20211228_164346_8782785991_600_800_mask.png,4763.322
14,3,29,7,512,492,541,499,512,492,541,492,541,499,512,499,sub_line_text,table_text,table_0,roboto,italic,7.0,24poi_20211228_164346_8782785991_600_800.png,/scratch/parceirosbr/bigoilict/share/BigOil/document_generator/datasets/documents_2021_12_28/24poi_20211228_164346_8782785991_600_800.png,24poi_20211228_164346_8782785991_600_800_mask.png,4763.322
96,3,193,7,318,511,511,518,318,511,511,511,511,518,318,518,sub_line_text,table_legend,table_0,raleway,bolditalic,6,24poi_20211228_164346_8782785991_600_800.png,/scratch/parceirosbr/bigoilict/share/BigOil/document_generator/datasets/documents_2021_12_28/24poi_20211228_164346_8782785991_600_800.png,24poi_20211228_164346_8782785991_600_800_mask.png,"Tabela 58: A         mudanÃ§a         de,         em        espectrofotÃ´metro        (Shim-"
81,3,162,7,349,522,511,529,349,522,511,522,511,529,349,529,sub_line_text,table_legend,table_0,raleway,bolditalic,6,24poi_20211228_164346_8782785991_600_800.png,/scratch/parceirosbr/bigoilict/share/BigOil/document_generator/datasets/documents_2021_12_28/24poi_20211228_164346_8782785991_600_800.png,24poi_20211228_164346_8782785991_600_800_mask.png,adzu     a     qual     refletiu     o    aumento    de.    The    force    re-
40,3,80,7,349,533,429,540,349,533,429,533,429,540,349,540,sub_line_text,table_legend,table_0,raleway,bolditalic,6,24poi_20211228_164346_8782785991_600_800.png,/scratch/parceirosbr/bigoilict/share/BigOil/document_generator/datasets/documents_2021_12_28/24poi_20211228_164346_8782785991_600_800.png,24poi_20211228_164346_8782785991_600_800_mask.png,quired to release the plunger
96,14,193,29,318,511,511,540,318,511,511,511,511,540,318,540,text,table_legend,table_0,raleway,bolditalic,6,24poi_20211228_164346_8782785991_600_800.png,/scratch/parceirosbr/bigoilict/share/BigOil/document_generator/datasets/documents_2021_12_28/24poi_20211228_164346_8782785991_600_800.png,24poi_20211228_164346_8782785991_600_800_mask.png,nan
86,3,172,7,318,543,490,550,318,543,490,543,490,550,318,550,sub_line_text,table_legend,table_0,raleway,bolditalic,6,24poi_20211228_164346_8782785991_600_800.png,/scratch/parceirosbr/bigoilict/share/BigOil/document_generator/datasets/documents_2021_12_28/24poi_20211228_164346_8782785991_600_800.png,24poi_20211228_164346_8782785991_600_800_mask.png,Tabela 105: In      4.1     below     is     an     illustration     of     the     pr-
69,3,138,7,352,554,490,561,352,554,490,554,490,561,352,561,sub_line_text,table_legend,table_0,raleway,bolditalic,6,24poi_20211228_164346_8782785991_600_800.png,/scratch/parceirosbr/bigoilict/share/BigOil/document_generator/datasets/documents_2021_12_28/24poi_20211228_164346_8782785991_600_800.png,24poi_20211228_164346_8782785991_600_800_mask.png,ogram        interface        used        with        these       input
50,3,100,7,352,565,452,572,352,565,452,565,452,572,352,572,sub_line_text,table_legend,table_0,raleway,bolditalic,6,24poi_20211228_164346_8782785991_600_800.png,/scratch/parceirosbr/bigoilict/share/BigOil/document_generator/datasets/documents_2021_12_28/24poi_20211228_164346_8782785991_600_800.png,24poi_20211228_164346_8782785991_600_800_mask.png,"variables, with the variable in questi"
86,14,172,29,318,543,490,572,318,543,490,543,490,572,318,572,text,table_legend,table_0,raleway,bolditalic,6,24poi_20211228_164346_8782785991_600_800.png,/scratch/parceirosbr/bigoilict/share/BigOil/document_generator/datasets/documents_2021_12_28/24poi_20211228_164346_8782785991_600_800.png,24poi_20211228_164346_8782785991_600_800_mask.png,nan
24,49,49,99,409,596,458,695,409,596,458,596,458,695,409,695,image,figure_image,figure_4,,,,24poi_20211228_164346_8782785991_600_800.png,/scratch/parceirosbr/bigoilict/share/BigOil/document_generator/datasets/documents_2021_12_28/24poi_20211228_164346_8782785991_600_800.png,24poi_20211228_164346_8782785991_600_800_mask.png,output/gen_img_20211228_164359_5660056737.png
7,5,14,10,417,669,431,679,417,676,429,669,431,672,418,679,text,figure_text,figure_4,,,,24poi_20211228_164346_8782785991_600_800.png,/scratch/parceirosbr/bigoilict/share/BigOil/document_generator/datasets/documents_2021_12_28/24poi_20211228_164346_8782785991_600_800.png,24poi_20211228_164346_8782785991_600_800_mask.png,Reaction
7,5,14,10,417,669,431,679,417,676,429,669,431,672,418,679,sub_line_text,figure_text,figure_4,,,,24poi_20211228_164346_8782785991_600_800.png,/scratch/parceirosbr/bigoilict/share/BigOil/document_generator/datasets/documents_2021_12_28/24poi_20211228_164346_8782785991_600_800.png,24poi_20211228_164346_8782785991_600_800_mask.png,Reaction
14,10,29,20,419,604,448,624,419,620,445,604,448,608,421,624,text,figure_text,figure_4,,,,24poi_20211228_164346_8782785991_600_800.png,/scratch/parceirosbr/bigoilict/share/BigOil/document_generator/datasets/documents_2021_12_28/24poi_20211228_164346_8782785991_600_800.png,24poi_20211228_164346_8782785991_600_800_mask.png,Consumption [MB]
14,10,29,20,419,604,448,624,419,620,445,604,448,608,421,624,sub_line_text,figure_text,figure_4,,,,24poi_20211228_164346_8782785991_600_800.png,/scratch/parceirosbr/bigoilict/share/BigOil/document_generator/datasets/documents_2021_12_28/24poi_20211228_164346_8782785991_600_800.png,24poi_20211228_164346_8782785991_600_800_mask.png,Consumption [MB]
7,5,15,11,441,674,456,685,441,682,454,674,456,677,442,685,text,figure_text,figure_4,,,,24poi_20211228_164346_8782785991_600_800.png,/scratch/parceirosbr/bigoilict/share/BigOil/document_generator/datasets/documents_2021_12_28/24poi_20211228_164346_8782785991_600_800.png,24poi_20211228_164346_8782785991_600_800_mask.png,-3025.4%
7,5,15,11,441,674,456,685,441,682,454,674,456,677,442,685,sub_line_text,figure_text,figure_4,,,,24poi_20211228_164346_8782785991_600_800.png,/scratch/parceirosbr/bigoilict/share/BigOil/document_generator/datasets/documents_2021_12_28/24poi_20211228_164346_8782785991_600_800.png,24poi_20211228_164346_8782785991_600_800_mask.png,-3025.4%
8,5,16,11,421,656,437,667,421,664,435,656,437,660,424,667,text,figure_text,figure_4,,,,24poi_20211228_164346_8782785991_600_800.png,/scratch/parceirosbr/bigoilict/share/BigOil/document_generator/datasets/documents_2021_12_28/24poi_20211228_164346_8782785991_600_800.png,24poi_20211228_164346_8782785991_600_800_mask.png,Power (F)
8,5,16,11,421,656,437,667,421,664,435,656,437,660,424,667,sub_line_text,figure_text,figure_4,,,,24poi_20211228_164346_8782785991_600_800.png,/scratch/parceirosbr/bigoilict/share/BigOil/document_generator/datasets/documents_2021_12_28/24poi_20211228_164346_8782785991_600_800.png,24poi_20211228_164346_8782785991_600_800_mask.png,Power (F)
7,5,15,11,420,628,435,639,420,635,433,628,435,631,422,639,text,figure_text,figure_4,,,,24poi_20211228_164346_8782785991_600_800.png,/scratch/parceirosbr/bigoilict/share/BigOil/document_generator/datasets/documents_2021_12_28/24poi_20211228_164346_8782785991_600_800.png,24poi_20211228_164346_8782785991_600_800_mask.png,-1631.4%
7,5,15,11,420,628,435,639,420,635,433,628,435,631,422,639,sub_line_text,figure_text,figure_4,,,,24poi_20211228_164346_8782785991_600_800.png,/scratch/parceirosbr/bigoilict/share/BigOil/document_generator/datasets/documents_2021_12_28/24poi_20211228_164346_8782785991_600_800.png,24poi_20211228_164346_8782785991_600_800_mask.png,-1631.4%
4,3,9,7,441,659,450,666,441,663,448,659,450,662,443,666,text,figure_text,figure_4,,,,24poi_20211228_164346_8782785991_600_800.png,/scratch/parceirosbr/bigoilict/share/BigOil/document_generator/datasets/documents_2021_12_28/24poi_20211228_164346_8782785991_600_800.png,24poi_20211228_164346_8782785991_600_800_mask.png,-43.5
4,3,9,7,441,659,450,666,441,663,448,659,450,662,443,666,sub_line_text,figure_text,figure_4,,,,24poi_20211228_164346_8782785991_600_800.png,/scratch/parceirosbr/bigoilict/share/BigOil/document_generator/datasets/documents_2021_12_28/24poi_20211228_164346_8782785991_600_800.png,24poi_20211228_164346_8782785991_600_800_mask.png,-43.5
4,3,8,7,432,643,440,650,432,647,438,643,440,646,434,650,text,figure_text,figure_4,,,,24poi_20211228_164346_8782785991_600_800.png,/scratch/parceirosbr/bigoilict/share/BigOil/document_generator/datasets/documents_2021_12_28/24poi_20211228_164346_8782785991_600_800.png,24poi_20211228_164346_8782785991_600_800_mask.png,Unit
4,3,8,7,432,643,440,650,432,647,438,643,440,646,434,650,sub_line_text,figure_text,figure_4,,,,24poi_20211228_164346_8782785991_600_800.png,/scratch/parceirosbr/bigoilict/share/BigOil/document_generator/datasets/documents_2021_12_28/24poi_20211228_164346_8782785991_600_800.png,24poi_20211228_164346_8782785991_600_800_mask.png,Unit
6,4,12,9,444,628,456,637,444,634,455,628,456,631,446,637,text,figure_text,figure_4,,,,24poi_20211228_164346_8782785991_600_800.png,/scratch/parceirosbr/bigoilict/share/BigOil/document_generator/datasets/documents_2021_12_28/24poi_20211228_164346_8782785991_600_800.png,24poi_20211228_164346_8782785991_600_800_mask.png,-9768%
6,4,12,9,444,628,456,637,444,634,455,628,456,631,446,637,sub_line_text,figure_text,figure_4,,,,24poi_20211228_164346_8782785991_600_800.png,/scratch/parceirosbr/bigoilict/share/BigOil/document_generator/datasets/documents_2021_12_28/24poi_20211228_164346_8782785991_600_800.png,24poi_20211228_164346_8782785991_600_800_mask.png,-9768%
6,4,12,9,415,646,427,655,415,652,426,646,427,649,417,655,text,figure_text,figure_4,,,,24poi_20211228_164346_8782785991_600_800.png,/scratch/parceirosbr/bigoilict/share/BigOil/document_generator/datasets/documents_2021_12_28/24poi_20211228_164346_8782785991_600_800.png,24poi_20211228_164346_8782785991_600_800_mask.png,-3728%
6,4,12,9,415,646,427,655,415,652,426,646,427,649,417,655,sub_line_text,figure_text,figure_4,,,,24poi_20211228_164346_8782785991_600_800.png,/scratch/parceirosbr/bigoilict/share/BigOil/document_generator/datasets/documents_2021_12_28/24poi_20211228_164346_8782785991_600_800.png,24poi_20211228_164346_8782785991_600_800_mask.png,-3728%
5,4,11,9,410,679,421,688,410,685,419,679,421,682,412,688,text,figure_text,figure_4,,,,24poi_20211228_164346_8782785991_600_800.png,/scratch/parceirosbr/bigoilict/share/BigOil/document_generator/datasets/documents_2021_12_28/24poi_20211228_164346_8782785991_600_800.png,24poi_20211228_164346_8782785991_600_800_mask.png,486.77
5,4,11,9,410,679,421,688,410,685,419,679,421,682,412,688,sub_line_text,figure_text,figure_4,,,,24poi_20211228_164346_8782785991_600_800.png,/scratch/parceirosbr/bigoilict/share/BigOil/document_generator/datasets/documents_2021_12_28/24poi_20211228_164346_8782785991_600_800.png,24poi_20211228_164346_8782785991_600_800_mask.png,486.77
5,3,10,7,442,646,452,653,442,650,450,646,452,649,444,653,text,figure_text,figure_4,,,,24poi_20211228_164346_8782785991_600_800.png,/scratch/parceirosbr/bigoilict/share/BigOil/document_generator/datasets/documents_2021_12_28/24poi_20211228_164346_8782785991_600_800.png,24poi_20211228_164346_8782785991_600_800_mask.png,-9677
5,3,10,7,442,646,452,653,442,650,450,646,452,649,444,653,sub_line_text,figure_text,figure_4,,,,24poi_20211228_164346_8782785991_600_800.png,/scratch/parceirosbr/bigoilict/share/BigOil/document_generator/datasets/documents_2021_12_28/24poi_20211228_164346_8782785991_600_800.png,24poi_20211228_164346_8782785991_600_800_mask.png,-9677
4,3,8,7,429,683,437,690,429,687,436,683,437,686,431,690,text,figure_text,figure_4,,,,24poi_20211228_164346_8782785991_600_800.png,/scratch/parceirosbr/bigoilict/share/BigOil/document_generator/datasets/documents_2021_12_28/24poi_20211228_164346_8782785991_600_800.png,24poi_20211228_164346_8782785991_600_800_mask.png,Start
4,3,8,7,429,683,437,690,429,687,436,683,437,686,431,690,sub_line_text,figure_text,figure_4,,,,24poi_20211228_164346_8782785991_600_800.png,/scratch/parceirosbr/bigoilict/share/BigOil/document_generator/datasets/documents_2021_12_28/24poi_20211228_164346_8782785991_600_800.png,24poi_20211228_164346_8782785991_600_800_mask.png,Start
2,2,4,4,452,645,456,649,452,645,454,645,456,648,454,649,text,figure_text,figure_4,,,,24poi_20211228_164346_8782785991_600_800.png,/scratch/parceirosbr/bigoilict/share/BigOil/document_generator/datasets/documents_2021_12_28/24poi_20211228_164346_8782785991_600_800.png,24poi_20211228_164346_8782785991_600_800_mask.png,1
2,2,4,4,452,645,456,649,452,645,454,645,456,648,454,649,sub_line_text,figure_text,figure_4,,,,24poi_20211228_164346_8782785991_600_800.png,/scratch/parceirosbr/bigoilict/share/BigOil/document_generator/datasets/documents_2021_12_28/24poi_20211228_164346_8782785991_600_800.png,24poi_20211228_164346_8782785991_600_800_mask.png,1
73,3,146,7,318,700,464,707,318,700,464,700,464,707,318,707,sub_line_text,figure_legend,figure_4,raleway,bolditalic,6,24poi_20211228_164346_8782785991_600_800.png,/scratch/parceirosbr/bigoilict/share/BigOil/document_generator/datasets/documents_2021_12_28/24poi_20211228_164346_8782785991_600_800.png,24poi_20211228_164346_8782785991_600_800_mask.png,"Fig. 11: After drilling and lining the well, contact with t"
73,3,146,7,318,700,464,707,318,700,464,700,464,707,318,707,text,figure_legend,figure_4,raleway,bolditalic,6,24poi_20211228_164346_8782785991_600_800.png,/scratch/parceirosbr/bigoilict/share/BigOil/document_generator/datasets/documents_2021_12_28/24poi_20211228_164346_8782785991_600_800.png,24poi_20211228_164346_8782785991_600_800_mask.png,nan
77,3,155,7,318,707,473,714,318,707,473,707,473,714,318,714,sub_line_text,figure_legend,figure_4,raleway,bolditalic,6,24poi_20211228_164346_8782785991_600_800.png,/scratch/parceirosbr/bigoilict/share/BigOil/document_generator/datasets/documents_2021_12_28/24poi_20211228_164346_8782785991_600_800.png,24poi_20211228_164346_8782785991_600_800_mask.png,"Fig. 127: Neste sentido, a 1 mostra a relaÃ§Ã£o que existe en"
77,3,155,7,318,707,473,714,318,707,473,707,473,714,318,714,text,figure_legend,figure_4,raleway,bolditalic,6,24poi_20211228_164346_8782785991_600_800.png,/scratch/parceirosbr/bigoilict/share/BigOil/document_generator/datasets/documents_2021_12_28/24poi_20211228_164346_8782785991_600_800.png,24poi_20211228_164346_8782785991_600_800_mask.png,nan
