center_x,center_y,width,height,xmin,ymin,xmax,ymax,top_left_x,top_left_y,top_right_x,top_right_y,bottom_right_x,bottom_right_y,bottom_left_x,bottom_left_y,label,grouplabel,group,text_font,text_style,size_font,filename,path,filename_mask,content
300,400,600,800,0,0,600,800,0,0,600,0,600,800,0,800,document,,,,,,27styles_3cols_20211228_165740_2291584704_600_800.png,/scratch/parceirosbr/bigoilict/share/BigOil/document_generator/datasets/documents_2021_12_28/27styles_3cols_20211228_165740_2291584704_600_800.png,27styles_3cols_20211228_165740_2291584704_600_800_mask.png,
45,5,90,11,97,108,187,119,97,108,187,108,187,119,97,119,sub_line_text,text,text_0,arial,regular,9,27styles_3cols_20211228_165740_2291584704_600_800.png,/scratch/parceirosbr/bigoilict/share/BigOil/document_generator/datasets/documents_2021_12_28/27styles_3cols_20211228_165740_2291584704_600_800.png,27styles_3cols_20211228_165740_2291584704_600_800_mask.png,Esse parâmetro é um
44,5,88,11,98,123,186,134,98,123,186,123,186,134,98,134,sub_line_text,text,text_0,arial,regular,9,27styles_3cols_20211228_165740_2291584704_600_800.png,/scratch/parceirosbr/bigoilict/share/BigOil/document_generator/datasets/documents_2021_12_28/27styles_3cols_20211228_165740_2291584704_600_800.png,27styles_3cols_20211228_165740_2291584704_600_800_mask.png,importante termo48 no
46,5,93,11,96,138,189,149,96,138,189,138,189,149,96,149,sub_line_text,text,text_0,arial,regular,9,27styles_3cols_20211228_165740_2291584704_600_800.png,/scratch/parceirosbr/bigoilict/share/BigOil/document_generator/datasets/documents_2021_12_28/27styles_3cols_20211228_165740_2291584704_600_800.png,27styles_3cols_20211228_165740_2291584704_600_800_mask.png,estudoda formação de
32,5,64,11,110,153,174,164,110,153,174,153,174,164,110,164,sub_line_text,text,text_0,arial,regular,9,27styles_3cols_20211228_165740_2291584704_600_800.png,/scratch/parceirosbr/bigoilict/share/BigOil/document_generator/datasets/documents_2021_12_28/27styles_3cols_20211228_165740_2291584704_600_800.png,27styles_3cols_20211228_165740_2291584704_600_800_mask.png,"hidratos, sendo"
33,5,67,11,109,168,176,179,109,168,176,168,176,179,109,179,sub_line_text,text,text_0,arial,regular,9,27styles_3cols_20211228_165740_2291584704_600_800.png,/scratch/parceirosbr/bigoilict/share/BigOil/document_generator/datasets/documents_2021_12_28/27styles_3cols_20211228_165740_2291584704_600_800.png,27styles_3cols_20211228_165740_2291584704_600_800_mask.png,fundamental na.
46,35,93,71,96,108,189,179,96,108,189,108,189,179,96,179,text,text,text_0,arial,regular,9,27styles_3cols_20211228_165740_2291584704_600_800.png,/scratch/parceirosbr/bigoilict/share/BigOil/document_generator/datasets/documents_2021_12_28/27styles_3cols_20211228_165740_2291584704_600_800.png,27styles_3cols_20211228_165740_2291584704_600_800_mask.png,nan
34,5,68,11,101,189,169,200,101,189,169,189,169,200,101,200,sub_line_text,text,text_1,arial,regular,9,27styles_3cols_20211228_165740_2291584704_600_800.png,/scratch/parceirosbr/bigoilict/share/BigOil/document_generator/datasets/documents_2021_12_28/27styles_3cols_20211228_165740_2291584704_600_800.png,27styles_3cols_20211228_165740_2291584704_600_800_mask.png,O de aplica uma
52,5,105,11,83,204,188,215,83,204,188,204,188,215,83,215,sub_line_text,text,text_1,arial,regular,9,27styles_3cols_20211228_165740_2291584704_600_800.png,/scratch/parceirosbr/bigoilict/share/BigOil/document_generator/datasets/documents_2021_12_28/27styles_3cols_20211228_165740_2291584704_600_800.png,27styles_3cols_20211228_165740_2291584704_600_800_mask.png,linearização nos modelos
42,5,85,11,93,219,178,230,93,219,178,219,178,230,93,230,sub_line_text,text,text_1,arial,regular,9,27styles_3cols_20211228_165740_2291584704_600_800.png,/scratch/parceirosbr/bigoilict/share/BigOil/document_generator/datasets/documents_2021_12_28/27styles_3cols_20211228_165740_2291584704_600_800.png,27styles_3cols_20211228_165740_2291584704_600_800_mask.png,de movimen-tação e
53,5,107,11,82,234,189,245,82,234,189,234,189,245,82,245,sub_line_text,text,text_1,arial,regular,9,27styles_3cols_20211228_165740_2291584704_600_800.png,/scratch/parceirosbr/bigoilict/share/BigOil/document_generator/datasets/documents_2021_12_28/27styles_3cols_20211228_165740_2291584704_600_800.png,27styles_3cols_20211228_165740_2291584704_600_800_mask.png,"observação, os quais são"
40,5,80,11,95,249,175,260,95,249,175,249,175,260,95,260,sub_line_text,text,text_1,arial,regular,9,27styles_3cols_20211228_165740_2291584704_600_800.png,/scratch/parceirosbr/bigoilict/share/BigOil/document_generator/datasets/documents_2021_12_28/27styles_3cols_20211228_165740_2291584704_600_800.png,27styles_3cols_20211228_165740_2291584704_600_800_mask.png,inerentemente não.
53,35,107,71,82,189,189,260,82,189,189,189,189,260,82,260,text,text,text_1,arial,regular,9,27styles_3cols_20211228_165740_2291584704_600_800.png,/scratch/parceirosbr/bigoilict/share/BigOil/document_generator/datasets/documents_2021_12_28/27styles_3cols_20211228_165740_2291584704_600_800.png,27styles_3cols_20211228_165740_2291584704_600_800_mask.png,nan
51,5,103,11,81,270,184,281,81,270,184,270,184,281,81,281,sub_line_text,text,text_2,arial,regular,9,27styles_3cols_20211228_165740_2291584704_600_800.png,/scratch/parceirosbr/bigoilict/share/BigOil/document_generator/datasets/documents_2021_12_28/27styles_3cols_20211228_165740_2291584704_600_800.png,27styles_3cols_20211228_165740_2291584704_600_800_mask.png,Para o caso de oxidação
40,5,80,11,92,285,172,296,92,285,172,285,172,296,92,296,sub_line_text,text,text_2,arial,regular,9,27styles_3cols_20211228_165740_2291584704_600_800.png,/scratch/parceirosbr/bigoilict/share/BigOil/document_generator/datasets/documents_2021_12_28/27styles_3cols_20211228_165740_2291584704_600_800.png,27styles_3cols_20211228_165740_2291584704_600_800_mask.png,"em duas etapas, o"
51,5,102,11,81,300,183,311,81,300,183,300,183,311,81,311,sub_line_text,text,text_2,arial,regular,9,27styles_3cols_20211228_165740_2291584704_600_800.png,/scratch/parceirosbr/bigoilict/share/BigOil/document_generator/datasets/documents_2021_12_28/27styles_3cols_20211228_165740_2291584704_600_800.png,27styles_3cols_20211228_165740_2291584704_600_800_mask.png,"catalisador varia, sendo"
41,5,83,11,91,315,174,326,91,315,174,315,174,326,91,326,sub_line_text,text,text_2,arial,regular,9,27styles_3cols_20211228_165740_2291584704_600_800.png,/scratch/parceirosbr/bigoilict/share/BigOil/document_generator/datasets/documents_2021_12_28/27styles_3cols_20211228_165740_2291584704_600_800.png,27styles_3cols_20211228_165740_2291584704_600_800_mask.png,"que para a primeira,"
56,5,113,11,76,330,189,341,76,330,189,330,189,341,76,341,sub_line_text,text,text_2,arial,regular,9,27styles_3cols_20211228_165740_2291584704_600_800.png,/scratch/parceirosbr/bigoilict/share/BigOil/document_generator/datasets/documents_2021_12_28/27styles_3cols_20211228_165740_2291584704_600_800.png,27styles_3cols_20211228_165740_2291584704_600_800_mask.png,"utiliza-se cobre ou prata, e"
56,5,113,11,76,345,189,356,76,345,189,345,189,356,76,356,sub_line_text,text,text_2,arial,regular,9,27styles_3cols_20211228_165740_2291584704_600_800.png,/scratch/parceirosbr/bigoilict/share/BigOil/document_generator/datasets/documents_2021_12_28/27styles_3cols_20211228_165740_2291584704_600_800.png,27styles_3cols_20211228_165740_2291584704_600_800_mask.png,"para a segunda, cobalto ou"
55,5,111,11,77,360,188,371,77,360,188,360,188,371,77,371,sub_line_text,text,text_2,arial,regular,9,27styles_3cols_20211228_165740_2291584704_600_800.png,/scratch/parceirosbr/bigoilict/share/BigOil/document_generator/datasets/documents_2021_12_28/27styles_3cols_20211228_165740_2291584704_600_800.png,27styles_3cols_20211228_165740_2291584704_600_800_mask.png,"manganês.  Dessa forma,"
47,5,94,11,85,375,179,386,85,375,179,375,179,386,85,386,sub_line_text,text,text_2,arial,regular,9,27styles_3cols_20211228_165740_2291584704_600_800.png,/scratch/parceirosbr/bigoilict/share/BigOil/document_generator/datasets/documents_2021_12_28/27styles_3cols_20211228_165740_2291584704_600_800.png,27styles_3cols_20211228_165740_2291584704_600_800_mask.png,o presente estudo foi.
56,58,113,116,76,270,189,386,76,270,189,270,189,386,76,386,text,text,text_2,arial,regular,9,27styles_3cols_20211228_165740_2291584704_600_800.png,/scratch/parceirosbr/bigoilict/share/BigOil/document_generator/datasets/documents_2021_12_28/27styles_3cols_20211228_165740_2291584704_600_800.png,27styles_3cols_20211228_165740_2291584704_600_800_mask.png,nan
44,5,88,11,90,396,178,407,90,396,178,396,178,407,90,407,sub_line_text,text,text_3,arial,regular,9,27styles_3cols_20211228_165740_2291584704_600_800.png,/scratch/parceirosbr/bigoilict/share/BigOil/document_generator/datasets/documents_2021_12_28/27styles_3cols_20211228_165740_2291584704_600_800.png,27styles_3cols_20211228_165740_2291584704_600_800_mask.png,Sua precisão é maior
52,5,104,11,82,411,186,422,82,411,186,411,186,422,82,422,sub_line_text,text,text_3,arial,regular,9,27styles_3cols_20211228_165740_2291584704_600_800.png,/scratch/parceirosbr/bigoilict/share/BigOil/document_generator/datasets/documents_2021_12_28/27styles_3cols_20211228_165740_2291584704_600_800.png,27styles_3cols_20211228_165740_2291584704_600_800_mask.png,quando comparado74 com
48,5,96,11,86,426,182,437,86,426,182,426,182,437,86,437,sub_line_text,text,text_3,arial,regular,9,27styles_3cols_20211228_165740_2291584704_600_800.png,/scratch/parceirosbr/bigoilict/share/BigOil/document_generator/datasets/documents_2021_12_28/27styles_3cols_20211228_165740_2291584704_600_800.png,27styles_3cols_20211228_165740_2291584704_600_800_mask.png,"os anteriores, cerca de"
54,5,109,11,80,441,189,452,80,441,189,441,189,452,80,452,sub_line_text,text,text_3,arial,regular,9,27styles_3cols_20211228_165740_2291584704_600_800.png,/scratch/parceirosbr/bigoilict/share/BigOil/document_generator/datasets/documents_2021_12_28/27styles_3cols_20211228_165740_2291584704_600_800.png,27styles_3cols_20211228_165740_2291584704_600_800_mask.png,"10cm,30 por issosua ampla"
50,5,101,11,84,456,185,467,84,456,185,456,185,467,84,467,sub_line_text,text,text_3,arial,regular,9,27styles_3cols_20211228_165740_2291584704_600_800.png,/scratch/parceirosbr/bigoilict/share/BigOil/document_generator/datasets/documents_2021_12_28/27styles_3cols_20211228_165740_2291584704_600_800.png,27styles_3cols_20211228_165740_2291584704_600_800_mask.png,aplicação pela71 indústria
35,5,71,11,99,471,170,482,99,471,170,471,170,482,99,482,sub_line_text,text,text_3,arial,regular,9,27styles_3cols_20211228_165740_2291584704_600_800.png,/scratch/parceirosbr/bigoilict/share/BigOil/document_generator/datasets/documents_2021_12_28/27styles_3cols_20211228_165740_2291584704_600_800.png,27styles_3cols_20211228_165740_2291584704_600_800_mask.png,na instalação de.
54,43,109,86,80,396,189,482,80,396,189,396,189,482,80,482,text,text,text_3,arial,regular,9,27styles_3cols_20211228_165740_2291584704_600_800.png,/scratch/parceirosbr/bigoilict/share/BigOil/document_generator/datasets/documents_2021_12_28/27styles_3cols_20211228_165740_2291584704_600_800.png,27styles_3cols_20211228_165740_2291584704_600_800_mask.png,nan
55,5,111,11,78,492,189,503,78,492,189,492,189,503,78,503,sub_line_text,text,text_4,arial,regular,9,27styles_3cols_20211228_165740_2291584704_600_800.png,/scratch/parceirosbr/bigoilict/share/BigOil/document_generator/datasets/documents_2021_12_28/27styles_3cols_20211228_165740_2291584704_600_800.png,27styles_3cols_20211228_165740_2291584704_600_800_mask.png,"No entanto, com a notável"
42,5,85,11,91,507,176,518,91,507,176,507,176,518,91,518,sub_line_text,text,text_4,arial,regular,9,27styles_3cols_20211228_165740_2291584704_600_800.png,/scratch/parceirosbr/bigoilict/share/BigOil/document_generator/datasets/documents_2021_12_28/27styles_3cols_20211228_165740_2291584704_600_800.png,27styles_3cols_20211228_165740_2291584704_600_800_mask.png,redução no preço do
39,5,79,11,94,522,173,533,94,522,173,522,173,533,94,533,sub_line_text,text,text_4,arial,regular,9,27styles_3cols_20211228_165740_2291584704_600_800.png,/scratch/parceirosbr/bigoilict/share/BigOil/document_generator/datasets/documents_2021_12_28/27styles_3cols_20211228_165740_2291584704_600_800.png,27styles_3cols_20211228_165740_2291584704_600_800_mask.png,"glicerol, o custo de"
53,5,106,11,80,537,186,548,80,537,186,537,186,548,80,548,sub_line_text,text,text_4,arial,regular,9,27styles_3cols_20211228_165740_2291584704_600_800.png,/scratch/parceirosbr/bigoilict/share/BigOil/document_generator/datasets/documents_2021_12_28/27styles_3cols_20211228_165740_2291584704_600_800.png,27styles_3cols_20211228_165740_2291584704_600_800_mask.png,processamento a jusante
51,5,102,11,82,552,184,563,82,552,184,552,184,563,82,563,sub_line_text,text,text_4,arial,regular,9,27styles_3cols_20211228_165740_2291584704_600_800.png,/scratch/parceirosbr/bigoilict/share/BigOil/document_generator/datasets/documents_2021_12_28/27styles_3cols_20211228_165740_2291584704_600_800.png,27styles_3cols_20211228_165740_2291584704_600_800_mask.png,passou a responder pela
53,5,107,11,80,567,187,578,80,567,187,567,187,578,80,578,sub_line_text,text,text_4,arial,regular,9,27styles_3cols_20211228_165740_2291584704_600_800.png,/scratch/parceirosbr/bigoilict/share/BigOil/document_generator/datasets/documents_2021_12_28/27styles_3cols_20211228_165740_2291584704_600_800.png,27styles_3cols_20211228_165740_2291584704_600_800_mask.png,maior parte do custo total
55,43,111,86,78,492,189,578,78,492,189,492,189,578,78,578,text,text,text_4,arial,regular,9,27styles_3cols_20211228_165740_2291584704_600_800.png,/scratch/parceirosbr/bigoilict/share/BigOil/document_generator/datasets/documents_2021_12_28/27styles_3cols_20211228_165740_2291584704_600_800.png,27styles_3cols_20211228_165740_2291584704_600_800_mask.png,nan
51,5,103,11,83,588,186,599,83,588,186,588,186,599,83,599,sub_line_text,text,text_5,arial,regular,9,27styles_3cols_20211228_165740_2291584704_600_800.png,/scratch/parceirosbr/bigoilict/share/BigOil/document_generator/datasets/documents_2021_12_28/27styles_3cols_20211228_165740_2291584704_600_800.png,27styles_3cols_20211228_165740_2291584704_600_800_mask.png,"Após a cura da resina, a"
54,5,108,11,80,603,188,614,80,603,188,603,188,614,80,614,sub_line_text,text,text_5,arial,regular,9,27styles_3cols_20211228_165740_2291584704_600_800.png,/scratch/parceirosbr/bigoilict/share/BigOil/document_generator/datasets/documents_2021_12_28/27styles_3cols_20211228_165740_2291584704_600_800.png,27styles_3cols_20211228_165740_2291584704_600_800_mask.png,região exposta foi tratada
54,5,109,11,80,618,189,629,80,618,189,618,189,629,80,629,sub_line_text,text,text_5,arial,regular,9,27styles_3cols_20211228_165740_2291584704_600_800.png,/scratch/parceirosbr/bigoilict/share/BigOil/document_generator/datasets/documents_2021_12_28/27styles_3cols_20211228_165740_2291584704_600_800.png,27styles_3cols_20211228_165740_2291584704_600_800_mask.png,superficialmente até a lixa
47,5,95,11,87,633,182,644,87,633,182,633,182,644,87,644,sub_line_text,text,text_5,arial,regular,9,27styles_3cols_20211228_165740_2291584704_600_800.png,/scratch/parceirosbr/bigoilict/share/BigOil/document_generator/datasets/documents_2021_12_28/27styles_3cols_20211228_165740_2291584704_600_800.png,27styles_3cols_20211228_165740_2291584704_600_800_mask.png,"600, da mesma forma."
54,28,109,56,80,588,189,644,80,588,189,588,189,644,80,644,text,text,text_5,arial,regular,9,27styles_3cols_20211228_165740_2291584704_600_800.png,/scratch/parceirosbr/bigoilict/share/BigOil/document_generator/datasets/documents_2021_12_28/27styles_3cols_20211228_165740_2291584704_600_800.png,27styles_3cols_20211228_165740_2291584704_600_800_mask.png,nan
57,5,114,11,75,654,189,665,75,654,189,654,189,665,75,665,sub_line_text,text,text_6,arial,regular,9,27styles_3cols_20211228_165740_2291584704_600_800.png,/scratch/parceirosbr/bigoilict/share/BigOil/document_generator/datasets/documents_2021_12_28/27styles_3cols_20211228_165740_2291584704_600_800.png,27styles_3cols_20211228_165740_2291584704_600_800_mask.png,A e a articulam-se entre si.
57,5,114,11,75,654,189,665,75,654,189,654,189,665,75,665,text,text,text_6,arial,regular,9,27styles_3cols_20211228_165740_2291584704_600_800.png,/scratch/parceirosbr/bigoilict/share/BigOil/document_generator/datasets/documents_2021_12_28/27styles_3cols_20211228_165740_2291584704_600_800.png,27styles_3cols_20211228_165740_2291584704_600_800_mask.png,nan
48,5,97,11,218,108,315,119,218,108,315,108,315,119,218,119,sub_line_text,text,text_7,arial,regular,9,27styles_3cols_20211228_165740_2291584704_600_800.png,/scratch/parceirosbr/bigoilict/share/BigOil/document_generator/datasets/documents_2021_12_28/27styles_3cols_20211228_165740_2291584704_600_800.png,27styles_3cols_20211228_165740_2291584704_600_800_mask.png,O efluente estudado no
42,5,84,11,225,123,309,134,225,123,309,123,309,134,225,134,sub_line_text,text,text_7,arial,regular,9,27styles_3cols_20211228_165740_2291584704_600_800.png,/scratch/parceirosbr/bigoilict/share/BigOil/document_generator/datasets/documents_2021_12_28/27styles_3cols_20211228_165740_2291584704_600_800.png,27styles_3cols_20211228_165740_2291584704_600_800_mask.png,presente trabalho22 é
50,5,100,11,217,138,317,149,217,138,317,138,317,149,217,149,sub_line_text,text,text_7,arial,regular,9,27styles_3cols_20211228_165740_2291584704_600_800.png,/scratch/parceirosbr/bigoilict/share/BigOil/document_generator/datasets/documents_2021_12_28/27styles_3cols_20211228_165740_2291584704_600_800.png,27styles_3cols_20211228_165740_2291584704_600_800_mask.png,proveniente da saída de
55,5,110,11,212,153,322,164,212,153,322,153,322,164,212,164,sub_line_text,text,text_7,arial,regular,9,27styles_3cols_20211228_165740_2291584704_600_800.png,/scratch/parceirosbr/bigoilict/share/BigOil/document_generator/datasets/documents_2021_12_28/27styles_3cols_20211228_165740_2291584704_600_800.png,27styles_3cols_20211228_165740_2291584704_600_800_mask.png,um filtro31 de areia operado
46,5,92,11,221,168,313,179,221,168,313,168,313,179,221,179,sub_line_text,text,text_7,arial,regular,9,27styles_3cols_20211228_165740_2291584704_600_800.png,/scratch/parceirosbr/bigoilict/share/BigOil/document_generator/datasets/documents_2021_12_28/27styles_3cols_20211228_165740_2291584704_600_800.png,27styles_3cols_20211228_165740_2291584704_600_800_mask.png,nesta.59 O controle da
48,5,97,11,218,183,315,194,218,183,315,183,315,194,218,194,sub_line_text,text,text_7,arial,regular,9,27styles_3cols_20211228_165740_2291584704_600_800.png,/scratch/parceirosbr/bigoilict/share/BigOil/document_generator/datasets/documents_2021_12_28/27styles_3cols_20211228_165740_2291584704_600_800.png,27styles_3cols_20211228_165740_2291584704_600_800_mask.png,"densidade52 é facilitado,"
43,5,87,11,223,198,310,209,223,198,310,198,310,209,223,209,sub_line_text,text,text_7,arial,regular,9,27styles_3cols_20211228_165740_2291584704_600_800.png,/scratch/parceirosbr/bigoilict/share/BigOil/document_generator/datasets/documents_2021_12_28/27styles_3cols_20211228_165740_2291584704_600_800.png,27styles_3cols_20211228_165740_2291584704_600_800_mask.png,pois para aumenta-la
47,5,94,11,220,213,314,224,220,213,314,213,314,224,220,224,sub_line_text,text,text_7,arial,regular,9,27styles_3cols_20211228_165740_2291584704_600_800.png,/scratch/parceirosbr/bigoilict/share/BigOil/document_generator/datasets/documents_2021_12_28/27styles_3cols_20211228_165740_2291584704_600_800.png,27styles_3cols_20211228_165740_2291584704_600_800_mask.png,adiciona-se sal e para.
55,58,110,116,212,108,322,224,212,108,322,108,322,224,212,224,text,text,text_7,arial,regular,9,27styles_3cols_20211228_165740_2291584704_600_800.png,/scratch/parceirosbr/bigoilict/share/BigOil/document_generator/datasets/documents_2021_12_28/27styles_3cols_20211228_165740_2291584704_600_800.png,27styles_3cols_20211228_165740_2291584704_600_800_mask.png,nan
46,5,92,11,220,234,312,245,220,234,312,234,312,245,220,245,sub_line_text,text,text_8,arial,regular,9,27styles_3cols_20211228_165740_2291584704_600_800.png,/scratch/parceirosbr/bigoilict/share/BigOil/document_generator/datasets/documents_2021_12_28/27styles_3cols_20211228_165740_2291584704_600_800.png,27styles_3cols_20211228_165740_2291584704_600_800_mask.png,O diretor deu início ao
45,5,91,11,220,249,311,260,220,249,311,249,311,260,220,260,sub_line_text,text,text_8,arial,regular,9,27styles_3cols_20211228_165740_2291584704_600_800.png,/scratch/parceirosbr/bigoilict/share/BigOil/document_generator/datasets/documents_2021_12_28/27styles_3cols_20211228_165740_2291584704_600_800.png,27styles_3cols_20211228_165740_2291584704_600_800_mask.png,evento destacando70 a
47,5,94,11,219,264,313,275,219,264,313,264,313,275,219,275,sub_line_text,text,text_8,arial,regular,9,27styles_3cols_20211228_165740_2291584704_600_800.png,/scratch/parceirosbr/bigoilict/share/BigOil/document_generator/datasets/documents_2021_12_28/27styles_3cols_20211228_165740_2291584704_600_800.png,27styles_3cols_20211228_165740_2291584704_600_800_mask.png,relevância do assunto.
54,5,109,11,211,279,320,290,211,279,320,279,320,290,211,290,sub_line_text,text,text_8,arial,regular,9,27styles_3cols_20211228_165740_2291584704_600_800.png,/scratch/parceirosbr/bigoilict/share/BigOil/document_generator/datasets/documents_2021_12_28/27styles_3cols_20211228_165740_2291584704_600_800.png,27styles_3cols_20211228_165740_2291584704_600_800_mask.png,Estamos aqui para ouvir a
49,5,99,11,216,294,315,305,216,294,315,294,315,305,216,305,sub_line_text,text,text_8,arial,regular,9,27styles_3cols_20211228_165740_2291584704_600_800.png,/scratch/parceirosbr/bigoilict/share/BigOil/document_generator/datasets/documents_2021_12_28/27styles_3cols_20211228_165740_2291584704_600_800.png,27styles_3cols_20211228_165740_2291584704_600_800_mask.png,indústria e saber33 como
51,5,102,11,215,309,317,320,215,309,317,309,317,320,215,320,sub_line_text,text,text_8,arial,regular,9,27styles_3cols_20211228_165740_2291584704_600_800.png,/scratch/parceirosbr/bigoilict/share/BigOil/document_generator/datasets/documents_2021_12_28/27styles_3cols_20211228_165740_2291584704_600_800.png,27styles_3cols_20211228_165740_2291584704_600_800_mask.png,ela79 vê a o que estamos
50,5,101,11,215,324,316,335,215,324,316,324,316,335,215,335,sub_line_text,text,text_8,arial,regular,9,27styles_3cols_20211228_165740_2291584704_600_800.png,/scratch/parceirosbr/bigoilict/share/BigOil/document_generator/datasets/documents_2021_12_28/27styles_3cols_20211228_165740_2291584704_600_800.png,27styles_3cols_20211228_165740_2291584704_600_800_mask.png,fazendo de positivo e19 o
56,5,112,11,210,339,322,350,210,339,322,339,322,350,210,350,sub_line_text,text,text_8,arial,regular,9,27styles_3cols_20211228_165740_2291584704_600_800.png,/scratch/parceirosbr/bigoilict/share/BigOil/document_generator/datasets/documents_2021_12_28/27styles_3cols_20211228_165740_2291584704_600_800.png,27styles_3cols_20211228_165740_2291584704_600_800_mask.png,que47 precisamos melhorar.
56,58,112,116,210,234,322,350,210,234,322,234,322,350,210,350,text,text,text_8,arial,regular,9,27styles_3cols_20211228_165740_2291584704_600_800.png,/scratch/parceirosbr/bigoilict/share/BigOil/document_generator/datasets/documents_2021_12_28/27styles_3cols_20211228_165740_2291584704_600_800.png,27styles_3cols_20211228_165740_2291584704_600_800_mask.png,nan
53,5,107,11,215,360,322,371,215,360,322,360,322,371,215,371,sub_line_text,text,text_9,arial,regular,9,27styles_3cols_20211228_165740_2291584704_600_800.png,/scratch/parceirosbr/bigoilict/share/BigOil/document_generator/datasets/documents_2021_12_28/27styles_3cols_20211228_165740_2291584704_600_800.png,27styles_3cols_20211228_165740_2291584704_600_800_mask.png,"Para o teste canhoneado,"
50,5,101,11,218,375,319,386,218,375,319,375,319,386,218,386,sub_line_text,text,text_9,arial,regular,9,27styles_3cols_20211228_165740_2291584704_600_800.png,/scratch/parceirosbr/bigoilict/share/BigOil/document_generator/datasets/documents_2021_12_28/27styles_3cols_20211228_165740_2291584704_600_800.png,27styles_3cols_20211228_165740_2291584704_600_800_mask.png,a amostra foi resinada e
51,5,103,11,217,390,320,401,217,390,320,390,320,401,217,401,sub_line_text,text,text_9,arial,regular,9,27styles_3cols_20211228_165740_2291584704_600_800.png,/scratch/parceirosbr/bigoilict/share/BigOil/document_generator/datasets/documents_2021_12_28/27styles_3cols_20211228_165740_2291584704_600_800.png,27styles_3cols_20211228_165740_2291584704_600_800_mask.png,"perfurada, simulando um"
52,5,105,11,216,405,321,416,216,405,321,405,321,416,216,416,sub_line_text,text,text_9,arial,regular,9,27styles_3cols_20211228_165740_2291584704_600_800.png,/scratch/parceirosbr/bigoilict/share/BigOil/document_generator/datasets/documents_2021_12_28/27styles_3cols_20211228_165740_2291584704_600_800.png,27styles_3cols_20211228_165740_2291584704_600_800_mask.png,túnel canhoneado. b) dos
41,5,82,11,227,420,309,431,227,420,309,420,309,431,227,431,sub_line_text,text,text_9,arial,regular,9,27styles_3cols_20211228_165740_2291584704_600_800.png,/scratch/parceirosbr/bigoilict/share/BigOil/document_generator/datasets/documents_2021_12_28/27styles_3cols_20211228_165740_2291584704_600_800.png,27styles_3cols_20211228_165740_2291584704_600_800_mask.png,barriletes com água
43,5,86,11,225,435,311,446,225,435,311,435,311,446,225,446,sub_line_text,text,text_9,arial,regular,9,27styles_3cols_20211228_165740_2291584704_600_800.png,/scratch/parceirosbr/bigoilict/share/BigOil/document_generator/datasets/documents_2021_12_28/27styles_3cols_20211228_165740_2291584704_600_800.png,27styles_3cols_20211228_165740_2291584704_600_800_mask.png,ultrapura e com uma
50,5,100,11,218,450,318,461,218,450,318,450,318,461,218,461,sub_line_text,text,text_9,arial,regular,9,27styles_3cols_20211228_165740_2291584704_600_800.png,/scratch/parceirosbr/bigoilict/share/BigOil/document_generator/datasets/documents_2021_12_28/27styles_3cols_20211228_165740_2291584704_600_800.png,27styles_3cols_20211228_165740_2291584704_600_800_mask.png,solução com partículas.
53,50,107,101,215,360,322,461,215,360,322,360,322,461,215,461,text,text,text_9,arial,regular,9,27styles_3cols_20211228_165740_2291584704_600_800.png,/scratch/parceirosbr/bigoilict/share/BigOil/document_generator/datasets/documents_2021_12_28/27styles_3cols_20211228_165740_2291584704_600_800.png,27styles_3cols_20211228_165740_2291584704_600_800_mask.png,nan
52,5,104,11,214,471,318,482,214,471,318,471,318,482,214,482,sub_line_text,text,text_10,arial,regular,9,27styles_3cols_20211228_165740_2291584704_600_800.png,/scratch/parceirosbr/bigoilict/share/BigOil/document_generator/datasets/documents_2021_12_28/27styles_3cols_20211228_165740_2291584704_600_800.png,27styles_3cols_20211228_165740_2291584704_600_800_mask.png,As principais instituições
36,5,72,11,230,486,302,497,230,486,302,486,302,497,230,497,sub_line_text,text,text_10,arial,regular,9,27styles_3cols_20211228_165740_2291584704_600_800.png,/scratch/parceirosbr/bigoilict/share/BigOil/document_generator/datasets/documents_2021_12_28/27styles_3cols_20211228_165740_2291584704_600_800.png,27styles_3cols_20211228_165740_2291584704_600_800_mask.png,reajustaram suas
56,5,112,11,210,501,322,512,210,501,322,501,322,512,210,512,sub_line_text,text,text_10,arial,regular,9,27styles_3cols_20211228_165740_2291584704_600_800.png,/scratch/parceirosbr/bigoilict/share/BigOil/document_generator/datasets/documents_2021_12_28/27styles_3cols_20211228_165740_2291584704_600_800.png,27styles_3cols_20211228_165740_2291584704_600_800_mask.png,projeções para níveis mais
55,5,110,11,211,516,321,527,211,516,321,516,321,527,211,527,sub_line_text,text,text_10,arial,regular,9,27styles_3cols_20211228_165740_2291584704_600_800.png,/scratch/parceirosbr/bigoilict/share/BigOil/document_generator/datasets/documents_2021_12_28/27styles_3cols_20211228_165740_2291584704_600_800.png,27styles_3cols_20211228_165740_2291584704_600_800_mask.png,baixos na medida em que
56,5,112,11,210,531,322,542,210,531,322,531,322,542,210,542,sub_line_text,text,text_10,arial,regular,9,27styles_3cols_20211228_165740_2291584704_600_800.png,/scratch/parceirosbr/bigoilict/share/BigOil/document_generator/datasets/documents_2021_12_28/27styles_3cols_20211228_165740_2291584704_600_800.png,27styles_3cols_20211228_165740_2291584704_600_800_mask.png,os preços mantiveram sua
55,5,111,11,210,546,321,557,210,546,321,546,321,557,210,557,sub_line_text,text,text_10,arial,regular,9,27styles_3cols_20211228_165740_2291584704_600_800.png,/scratch/parceirosbr/bigoilict/share/BigOil/document_generator/datasets/documents_2021_12_28/27styles_3cols_20211228_165740_2291584704_600_800.png,27styles_3cols_20211228_165740_2291584704_600_800_mask.png,trajetória decrescente nos
50,5,100,11,216,561,316,572,216,561,316,561,316,572,216,572,sub_line_text,text,text_10,arial,regular,9,27styles_3cols_20211228_165740_2291584704_600_800.png,/scratch/parceirosbr/bigoilict/share/BigOil/document_generator/datasets/documents_2021_12_28/27styles_3cols_20211228_165740_2291584704_600_800.png,27styles_3cols_20211228_165740_2291584704_600_800_mask.png,"últimos meses de 2014,"
47,5,94,11,219,576,313,587,219,576,313,576,313,587,219,587,sub_line_text,text,text_10,arial,regular,9,27styles_3cols_20211228_165740_2291584704_600_800.png,/scratch/parceirosbr/bigoilict/share/BigOil/document_generator/datasets/documents_2021_12_28/27styles_3cols_20211228_165740_2291584704_600_800.png,27styles_3cols_20211228_165740_2291584704_600_800_mask.png,"principalmente, após a"
41,5,82,11,225,591,307,602,225,591,307,591,307,602,225,602,sub_line_text,text,text_10,arial,regular,9,27styles_3cols_20211228_165740_2291584704_600_800.png,/scratch/parceirosbr/bigoilict/share/BigOil/document_generator/datasets/documents_2021_12_28/27styles_3cols_20211228_165740_2291584704_600_800.png,27styles_3cols_20211228_165740_2291584704_600_800_mask.png,reunião da de 27 de
33,5,67,11,232,606,299,617,232,606,299,606,299,617,232,617,sub_line_text,text,text_10,arial,regular,9,27styles_3cols_20211228_165740_2291584704_600_800.png,/scratch/parceirosbr/bigoilict/share/BigOil/document_generator/datasets/documents_2021_12_28/27styles_3cols_20211228_165740_2291584704_600_800.png,27styles_3cols_20211228_165740_2291584704_600_800_mask.png,novembro.  Em.
56,73,112,146,210,471,322,617,210,471,322,471,322,617,210,617,text,text,text_10,arial,regular,9,27styles_3cols_20211228_165740_2291584704_600_800.png,/scratch/parceirosbr/bigoilict/share/BigOil/document_generator/datasets/documents_2021_12_28/27styles_3cols_20211228_165740_2291584704_600_800.png,27styles_3cols_20211228_165740_2291584704_600_800_mask.png,nan
54,5,109,11,213,627,322,638,213,627,322,627,322,638,213,638,sub_line_text,text,text_11,arial,regular,9,27styles_3cols_20211228_165740_2291584704_600_800.png,/scratch/parceirosbr/bigoilict/share/BigOil/document_generator/datasets/documents_2021_12_28/27styles_3cols_20211228_165740_2291584704_600_800.png,27styles_3cols_20211228_165740_2291584704_600_800_mask.png,"O consumo de entretanto,"
52,5,105,11,215,642,320,653,215,642,320,642,320,653,215,653,sub_line_text,text,text_11,arial,regular,9,27styles_3cols_20211228_165740_2291584704_600_800.png,/scratch/parceirosbr/bigoilict/share/BigOil/document_generator/datasets/documents_2021_12_28/27styles_3cols_20211228_165740_2291584704_600_800.png,27styles_3cols_20211228_165740_2291584704_600_800_mask.png,tornou-se subsidiado em.
54,13,109,26,213,627,322,653,213,627,322,627,322,653,213,653,text,text,text_11,arial,regular,9,27styles_3cols_20211228_165740_2291584704_600_800.png,/scratch/parceirosbr/bigoilict/share/BigOil/document_generator/datasets/documents_2021_12_28/27styles_3cols_20211228_165740_2291584704_600_800.png,27styles_3cols_20211228_165740_2291584704_600_800_mask.png,nan
48,5,97,11,351,108,448,119,351,108,448,108,448,119,351,119,sub_line_text,text,text_12,arial,regular,9,27styles_3cols_20211228_165740_2291584704_600_800.png,/scratch/parceirosbr/bigoilict/share/BigOil/document_generator/datasets/documents_2021_12_28/27styles_3cols_20211228_165740_2291584704_600_800.png,27styles_3cols_20211228_165740_2291584704_600_800_mask.png,Foram ainda realizados
53,5,106,11,346,123,452,134,346,123,452,123,452,134,346,134,sub_line_text,text,text_12,arial,regular,9,27styles_3cols_20211228_165740_2291584704_600_800.png,/scratch/parceirosbr/bigoilict/share/BigOil/document_generator/datasets/documents_2021_12_28/27styles_3cols_20211228_165740_2291584704_600_800.png,27styles_3cols_20211228_165740_2291584704_600_800_mask.png,testes de regeneração da
55,5,111,11,344,138,455,149,344,138,455,138,455,149,344,149,sub_line_text,text,text_12,arial,regular,9,27styles_3cols_20211228_165740_2291584704_600_800.png,/scratch/parceirosbr/bigoilict/share/BigOil/document_generator/datasets/documents_2021_12_28/27styles_3cols_20211228_165740_2291584704_600_800.png,27styles_3cols_20211228_165740_2291584704_600_800_mask.png,"coluna, onde37 observou-se"
48,5,97,11,351,153,448,164,351,153,448,153,448,164,351,164,sub_line_text,text,text_12,arial,regular,9,27styles_3cols_20211228_165740_2291584704_600_800.png,/scratch/parceirosbr/bigoilict/share/BigOil/document_generator/datasets/documents_2021_12_28/27styles_3cols_20211228_165740_2291584704_600_800.png,27styles_3cols_20211228_165740_2291584704_600_800_mask.png,que após três ciclos de
42,5,84,11,357,168,441,179,357,168,441,168,441,179,357,179,sub_line_text,text,text_12,arial,regular,9,27styles_3cols_20211228_165740_2291584704_600_800.png,/scratch/parceirosbr/bigoilict/share/BigOil/document_generator/datasets/documents_2021_12_28/27styles_3cols_20211228_165740_2291584704_600_800.png,27styles_3cols_20211228_165740_2291584704_600_800_mask.png,adsorção/dessorção
51,5,103,11,348,183,451,194,348,183,451,183,451,194,348,194,sub_line_text,text,text_12,arial,regular,9,27styles_3cols_20211228_165740_2291584704_600_800.png,/scratch/parceirosbr/bigoilict/share/BigOil/document_generator/datasets/documents_2021_12_28/27styles_3cols_20211228_165740_2291584704_600_800.png,27styles_3cols_20211228_165740_2291584704_600_800_mask.png,obteve-se um percentual
54,5,109,11,345,198,454,209,345,198,454,198,454,209,345,209,sub_line_text,text,text_12,arial,regular,9,27styles_3cols_20211228_165740_2291584704_600_800.png,/scratch/parceirosbr/bigoilict/share/BigOil/document_generator/datasets/documents_2021_12_28/27styles_3cols_20211228_165740_2291584704_600_800.png,27styles_3cols_20211228_165740_2291584704_600_800_mask.png,de regenerabilidade de 98.
54,5,108,11,345,213,453,224,345,213,453,213,453,224,345,224,sub_line_text,text,text_12,arial,regular,9,27styles_3cols_20211228_165740_2291584704_600_800.png,/scratch/parceirosbr/bigoilict/share/BigOil/document_generator/datasets/documents_2021_12_28/27styles_3cols_20211228_165740_2291584704_600_800.png,27styles_3cols_20211228_165740_2291584704_600_800_mask.png,Definido8 o tipo de contato
54,5,108,11,345,228,453,239,345,228,453,228,453,239,345,239,sub_line_text,text,text_12,arial,regular,9,27styles_3cols_20211228_165740_2291584704_600_800.png,/scratch/parceirosbr/bigoilict/share/BigOil/document_generator/datasets/documents_2021_12_28/27styles_3cols_20211228_165740_2291584704_600_800.png,27styles_3cols_20211228_165740_2291584704_600_800_mask.png,a2 próxima etapa é criar a.
55,65,111,131,344,108,455,239,344,108,455,108,455,239,344,239,text,text,text_12,arial,regular,9,27styles_3cols_20211228_165740_2291584704_600_800.png,/scratch/parceirosbr/bigoilict/share/BigOil/document_generator/datasets/documents_2021_12_28/27styles_3cols_20211228_165740_2291584704_600_800.png,27styles_3cols_20211228_165740_2291584704_600_800_mask.png,nan
37,5,75,11,363,249,438,260,363,249,438,249,438,260,363,260,sub_line_text,text,text_13,arial,regular,9,27styles_3cols_20211228_165740_2291584704_600_800.png,/scratch/parceirosbr/bigoilict/share/BigOil/document_generator/datasets/documents_2021_12_28/27styles_3cols_20211228_165740_2291584704_600_800.png,27styles_3cols_20211228_165740_2291584704_600_800_mask.png,Nas condições do
51,5,102,11,350,264,452,275,350,264,452,264,452,275,350,275,sub_line_text,text,text_13,arial,regular,9,27styles_3cols_20211228_165740_2291584704_600_800.png,/scratch/parceirosbr/bigoilict/share/BigOil/document_generator/datasets/documents_2021_12_28/27styles_3cols_20211228_165740_2291584704_600_800.png,27styles_3cols_20211228_165740_2291584704_600_800_mask.png,"ambiente amazônico, as"
41,5,83,11,359,279,442,290,359,279,442,279,442,290,359,290,sub_line_text,text,text_13,arial,regular,9,27styles_3cols_20211228_165740_2291584704_600_800.png,/scratch/parceirosbr/bigoilict/share/BigOil/document_generator/datasets/documents_2021_12_28/27styles_3cols_20211228_165740_2291584704_600_800.png,27styles_3cols_20211228_165740_2291584704_600_800_mask.png,limitações do dizem
54,5,108,11,347,294,455,305,347,294,455,294,455,305,347,305,sub_line_text,text,text_13,arial,regular,9,27styles_3cols_20211228_165740_2291584704_600_800.png,/scratch/parceirosbr/bigoilict/share/BigOil/document_generator/datasets/documents_2021_12_28/27styles_3cols_20211228_165740_2291584704_600_800.png,27styles_3cols_20211228_165740_2291584704_600_800_mask.png,respeito ao predomínio de
51,5,103,11,349,309,452,320,349,309,452,309,452,320,349,320,sub_line_text,text,text_13,arial,regular,9,27styles_3cols_20211228_165740_2291584704_600_800.png,/scratch/parceirosbr/bigoilict/share/BigOil/document_generator/datasets/documents_2021_12_28/27styles_3cols_20211228_165740_2291584704_600_800.png,27styles_3cols_20211228_165740_2291584704_600_800_mask.png,"florestas densas e altas,"
53,5,107,11,347,324,454,335,347,324,454,324,454,335,347,335,sub_line_text,text,text_13,arial,regular,9,27styles_3cols_20211228_165740_2291584704_600_800.png,/scratch/parceirosbr/bigoilict/share/BigOil/document_generator/datasets/documents_2021_12_28/27styles_3cols_20211228_165740_2291584704_600_800.png,27styles_3cols_20211228_165740_2291584704_600_800_mask.png,que possibilitam apenas
50,5,101,11,350,339,451,350,350,339,451,339,451,350,350,350,sub_line_text,text,text_13,arial,regular,9,27styles_3cols_20211228_165740_2291584704_600_800.png,/scratch/parceirosbr/bigoilict/share/BigOil/document_generator/datasets/documents_2021_12_28/27styles_3cols_20211228_165740_2291584704_600_800.png,27styles_3cols_20211228_165740_2291584704_600_800_mask.png,o mapeamento da copa.
54,50,108,101,347,249,455,350,347,249,455,249,455,350,347,350,text,text,text_13,arial,regular,9,27styles_3cols_20211228_165740_2291584704_600_800.png,/scratch/parceirosbr/bigoilict/share/BigOil/document_generator/datasets/documents_2021_12_28/27styles_3cols_20211228_165740_2291584704_600_800.png,27styles_3cols_20211228_165740_2291584704_600_800_mask.png,nan
50,5,101,11,353,360,454,371,353,360,454,360,454,371,353,371,sub_line_text,text,text_14,arial,regular,9,27styles_3cols_20211228_165740_2291584704_600_800.png,/scratch/parceirosbr/bigoilict/share/BigOil/document_generator/datasets/documents_2021_12_28/27styles_3cols_20211228_165740_2291584704_600_800.png,27styles_3cols_20211228_165740_2291584704_600_800_mask.png,A diminuição de 22% do
48,5,96,11,355,375,451,386,355,375,451,375,451,386,355,386,sub_line_text,text,text_14,arial,regular,9,27styles_3cols_20211228_165740_2291584704_600_800.png,/scratch/parceirosbr/bigoilict/share/BigOil/document_generator/datasets/documents_2021_12_28/27styles_3cols_20211228_165740_2291584704_600_800.png,27styles_3cols_20211228_165740_2291584704_600_800_mask.png,parque agroindustrial
51,5,103,11,352,390,455,401,352,390,455,390,455,401,352,401,sub_line_text,text,text_14,arial,regular,9,27styles_3cols_20211228_165740_2291584704_600_800.png,/scratch/parceirosbr/bigoilict/share/BigOil/document_generator/datasets/documents_2021_12_28/27styles_3cols_20211228_165740_2291584704_600_800.png,27styles_3cols_20211228_165740_2291584704_600_800_mask.png,brasileiro entre as safras
46,5,93,11,357,405,450,416,357,405,450,405,450,416,357,416,sub_line_text,text,text_14,arial,regular,9,27styles_3cols_20211228_165740_2291584704_600_800.png,/scratch/parceirosbr/bigoilict/share/BigOil/document_generator/datasets/documents_2021_12_28/27styles_3cols_20211228_165740_2291584704_600_800.png,27styles_3cols_20211228_165740_2291584704_600_800_mask.png,de 1990/91 e 2001/02.
49,5,99,11,354,420,453,431,354,420,453,420,453,431,354,431,sub_line_text,text,text_14,arial,regular,9,27styles_3cols_20211228_165740_2291584704_600_800.png,/scratch/parceirosbr/bigoilict/share/BigOil/document_generator/datasets/documents_2021_12_28/27styles_3cols_20211228_165740_2291584704_600_800.png,27styles_3cols_20211228_165740_2291584704_600_800_mask.png,"Porém, desde 2011, os"
41,5,82,11,362,435,444,446,362,435,444,435,444,446,362,446,sub_line_text,text,text_14,arial,regular,9,27styles_3cols_20211228_165740_2291584704_600_800.png,/scratch/parceirosbr/bigoilict/share/BigOil/document_generator/datasets/documents_2021_12_28/27styles_3cols_20211228_165740_2291584704_600_800.png,27styles_3cols_20211228_165740_2291584704_600_800_mask.png,preços do propano.
51,43,103,86,352,360,455,446,352,360,455,360,455,446,352,446,text,text,text_14,arial,regular,9,27styles_3cols_20211228_165740_2291584704_600_800.png,/scratch/parceirosbr/bigoilict/share/BigOil/document_generator/datasets/documents_2021_12_28/27styles_3cols_20211228_165740_2291584704_600_800.png,27styles_3cols_20211228_165740_2291584704_600_800_mask.png,nan
45,5,91,11,353,456,444,467,353,456,444,456,444,467,353,467,sub_line_text,text,text_15,arial,regular,9,27styles_3cols_20211228_165740_2291584704_600_800.png,/scratch/parceirosbr/bigoilict/share/BigOil/document_generator/datasets/documents_2021_12_28/27styles_3cols_20211228_165740_2291584704_600_800.png,27styles_3cols_20211228_165740_2291584704_600_800_mask.png,A corrente mistura de
35,5,70,11,364,471,434,482,364,471,434,471,434,482,364,482,sub_line_text,text,text_15,arial,regular,9,27styles_3cols_20211228_165740_2291584704_600_800.png,/scratch/parceirosbr/bigoilict/share/BigOil/document_generator/datasets/documents_2021_12_28/27styles_3cols_20211228_165740_2291584704_600_800.png,27styles_3cols_20211228_165740_2291584704_600_800_mask.png,gases é formada
52,5,105,11,346,486,451,497,346,486,451,486,451,497,346,497,sub_line_text,text,text_15,arial,regular,9,27styles_3cols_20211228_165740_2291584704_600_800.png,/scratch/parceirosbr/bigoilict/share/BigOil/document_generator/datasets/documents_2021_12_28/27styles_3cols_20211228_165740_2291584704_600_800.png,27styles_3cols_20211228_165740_2291584704_600_800_mask.png,"principalmente por ,O2 e."
56,5,112,11,343,501,455,512,343,501,455,501,455,512,343,512,sub_line_text,text,text_15,arial,regular,9,27styles_3cols_20211228_165740_2291584704_600_800.png,/scratch/parceirosbr/bigoilict/share/BigOil/document_generator/datasets/documents_2021_12_28/27styles_3cols_20211228_165740_2291584704_600_800.png,27styles_3cols_20211228_165740_2291584704_600_800_mask.png,A comparison between the
47,5,95,11,351,516,446,527,351,516,446,516,446,527,351,527,sub_line_text,text,text_15,arial,regular,9,27styles_3cols_20211228_165740_2291584704_600_800.png,/scratch/parceirosbr/bigoilict/share/BigOil/document_generator/datasets/documents_2021_12_28/27styles_3cols_20211228_165740_2291584704_600_800.png,27styles_3cols_20211228_165740_2291584704_600_800_mask.png,results obtained in that
55,5,110,11,344,531,454,542,344,531,454,531,454,542,344,542,sub_line_text,text,text_15,arial,regular,9,27styles_3cols_20211228_165740_2291584704_600_800.png,/scratch/parceirosbr/bigoilict/share/BigOil/document_generator/datasets/documents_2021_12_28/27styles_3cols_20211228_165740_2291584704_600_800.png,27styles_3cols_20211228_165740_2291584704_600_800_mask.png,work with results available
52,5,104,11,347,546,451,557,347,546,451,546,451,557,347,557,sub_line_text,text,text_15,arial,regular,9,27styles_3cols_20211228_165740_2291584704_600_800.png,/scratch/parceirosbr/bigoilict/share/BigOil/document_generator/datasets/documents_2021_12_28/27styles_3cols_20211228_165740_2291584704_600_800.png,27styles_3cols_20211228_165740_2291584704_600_800_mask.png,in literature obtained with
36,5,73,11,362,561,435,572,362,561,435,561,435,572,362,572,sub_line_text,text,text_15,arial,regular,9,27styles_3cols_20211228_165740_2291584704_600_800.png,/scratch/parceirosbr/bigoilict/share/BigOil/document_generator/datasets/documents_2021_12_28/27styles_3cols_20211228_165740_2291584704_600_800.png,27styles_3cols_20211228_165740_2291584704_600_800_mask.png,another modelling
44,5,88,11,355,576,443,587,355,576,443,576,443,587,355,587,sub_line_text,text,text_15,arial,regular,9,27styles_3cols_20211228_165740_2291584704_600_800.png,/scratch/parceirosbr/bigoilict/share/BigOil/document_generator/datasets/documents_2021_12_28/27styles_3cols_20211228_165740_2291584704_600_800.png,27styles_3cols_20211228_165740_2291584704_600_800_mask.png,approach is made to.
56,65,112,131,343,456,455,587,343,456,455,456,455,587,343,587,text,text,text_15,arial,regular,9,27styles_3cols_20211228_165740_2291584704_600_800.png,/scratch/parceirosbr/bigoilict/share/BigOil/document_generator/datasets/documents_2021_12_28/27styles_3cols_20211228_165740_2291584704_600_800.png,27styles_3cols_20211228_165740_2291584704_600_800_mask.png,nan
48,5,96,11,353,597,449,608,353,597,449,597,449,608,353,608,sub_line_text,text,text_16,arial,regular,9,27styles_3cols_20211228_165740_2291584704_600_800.png,/scratch/parceirosbr/bigoilict/share/BigOil/document_generator/datasets/documents_2021_12_28/27styles_3cols_20211228_165740_2291584704_600_800.png,27styles_3cols_20211228_165740_2291584704_600_800_mask.png,Guidance document on
45,5,91,11,355,612,446,623,355,612,446,612,446,623,355,623,sub_line_text,text,text_16,arial,regular,9,27styles_3cols_20211228_165740_2291584704_600_800.png,/scratch/parceirosbr/bigoilict/share/BigOil/document_generator/datasets/documents_2021_12_28/27styles_3cols_20211228_165740_2291584704_600_800.png,27styles_3cols_20211228_165740_2291584704_600_800_mask.png,control of toxicity test
54,5,108,11,347,627,455,638,347,627,455,627,455,638,347,638,sub_line_text,text,text_16,arial,regular,9,27styles_3cols_20211228_165740_2291584704_600_800.png,/scratch/parceirosbr/bigoilict/share/BigOil/document_generator/datasets/documents_2021_12_28/27styles_3cols_20211228_165740_2291584704_600_800.png,27styles_3cols_20211228_165740_2291584704_600_800_mask.png,precision using77 reference
42,5,85,11,358,642,443,653,358,642,443,642,443,653,358,653,sub_line_text,text,text_16,arial,regular,9,27styles_3cols_20211228_165740_2291584704_600_800.png,/scratch/parceirosbr/bigoilict/share/BigOil/document_generator/datasets/documents_2021_12_28/27styles_3cols_20211228_165740_2291584704_600_800.png,27styles_3cols_20211228_165740_2291584704_600_800_mask.png,toxicants.  No caso.
54,28,108,56,347,597,455,653,347,597,455,597,455,653,347,653,text,text,text_16,arial,regular,9,27styles_3cols_20211228_165740_2291584704_600_800.png,/scratch/parceirosbr/bigoilict/share/BigOil/document_generator/datasets/documents_2021_12_28/27styles_3cols_20211228_165740_2291584704_600_800.png,27styles_3cols_20211228_165740_2291584704_600_800_mask.png,nan
