center_x,center_y,width,height,xmin,ymin,xmax,ymax,top_left_x,top_left_y,top_right_x,top_right_y,bottom_right_x,bottom_right_y,bottom_left_x,bottom_left_y,label,grouplabel,group,text_font,text_style,size_font,filename,path,filename_mask,content
300,400,600,800,0,0,600,800,0,0,600,0,600,800,0,800,document,,,,,,27styles_3cols_20211228_165748_8309914291_600_800.png,/scratch/parceirosbr/bigoilict/share/BigOil/document_generator/datasets/documents_2021_12_28/27styles_3cols_20211228_165748_8309914291_600_800.png,27styles_3cols_20211228_165748_8309914291_600_800_mask.png,
35,5,70,10,180,94,250,104,180,94,250,94,250,104,180,104,sub_line_text,text,text_0,courier,regular,9,27styles_3cols_20211228_165748_8309914291_600_800.png,/scratch/parceirosbr/bigoilict/share/BigOil/document_generator/datasets/documents_2021_12_28/27styles_3cols_20211228_165748_8309914291_600_800.png,27styles_3cols_20211228_165748_8309914291_600_800_mask.png,Considerando a
47,5,95,10,150,110,245,120,150,110,245,110,245,120,150,120,sub_line_text,text,text_0,courier,regular,9,27styles_3cols_20211228_165748_8309914291_600_800.png,/scratch/parceirosbr/bigoilict/share/BigOil/document_generator/datasets/documents_2021_12_28/27styles_3cols_20211228_165748_8309914291_600_800.png,27styles_3cols_20211228_165748_8309914291_600_800_mask.png,equação de (Equação
57,5,114,10,142,126,256,136,142,126,256,126,256,136,142,136,sub_line_text,text,text_0,courier,regular,9,27styles_3cols_20211228_165748_8309914291_600_800.png,/scratch/parceirosbr/bigoilict/share/BigOil/document_generator/datasets/documents_2021_12_28/27styles_3cols_20211228_165748_8309914291_600_800.png,27styles_3cols_20211228_165748_8309914291_600_800_mask.png,"13), as variáveis g e f"
52,5,105,10,145,142,250,152,145,142,250,142,250,152,145,152,sub_line_text,text,text_0,courier,regular,9,27styles_3cols_20211228_165748_8309914291_600_800.png,/scratch/parceirosbr/bigoilict/share/BigOil/document_generator/datasets/documents_2021_12_28/27styles_3cols_20211228_165748_8309914291_600_800.png,27styles_3cols_20211228_165748_8309914291_600_800_mask.png,( através da 14)agora
55,5,110,10,143,158,253,168,143,158,253,158,253,168,143,168,sub_line_text,text,text_0,courier,regular,9,27styles_3cols_20211228_165748_8309914291_600_800.png,/scratch/parceirosbr/bigoilict/share/BigOil/document_generator/datasets/documents_2021_12_28/27styles_3cols_20211228_165748_8309914291_600_800.png,27styles_3cols_20211228_165748_8309914291_600_800_mask.png,estão determinadas.  A
52,5,105,10,145,174,250,184,145,174,250,174,250,184,145,184,sub_line_text,text,text_0,courier,regular,9,27styles_3cols_20211228_165748_8309914291_600_800.png,/scratch/parceirosbr/bigoilict/share/BigOil/document_generator/datasets/documents_2021_12_28/27styles_3cols_20211228_165748_8309914291_600_800.png,27styles_3cols_20211228_165748_8309914291_600_800_mask.png,autonomia regulatória
52,5,105,10,145,190,250,200,145,190,250,190,250,200,145,200,sub_line_text,text,text_0,courier,regular,9,27styles_3cols_20211228_165748_8309914291_600_800.png,/scratch/parceirosbr/bigoilict/share/BigOil/document_generator/datasets/documents_2021_12_28/27styles_3cols_20211228_165748_8309914291_600_800.png,27styles_3cols_20211228_165748_8309914291_600_800_mask.png,das agências não é um
58,5,116,10,142,206,258,216,142,206,258,206,258,216,142,216,sub_line_text,text,text_0,courier,regular,9,27styles_3cols_20211228_165748_8309914291_600_800.png,/scratch/parceirosbr/bigoilict/share/BigOil/document_generator/datasets/documents_2021_12_28/27styles_3cols_20211228_165748_8309914291_600_800.png,27styles_3cols_20211228_165748_8309914291_600_800_mask.png,"fim, mas apenas um meio."
58,61,116,122,142,94,258,216,142,94,258,94,258,216,142,216,text,text,text_0,courier,regular,9,27styles_3cols_20211228_165748_8309914291_600_800.png,/scratch/parceirosbr/bigoilict/share/BigOil/document_generator/datasets/documents_2021_12_28/27styles_3cols_20211228_165748_8309914291_600_800.png,27styles_3cols_20211228_165748_8309914291_600_800_mask.png,nan
32,5,65,10,185,225,250,235,185,225,250,225,250,235,185,235,sub_line_text,text,text_1,courier,regular,9,27styles_3cols_20211228_165748_8309914291_600_800.png,/scratch/parceirosbr/bigoilict/share/BigOil/document_generator/datasets/documents_2021_12_28/27styles_3cols_20211228_165748_8309914291_600_800.png,27styles_3cols_20211228_165748_8309914291_600_800_mask.png,"At that time,"
57,5,115,10,143,241,258,251,143,241,258,241,258,251,143,251,sub_line_text,text,text_1,courier,regular,9,27styles_3cols_20211228_165748_8309914291_600_800.png,/scratch/parceirosbr/bigoilict/share/BigOil/document_generator/datasets/documents_2021_12_28/27styles_3cols_20211228_165748_8309914291_600_800.png,27styles_3cols_20211228_165748_8309914291_600_800_mask.png,interest in culture was
52,5,105,10,148,257,253,267,148,257,253,257,253,267,148,267,sub_line_text,text,text_1,courier,regular,9,27styles_3cols_20211228_165748_8309914291_600_800.png,/scratch/parceirosbr/bigoilict/share/BigOil/document_generator/datasets/documents_2021_12_28/27styles_3cols_20211228_165748_8309914291_600_800.png,27styles_3cols_20211228_165748_8309914291_600_800_mask.png,"not in the grain, but"
50,5,100,10,150,273,250,283,150,273,250,273,250,283,150,283,sub_line_text,text,text_1,courier,regular,9,27styles_3cols_20211228_165748_8309914291_600_800.png,/scratch/parceirosbr/bigoilict/share/BigOil/document_generator/datasets/documents_2021_12_28/27styles_3cols_20211228_165748_8309914291_600_800.png,27styles_3cols_20211228_165748_8309914291_600_800_mask.png,"in the plant itself,"
52,5,105,10,148,289,253,299,148,289,253,289,253,299,148,299,sub_line_text,text,text_1,courier,regular,9,27styles_3cols_20211228_165748_8309914291_600_800.png,/scratch/parceirosbr/bigoilict/share/BigOil/document_generator/datasets/documents_2021_12_28/27styles_3cols_20211228_165748_8309914291_600_800.png,27styles_3cols_20211228_165748_8309914291_600_800_mask.png,used as forage and in
45,5,90,10,155,305,245,315,155,305,245,305,245,315,155,315,sub_line_text,text,text_1,courier,regular,9,27styles_3cols_20211228_165748_8309914291_600_800.png,/scratch/parceirosbr/bigoilict/share/BigOil/document_generator/datasets/documents_2021_12_28/27styles_3cols_20211228_165748_8309914291_600_800.png,27styles_3cols_20211228_165748_8309914291_600_800_mask.png,crop rotation.  As
52,5,105,10,148,321,253,331,148,321,253,321,253,331,148,331,sub_line_text,text,text_1,courier,regular,9,27styles_3cols_20211228_165748_8309914291_600_800.png,/scratch/parceirosbr/bigoilict/share/BigOil/document_generator/datasets/documents_2021_12_28/27styles_3cols_20211228_165748_8309914291_600_800.png,27styles_3cols_20211228_165748_8309914291_600_800_mask.png,propriedades do óleo.
57,53,115,106,143,225,258,331,143,225,258,225,258,331,143,331,text,text,text_1,courier,regular,9,27styles_3cols_20211228_165748_8309914291_600_800.png,/scratch/parceirosbr/bigoilict/share/BigOil/document_generator/datasets/documents_2021_12_28/27styles_3cols_20211228_165748_8309914291_600_800.png,27styles_3cols_20211228_165748_8309914291_600_800_mask.png,nan
22,5,45,10,198,340,243,350,198,340,243,340,243,350,198,350,sub_line_text,text,text_2,courier,regular,9,27styles_3cols_20211228_165748_8309914291_600_800.png,/scratch/parceirosbr/bigoilict/share/BigOil/document_generator/datasets/documents_2021_12_28/27styles_3cols_20211228_165748_8309914291_600_800.png,27styles_3cols_20211228_165748_8309914291_600_800_mask.png,Study the
40,5,80,10,163,356,243,366,163,356,243,356,243,366,163,366,sub_line_text,text,text_2,courier,regular,9,27styles_3cols_20211228_165748_8309914291_600_800.png,/scratch/parceirosbr/bigoilict/share/BigOil/document_generator/datasets/documents_2021_12_28/27styles_3cols_20211228_165748_8309914291_600_800.png,27styles_3cols_20211228_165748_8309914291_600_800_mask.png,stability of the
55,5,110,10,148,372,258,382,148,372,258,372,258,382,148,382,sub_line_text,text,text_2,courier,regular,9,27styles_3cols_20211228_165748_8309914291_600_800.png,/scratch/parceirosbr/bigoilict/share/BigOil/document_generator/datasets/documents_2021_12_28/27styles_3cols_20211228_165748_8309914291_600_800.png,27styles_3cols_20211228_165748_8309914291_600_800_mask.png,micelles formed by the
29,5,59,10,173,388,232,398,173,388,232,388,232,398,173,398,sub_line_text,text,text_2,courier,regular,9,27styles_3cols_20211228_165748_8309914291_600_800.png,/scratch/parceirosbr/bigoilict/share/BigOil/document_generator/datasets/documents_2021_12_28/27styles_3cols_20211228_165748_8309914291_600_800.png,27styles_3cols_20211228_165748_8309914291_600_800_mask.png,presence of43
52,5,105,10,150,404,255,414,150,404,255,404,255,414,150,414,sub_line_text,text,text_2,courier,regular,9,27styles_3cols_20211228_165748_8309914291_600_800.png,/scratch/parceirosbr/bigoilict/share/BigOil/document_generator/datasets/documents_2021_12_28/27styles_3cols_20211228_165748_8309914291_600_800.png,27styles_3cols_20211228_165748_8309914291_600_800_mask.png,surfactants and salt.
50,5,100,10,153,420,253,430,153,420,253,420,253,430,153,430,sub_line_text,text,text_2,courier,regular,9,27styles_3cols_20211228_165748_8309914291_600_800.png,/scratch/parceirosbr/bigoilict/share/BigOil/document_generator/datasets/documents_2021_12_28/27styles_3cols_20211228_165748_8309914291_600_800.png,27styles_3cols_20211228_165748_8309914291_600_800_mask.png,determinado pela dos
55,5,110,10,148,436,258,446,148,436,258,436,258,446,148,446,sub_line_text,text,text_2,courier,regular,9,27styles_3cols_20211228_165748_8309914291_600_800.png,/scratch/parceirosbr/bigoilict/share/BigOil/document_generator/datasets/documents_2021_12_28/27styles_3cols_20211228_165748_8309914291_600_800.png,27styles_3cols_20211228_165748_8309914291_600_800_mask.png,"que revende, a varejo,"
30,5,60,10,173,452,233,462,173,452,233,452,233,462,173,462,sub_line_text,text,text_2,courier,regular,9,27styles_3cols_20211228_165748_8309914291_600_800.png,/scratch/parceirosbr/bigoilict/share/BigOil/document_generator/datasets/documents_2021_12_28/27styles_3cols_20211228_165748_8309914291_600_800.png,27styles_3cols_20211228_165748_8309914291_600_800_mask.png,combustíveis
55,5,110,10,148,468,258,478,148,468,258,468,258,478,148,478,sub_line_text,text,text_2,courier,regular,9,27styles_3cols_20211228_165748_8309914291_600_800.png,/scratch/parceirosbr/bigoilict/share/BigOil/document_generator/datasets/documents_2021_12_28/27styles_3cols_20211228_165748_8309914291_600_800.png,27styles_3cols_20211228_165748_8309914291_600_800_mask.png,automotivos e abastece
52,5,105,10,150,484,255,494,150,484,255,484,255,494,150,494,sub_line_text,text,text_2,courier,regular,9,27styles_3cols_20211228_165748_8309914291_600_800.png,/scratch/parceirosbr/bigoilict/share/BigOil/document_generator/datasets/documents_2021_12_28/27styles_3cols_20211228_165748_8309914291_600_800.png,27styles_3cols_20211228_165748_8309914291_600_800_mask.png,tanque de consumo de.
55,77,110,154,148,340,258,494,148,340,258,340,258,494,148,494,text,text,text_2,courier,regular,9,27styles_3cols_20211228_165748_8309914291_600_800.png,/scratch/parceirosbr/bigoilict/share/BigOil/document_generator/datasets/documents_2021_12_28/27styles_3cols_20211228_165748_8309914291_600_800.png,27styles_3cols_20211228_165748_8309914291_600_800_mask.png,nan
7,5,15,10,210,503,225,513,210,503,225,503,225,513,210,513,sub_line_text,text,text_3,courier,regular,9,27styles_3cols_20211228_165748_8309914291_600_800.png,/scratch/parceirosbr/bigoilict/share/BigOil/document_generator/datasets/documents_2021_12_28/27styles_3cols_20211228_165748_8309914291_600_800.png,27styles_3cols_20211228_165748_8309914291_600_800_mask.png,The
40,5,80,10,160,519,240,529,160,519,240,519,240,529,160,529,sub_line_text,text,text_3,courier,regular,9,27styles_3cols_20211228_165748_8309914291_600_800.png,/scratch/parceirosbr/bigoilict/share/BigOil/document_generator/datasets/documents_2021_12_28/27styles_3cols_20211228_165748_8309914291_600_800.png,27styles_3cols_20211228_165748_8309914291_600_800_mask.png,participation of
52,5,105,10,148,535,253,545,148,535,253,535,253,545,148,545,sub_line_text,text,text_3,courier,regular,9,27styles_3cols_20211228_165748_8309914291_600_800.png,/scratch/parceirosbr/bigoilict/share/BigOil/document_generator/datasets/documents_2021_12_28/27styles_3cols_20211228_165748_8309914291_600_800.png,27styles_3cols_20211228_165748_8309914291_600_800_mask.png,family farming in the
57,5,115,10,143,551,258,561,143,551,258,551,258,561,143,561,sub_line_text,text,text_3,courier,regular,9,27styles_3cols_20211228_165748_8309914291_600_800.png,/scratch/parceirosbr/bigoilict/share/BigOil/document_generator/datasets/documents_2021_12_28/27styles_3cols_20211228_165748_8309914291_600_800.png,27styles_3cols_20211228_165748_8309914291_600_800_mask.png,production of biodiesel
45,5,90,10,155,567,245,577,155,567,245,567,245,577,155,577,sub_line_text,text,text_3,courier,regular,9,27styles_3cols_20211228_165748_8309914291_600_800.png,/scratch/parceirosbr/bigoilict/share/BigOil/document_generator/datasets/documents_2021_12_28/27styles_3cols_20211228_165748_8309914291_600_800.png,27styles_3cols_20211228_165748_8309914291_600_800_mask.png,is only guaranteed
47,5,95,10,153,583,248,593,153,583,248,583,248,593,153,593,sub_line_text,text,text_3,courier,regular,9,27styles_3cols_20211228_165748_8309914291_600_800.png,/scratch/parceirosbr/bigoilict/share/BigOil/document_generator/datasets/documents_2021_12_28/27styles_3cols_20211228_165748_8309914291_600_800.png,27styles_3cols_20211228_165748_8309914291_600_800_mask.png,because part of the
48,5,96,10,152,599,248,609,152,599,248,599,248,609,152,609,sub_line_text,text,text_3,courier,regular,9,27styles_3cols_20211228_165748_8309914291_600_800.png,/scratch/parceirosbr/bigoilict/share/BigOil/document_generator/datasets/documents_2021_12_28/27styles_3cols_20211228_165748_8309914291_600_800.png,27styles_3cols_20211228_165748_8309914291_600_800_mask.png,volume of biodiesel
50,5,100,10,150,615,250,625,150,615,250,615,250,625,150,625,sub_line_text,text,text_3,courier,regular,9,27styles_3cols_20211228_165748_8309914291_600_800.png,/scratch/parceirosbr/bigoilict/share/BigOil/document_generator/datasets/documents_2021_12_28/27styles_3cols_20211228_165748_8309914291_600_800.png,27styles_3cols_20211228_165748_8309914291_600_800_mask.png,sold in auctions is.
57,61,115,122,143,503,258,625,143,503,258,503,258,625,143,625,text,text,text_3,courier,regular,9,27styles_3cols_20211228_165748_8309914291_600_800.png,/scratch/parceirosbr/bigoilict/share/BigOil/document_generator/datasets/documents_2021_12_28/27styles_3cols_20211228_165748_8309914291_600_800.png,27styles_3cols_20211228_165748_8309914291_600_800_mask.png,nan
35,5,70,10,188,634,258,644,188,634,258,634,258,644,188,644,sub_line_text,text,text_4,courier,regular,9,27styles_3cols_20211228_165748_8309914291_600_800.png,/scratch/parceirosbr/bigoilict/share/BigOil/document_generator/datasets/documents_2021_12_28/27styles_3cols_20211228_165748_8309914291_600_800.png,27styles_3cols_20211228_165748_8309914291_600_800_mask.png,It was decided
35,5,70,10,170,650,240,660,170,650,240,650,240,660,170,660,sub_line_text,text,text_4,courier,regular,9,27styles_3cols_20211228_165748_8309914291_600_800.png,/scratch/parceirosbr/bigoilict/share/BigOil/document_generator/datasets/documents_2021_12_28/27styles_3cols_20211228_165748_8309914291_600_800.png,27styles_3cols_20211228_165748_8309914291_600_800_mask.png,to change the.
44,13,88,26,170,634,258,660,170,634,258,634,258,660,170,660,text,text,text_4,courier,regular,9,27styles_3cols_20211228_165748_8309914291_600_800.png,/scratch/parceirosbr/bigoilict/share/BigOil/document_generator/datasets/documents_2021_12_28/27styles_3cols_20211228_165748_8309914291_600_800.png,27styles_3cols_20211228_165748_8309914291_600_800_mask.png,nan
30,5,60,10,320,94,380,104,320,94,380,94,380,104,320,104,sub_line_text,text,text_5,courier,regular,9,27styles_3cols_20211228_165748_8309914291_600_800.png,/scratch/parceirosbr/bigoilict/share/BigOil/document_generator/datasets/documents_2021_12_28/27styles_3cols_20211228_165748_8309914291_600_800.png,27styles_3cols_20211228_165748_8309914291_600_800_mask.png,As projeções
57,5,114,10,277,110,391,120,277,110,391,110,391,120,277,120,sub_line_text,text,text_5,courier,regular,9,27styles_3cols_20211228_165748_8309914291_600_800.png,/scratch/parceirosbr/bigoilict/share/BigOil/document_generator/datasets/documents_2021_12_28/27styles_3cols_20211228_165748_8309914291_600_800.png,27styles_3cols_20211228_165748_8309914291_600_800_mask.png,destes três estudos são
32,5,65,10,300,126,365,136,300,126,365,126,365,136,300,136,sub_line_text,text,text_5,courier,regular,9,27styles_3cols_20211228_165748_8309914291_600_800.png,/scratch/parceirosbr/bigoilict/share/BigOil/document_generator/datasets/documents_2021_12_28/27styles_3cols_20211228_165748_8309914291_600_800.png,27styles_3cols_20211228_165748_8309914291_600_800_mask.png,utilizadas no
55,5,110,10,278,142,388,152,278,142,388,142,388,152,278,152,sub_line_text,text,text_5,courier,regular,9,27styles_3cols_20211228_165748_8309914291_600_800.png,/scratch/parceirosbr/bigoilict/share/BigOil/document_generator/datasets/documents_2021_12_28/27styles_3cols_20211228_165748_8309914291_600_800.png,27styles_3cols_20211228_165748_8309914291_600_800_mask.png,planejamento de vários
32,5,65,10,300,158,365,168,300,158,365,158,365,168,300,168,sub_line_text,text,text_5,courier,regular,9,27styles_3cols_20211228_165748_8309914291_600_800.png,/scratch/parceirosbr/bigoilict/share/BigOil/document_generator/datasets/documents_2021_12_28/27styles_3cols_20211228_165748_8309914291_600_800.png,27styles_3cols_20211228_165748_8309914291_600_800_mask.png,"países, sendo"
30,5,60,10,303,174,363,184,303,174,363,174,363,184,303,184,sub_line_text,text,text_5,courier,regular,9,27styles_3cols_20211228_165748_8309914291_600_800.png,/scratch/parceirosbr/bigoilict/share/BigOil/document_generator/datasets/documents_2021_12_28/27styles_3cols_20211228_165748_8309914291_600_800.png,27styles_3cols_20211228_165748_8309914291_600_800_mask.png,mundialmente
58,5,116,10,277,190,393,200,277,190,393,190,393,200,277,200,sub_line_text,text,text_5,courier,regular,9,27styles_3cols_20211228_165748_8309914291_600_800.png,/scratch/parceirosbr/bigoilict/share/BigOil/document_generator/datasets/documents_2021_12_28/27styles_3cols_20211228_165748_8309914291_600_800.png,27styles_3cols_20211228_165748_8309914291_600_800_mask.png,reconhecidas.  Both the.
58,53,116,106,277,94,393,200,277,94,393,94,393,200,277,200,text,text,text_5,courier,regular,9,27styles_3cols_20211228_165748_8309914291_600_800.png,/scratch/parceirosbr/bigoilict/share/BigOil/document_generator/datasets/documents_2021_12_28/27styles_3cols_20211228_165748_8309914291_600_800.png,27styles_3cols_20211228_165748_8309914291_600_800_mask.png,nan
32,5,65,10,320,209,385,219,320,209,385,209,385,219,320,219,sub_line_text,text,text_6,courier,regular,9,27styles_3cols_20211228_165748_8309914291_600_800.png,/scratch/parceirosbr/bigoilict/share/BigOil/document_generator/datasets/documents_2021_12_28/27styles_3cols_20211228_165748_8309914291_600_800.png,27styles_3cols_20211228_165748_8309914291_600_800_mask.png,Os trechos de
55,5,110,10,280,225,390,235,280,225,390,225,390,235,280,235,sub_line_text,text,text_6,courier,regular,9,27styles_3cols_20211228_165748_8309914291_600_800.png,/scratch/parceirosbr/bigoilict/share/BigOil/document_generator/datasets/documents_2021_12_28/27styles_3cols_20211228_165748_8309914291_600_800.png,27styles_3cols_20211228_165748_8309914291_600_800_mask.png,códigos são explicados
55,5,110,10,280,241,390,251,280,241,390,241,390,251,280,251,sub_line_text,text,text_6,courier,regular,9,27styles_3cols_20211228_165748_8309914291_600_800.png,/scratch/parceirosbr/bigoilict/share/BigOil/document_generator/datasets/documents_2021_12_28/27styles_3cols_20211228_165748_8309914291_600_800.png,27styles_3cols_20211228_165748_8309914291_600_800_mask.png,utilizando como base a
57,5,115,10,278,257,393,267,278,257,393,257,393,267,278,267,sub_line_text,text,text_6,courier,regular,9,27styles_3cols_20211228_165748_8309914291_600_800.png,/scratch/parceirosbr/bigoilict/share/BigOil/document_generator/datasets/documents_2021_12_28/27styles_3cols_20211228_165748_8309914291_600_800.png,27styles_3cols_20211228_165748_8309914291_600_800_mask.png,numeração das linhas de
55,5,110,10,280,273,390,283,280,273,390,273,390,283,280,283,sub_line_text,text,text_6,courier,regular,9,27styles_3cols_20211228_165748_8309914291_600_800.png,/scratch/parceirosbr/bigoilict/share/BigOil/document_generator/datasets/documents_2021_12_28/27styles_3cols_20211228_165748_8309914291_600_800.png,27styles_3cols_20211228_165748_8309914291_600_800_mask.png,código. 5.2.1.  In the
50,5,100,10,285,289,385,299,285,289,385,289,385,299,285,299,sub_line_text,text,text_6,courier,regular,9,27styles_3cols_20211228_165748_8309914291_600_800.png,/scratch/parceirosbr/bigoilict/share/BigOil/document_generator/datasets/documents_2021_12_28/27styles_3cols_20211228_165748_8309914291_600_800.png,27styles_3cols_20211228_165748_8309914291_600_800_mask.png,"long term, the main."
57,45,115,90,278,209,393,299,278,209,393,209,393,299,278,299,text,text,text_6,courier,regular,9,27styles_3cols_20211228_165748_8309914291_600_800.png,/scratch/parceirosbr/bigoilict/share/BigOil/document_generator/datasets/documents_2021_12_28/27styles_3cols_20211228_165748_8309914291_600_800.png,27styles_3cols_20211228_165748_8309914291_600_800_mask.png,nan
35,5,70,10,318,308,388,318,318,308,388,308,388,318,318,318,sub_line_text,text,text_7,courier,regular,9,27styles_3cols_20211228_165748_8309914291_600_800.png,/scratch/parceirosbr/bigoilict/share/BigOil/document_generator/datasets/documents_2021_12_28/27styles_3cols_20211228_165748_8309914291_600_800.png,27styles_3cols_20211228_165748_8309914291_600_800_mask.png,It is possible
52,5,105,10,283,324,388,334,283,324,388,324,388,334,283,334,sub_line_text,text,text_7,courier,regular,9,27styles_3cols_20211228_165748_8309914291_600_800.png,/scratch/parceirosbr/bigoilict/share/BigOil/document_generator/datasets/documents_2021_12_28/27styles_3cols_20211228_165748_8309914291_600_800.png,27styles_3cols_20211228_165748_8309914291_600_800_mask.png,that such studies and
45,5,90,10,290,340,380,350,290,340,380,340,380,350,290,350,sub_line_text,text,text_7,courier,regular,9,27styles_3cols_20211228_165748_8309914291_600_800.png,/scratch/parceirosbr/bigoilict/share/BigOil/document_generator/datasets/documents_2021_12_28/27styles_3cols_20211228_165748_8309914291_600_800.png,27styles_3cols_20211228_165748_8309914291_600_800_mask.png,procedures will be
57,5,115,10,278,356,393,366,278,356,393,356,393,366,278,366,sub_line_text,text,text_7,courier,regular,9,27styles_3cols_20211228_165748_8309914291_600_800.png,/scratch/parceirosbr/bigoilict/share/BigOil/document_generator/datasets/documents_2021_12_28/27styles_3cols_20211228_165748_8309914291_600_800.png,27styles_3cols_20211228_165748_8309914291_600_800_mask.png,defined in the scope of
52,5,105,10,283,372,388,382,283,372,388,372,388,382,283,382,sub_line_text,text,text_7,courier,regular,9,27styles_3cols_20211228_165748_8309914291_600_800.png,/scratch/parceirosbr/bigoilict/share/BigOil/document_generator/datasets/documents_2021_12_28/27styles_3cols_20211228_165748_8309914291_600_800.png,27styles_3cols_20211228_165748_8309914291_600_800_mask.png,a set of new types of
27,5,55,10,308,388,363,398,308,388,363,388,363,398,308,398,sub_line_text,text,text_7,courier,regular,9,27styles_3cols_20211228_165748_8309914291_600_800.png,/scratch/parceirosbr/bigoilict/share/BigOil/document_generator/datasets/documents_2021_12_28/27styles_3cols_20211228_165748_8309914291_600_800.png,27styles_3cols_20211228_165748_8309914291_600_800_mask.png,permitting.
57,45,115,90,278,308,393,398,278,308,393,308,393,398,278,398,text,text,text_7,courier,regular,9,27styles_3cols_20211228_165748_8309914291_600_800.png,/scratch/parceirosbr/bigoilict/share/BigOil/document_generator/datasets/documents_2021_12_28/27styles_3cols_20211228_165748_8309914291_600_800.png,27styles_3cols_20211228_165748_8309914291_600_800_mask.png,nan
17,5,35,10,335,407,370,417,335,407,370,407,370,417,335,417,sub_line_text,text,text_8,courier,regular,9,27styles_3cols_20211228_165748_8309914291_600_800.png,/scratch/parceirosbr/bigoilict/share/BigOil/document_generator/datasets/documents_2021_12_28/27styles_3cols_20211228_165748_8309914291_600_800.png,27styles_3cols_20211228_165748_8309914291_600_800_mask.png,Several
35,5,70,10,300,423,370,433,300,423,370,423,370,433,300,433,sub_line_text,text,text_8,courier,regular,9,27styles_3cols_20211228_165748_8309914291_600_800.png,/scratch/parceirosbr/bigoilict/share/BigOil/document_generator/datasets/documents_2021_12_28/27styles_3cols_20211228_165748_8309914291_600_800.png,27styles_3cols_20211228_165748_8309914291_600_800_mask.png,countries have
57,5,115,10,278,439,393,449,278,439,393,439,393,449,278,449,sub_line_text,text,text_8,courier,regular,9,27styles_3cols_20211228_165748_8309914291_600_800.png,/scratch/parceirosbr/bigoilict/share/BigOil/document_generator/datasets/documents_2021_12_28/27styles_3cols_20211228_165748_8309914291_600_800.png,27styles_3cols_20211228_165748_8309914291_600_800_mask.png,implemented regulations
47,5,95,10,288,455,383,465,288,455,383,455,383,465,288,465,sub_line_text,text,text_8,courier,regular,9,27styles_3cols_20211228_165748_8309914291_600_800.png,/scratch/parceirosbr/bigoilict/share/BigOil/document_generator/datasets/documents_2021_12_28/27styles_3cols_20211228_165748_8309914291_600_800.png,27styles_3cols_20211228_165748_8309914291_600_800_mask.png,that aim to prevent
54,5,109,10,281,471,390,481,281,471,390,471,390,481,281,481,sub_line_text,text,text_8,courier,regular,9,27styles_3cols_20211228_165748_8309914291_600_800.png,/scratch/parceirosbr/bigoilict/share/BigOil/document_generator/datasets/documents_2021_12_28/27styles_3cols_20211228_165748_8309914291_600_800.png,27styles_3cols_20211228_165748_8309914291_600_800_mask.png,verticalization49 and /
55,5,110,10,280,487,390,497,280,487,390,487,390,497,280,497,sub_line_text,text,text_8,courier,regular,9,27styles_3cols_20211228_165748_8309914291_600_800.png,/scratch/parceirosbr/bigoilict/share/BigOil/document_generator/datasets/documents_2021_12_28/27styles_3cols_20211228_165748_8309914291_600_800.png,27styles_3cols_20211228_165748_8309914291_600_800_mask.png,or its harmful effects
42,5,85,10,293,503,378,513,293,503,378,503,378,513,293,513,sub_line_text,text,text_8,courier,regular,9,27styles_3cols_20211228_165748_8309914291_600_800.png,/scratch/parceirosbr/bigoilict/share/BigOil/document_generator/datasets/documents_2021_12_28/27styles_3cols_20211228_165748_8309914291_600_800.png,27styles_3cols_20211228_165748_8309914291_600_800_mask.png,on industry75 and.
57,53,115,106,278,407,393,513,278,407,393,407,393,513,278,513,text,text,text_8,courier,regular,9,27styles_3cols_20211228_165748_8309914291_600_800.png,/scratch/parceirosbr/bigoilict/share/BigOil/document_generator/datasets/documents_2021_12_28/27styles_3cols_20211228_165748_8309914291_600_800.png,27styles_3cols_20211228_165748_8309914291_600_800_mask.png,nan
30,5,60,10,323,522,383,532,323,522,383,522,383,532,323,532,sub_line_text,text,text_9,courier,regular,9,27styles_3cols_20211228_165748_8309914291_600_800.png,/scratch/parceirosbr/bigoilict/share/BigOil/document_generator/datasets/documents_2021_12_28/27styles_3cols_20211228_165748_8309914291_600_800.png,27styles_3cols_20211228_165748_8309914291_600_800_mask.png,Os primeiros
27,5,54,10,308,538,362,548,308,538,362,538,362,548,308,548,sub_line_text,text,text_9,courier,regular,9,27styles_3cols_20211228_165748_8309914291_600_800.png,/scratch/parceirosbr/bigoilict/share/BigOil/document_generator/datasets/documents_2021_12_28/27styles_3cols_20211228_165748_8309914291_600_800.png,27styles_3cols_20211228_165748_8309914291_600_800_mask.png,ensaios36 de
50,5,100,10,285,554,385,564,285,554,385,554,385,564,285,564,sub_line_text,text,text_9,courier,regular,9,27styles_3cols_20211228_165748_8309914291_600_800.png,/scratch/parceirosbr/bigoilict/share/BigOil/document_generator/datasets/documents_2021_12_28/27styles_3cols_20211228_165748_8309914291_600_800.png,27styles_3cols_20211228_165748_8309914291_600_800_mask.png,fotodegradação foram
52,5,105,10,283,570,388,580,283,570,388,570,388,580,283,580,sub_line_text,text,text_9,courier,regular,9,27styles_3cols_20211228_165748_8309914291_600_800.png,/scratch/parceirosbr/bigoilict/share/BigOil/document_generator/datasets/documents_2021_12_28/27styles_3cols_20211228_165748_8309914291_600_800.png,27styles_3cols_20211228_165748_8309914291_600_800_mask.png,observados limitações
52,5,105,10,283,586,388,596,283,586,388,586,388,596,283,596,sub_line_text,text,text_9,courier,regular,9,27styles_3cols_20211228_165748_8309914291_600_800.png,/scratch/parceirosbr/bigoilict/share/BigOil/document_generator/datasets/documents_2021_12_28/27styles_3cols_20211228_165748_8309914291_600_800.png,27styles_3cols_20211228_165748_8309914291_600_800_mask.png,analíticas tais como:
57,5,115,10,278,602,393,612,278,602,393,602,393,612,278,612,sub_line_text,text,text_9,courier,regular,9,27styles_3cols_20211228_165748_8309914291_600_800.png,/scratch/parceirosbr/bigoilict/share/BigOil/document_generator/datasets/documents_2021_12_28/27styles_3cols_20211228_165748_8309914291_600_800.png,27styles_3cols_20211228_165748_8309914291_600_800_mask.png,redução do por adsorção
54,5,109,10,281,618,390,628,281,618,390,618,390,628,281,628,sub_line_text,text,text_9,courier,regular,9,27styles_3cols_20211228_165748_8309914291_600_800.png,/scratch/parceirosbr/bigoilict/share/BigOil/document_generator/datasets/documents_2021_12_28/27styles_3cols_20211228_165748_8309914291_600_800.png,27styles_3cols_20211228_165748_8309914291_600_800_mask.png,nas11 mangueiras e nas.
57,53,115,106,278,522,393,628,278,522,393,522,393,628,278,628,text,text,text_9,courier,regular,9,27styles_3cols_20211228_165748_8309914291_600_800.png,/scratch/parceirosbr/bigoilict/share/BigOil/document_generator/datasets/documents_2021_12_28/27styles_3cols_20211228_165748_8309914291_600_800.png,27styles_3cols_20211228_165748_8309914291_600_800_mask.png,nan
37,5,75,10,318,637,393,647,318,637,393,637,393,647,318,647,sub_line_text,text,text_10,courier,regular,9,27styles_3cols_20211228_165748_8309914291_600_800.png,/scratch/parceirosbr/bigoilict/share/BigOil/document_generator/datasets/documents_2021_12_28/27styles_3cols_20211228_165748_8309914291_600_800.png,27styles_3cols_20211228_165748_8309914291_600_800_mask.png,No a principal.
37,5,75,10,318,637,393,647,318,637,393,637,393,647,318,647,text,text,text_10,courier,regular,9,27styles_3cols_20211228_165748_8309914291_600_800.png,/scratch/parceirosbr/bigoilict/share/BigOil/document_generator/datasets/documents_2021_12_28/27styles_3cols_20211228_165748_8309914291_600_800.png,27styles_3cols_20211228_165748_8309914291_600_800_mask.png,nan
32,5,65,10,328,656,393,666,328,656,393,656,393,666,328,666,sub_line_text,text,text_11,courier,regular,9,27styles_3cols_20211228_165748_8309914291_600_800.png,/scratch/parceirosbr/bigoilict/share/BigOil/document_generator/datasets/documents_2021_12_28/27styles_3cols_20211228_165748_8309914291_600_800.png,27styles_3cols_20211228_165748_8309914291_600_800_mask.png,A análise de.
32,5,65,10,328,656,393,666,328,656,393,656,393,666,328,666,text,text,text_11,courier,regular,9,27styles_3cols_20211228_165748_8309914291_600_800.png,/scratch/parceirosbr/bigoilict/share/BigOil/document_generator/datasets/documents_2021_12_28/27styles_3cols_20211228_165748_8309914291_600_800.png,27styles_3cols_20211228_165748_8309914291_600_800_mask.png,nan
37,5,75,10,448,94,523,104,448,94,523,94,523,104,448,104,sub_line_text,text,text_12,courier,regular,9,27styles_3cols_20211228_165748_8309914291_600_800.png,/scratch/parceirosbr/bigoilict/share/BigOil/document_generator/datasets/documents_2021_12_28/27styles_3cols_20211228_165748_8309914291_600_800.png,27styles_3cols_20211228_165748_8309914291_600_800_mask.png,"Por sua vez, as"
52,5,105,10,415,110,520,120,415,110,520,110,520,120,415,120,sub_line_text,text,text_12,courier,regular,9,27styles_3cols_20211228_165748_8309914291_600_800.png,/scratch/parceirosbr/bigoilict/share/BigOil/document_generator/datasets/documents_2021_12_28/27styles_3cols_20211228_165748_8309914291_600_800.png,27styles_3cols_20211228_165748_8309914291_600_800_mask.png,unidades da com maior
55,5,110,10,413,126,523,136,413,126,523,126,523,136,413,136,sub_line_text,text,text_12,courier,regular,9,27styles_3cols_20211228_165748_8309914291_600_800.png,/scratch/parceirosbr/bigoilict/share/BigOil/document_generator/datasets/documents_2021_12_28/27styles_3cols_20211228_165748_8309914291_600_800.png,27styles_3cols_20211228_165748_8309914291_600_800_mask.png,"número de bases eram,."
35,5,70,10,433,142,503,152,433,142,503,142,503,152,433,152,sub_line_text,text,text_12,courier,regular,9,27styles_3cols_20211228_165748_8309914291_600_800.png,/scratch/parceirosbr/bigoilict/share/BigOil/document_generator/datasets/documents_2021_12_28/27styles_3cols_20211228_165748_8309914291_600_800.png,27styles_3cols_20211228_165748_8309914291_600_800_mask.png,Por meio desta
37,5,75,10,430,158,505,168,430,158,505,158,505,168,430,168,sub_line_text,text,text_12,courier,regular,9,27styles_3cols_20211228_165748_8309914291_600_800.png,/scratch/parceirosbr/bigoilict/share/BigOil/document_generator/datasets/documents_2021_12_28/27styles_3cols_20211228_165748_8309914291_600_800.png,27styles_3cols_20211228_165748_8309914291_600_800_mask.png,resolução ficam
58,5,116,10,412,174,528,184,412,174,528,174,528,184,412,184,sub_line_text,text,text_12,courier,regular,9,27styles_3cols_20211228_165748_8309914291_600_800.png,/scratch/parceirosbr/bigoilict/share/BigOil/document_generator/datasets/documents_2021_12_28/27styles_3cols_20211228_165748_8309914291_600_800.png,27styles_3cols_20211228_165748_8309914291_600_800_mask.png,estabelecidos os preços.
58,45,116,90,412,94,528,184,412,94,528,94,528,184,412,184,text,text,text_12,courier,regular,9,27styles_3cols_20211228_165748_8309914291_600_800.png,/scratch/parceirosbr/bigoilict/share/BigOil/document_generator/datasets/documents_2021_12_28/27styles_3cols_20211228_165748_8309914291_600_800.png,27styles_3cols_20211228_165748_8309914291_600_800_mask.png,nan
40,5,80,10,448,193,528,203,448,193,528,193,528,203,448,203,sub_line_text,text,text_13,courier,regular,9,27styles_3cols_20211228_165748_8309914291_600_800.png,/scratch/parceirosbr/bigoilict/share/BigOil/document_generator/datasets/documents_2021_12_28/27styles_3cols_20211228_165748_8309914291_600_800.png,27styles_3cols_20211228_165748_8309914291_600_800_mask.png,The purification
50,5,100,10,420,209,520,219,420,209,520,209,520,219,420,219,sub_line_text,text,text_13,courier,regular,9,27styles_3cols_20211228_165748_8309914291_600_800.png,/scratch/parceirosbr/bigoilict/share/BigOil/document_generator/datasets/documents_2021_12_28/27styles_3cols_20211228_165748_8309914291_600_800.png,27styles_3cols_20211228_165748_8309914291_600_800_mask.png,process developed by
50,5,100,10,420,225,520,235,420,225,520,225,520,235,420,235,sub_line_text,text,text_13,courier,regular,9,27styles_3cols_20211228_165748_8309914291_600_800.png,/scratch/parceirosbr/bigoilict/share/BigOil/document_generator/datasets/documents_2021_12_28/27styles_3cols_20211228_165748_8309914291_600_800.png,27styles_3cols_20211228_165748_8309914291_600_800_mask.png,used in terephthalic
55,5,110,10,415,241,525,251,415,241,525,241,525,251,415,251,sub_line_text,text,text_13,courier,regular,9,27styles_3cols_20211228_165748_8309914291_600_800.png,/scratch/parceirosbr/bigoilict/share/BigOil/document_generator/datasets/documents_2021_12_28/27styles_3cols_20211228_165748_8309914291_600_800.png,27styles_3cols_20211228_165748_8309914291_600_800_mask.png,acid produced by de is
52,5,104,10,418,257,522,267,418,257,522,257,522,267,418,267,sub_line_text,text,text_13,courier,regular,9,27styles_3cols_20211228_165748_8309914291_600_800.png,/scratch/parceirosbr/bigoilict/share/BigOil/document_generator/datasets/documents_2021_12_28/27styles_3cols_20211228_165748_8309914291_600_800.png,27styles_3cols_20211228_165748_8309914291_600_800_mask.png,responsible54 for more
55,5,110,10,415,273,525,283,415,273,525,273,525,283,415,283,sub_line_text,text,text_13,courier,regular,9,27styles_3cols_20211228_165748_8309914291_600_800.png,/scratch/parceirosbr/bigoilict/share/BigOil/document_generator/datasets/documents_2021_12_28/27styles_3cols_20211228_165748_8309914291_600_800.png,27styles_3cols_20211228_165748_8309914291_600_800_mask.png,than 60% of that used.
56,45,113,90,415,193,528,283,415,193,528,193,528,283,415,283,text,text,text_13,courier,regular,9,27styles_3cols_20211228_165748_8309914291_600_800.png,/scratch/parceirosbr/bigoilict/share/BigOil/document_generator/datasets/documents_2021_12_28/27styles_3cols_20211228_165748_8309914291_600_800.png,27styles_3cols_20211228_165748_8309914291_600_800_mask.png,nan
37,5,75,10,448,292,523,302,448,292,523,292,523,302,448,302,sub_line_text,text,text_14,courier,regular,9,27styles_3cols_20211228_165748_8309914291_600_800.png,/scratch/parceirosbr/bigoilict/share/BigOil/document_generator/datasets/documents_2021_12_28/27styles_3cols_20211228_165748_8309914291_600_800.png,27styles_3cols_20211228_165748_8309914291_600_800_mask.png,Phonegap allows
52,5,105,10,415,308,520,318,415,308,520,308,520,318,415,318,sub_line_text,text,text_14,courier,regular,9,27styles_3cols_20211228_165748_8309914291_600_800.png,/scratch/parceirosbr/bigoilict/share/BigOil/document_generator/datasets/documents_2021_12_28/27styles_3cols_20211228_165748_8309914291_600_800.png,27styles_3cols_20211228_165748_8309914291_600_800_mask.png,developers to use web
56,5,113,10,412,324,525,334,412,324,525,324,525,334,412,334,sub_line_text,text,text_14,courier,regular,9,27styles_3cols_20211228_165748_8309914291_600_800.png,/scratch/parceirosbr/bigoilict/share/BigOil/document_generator/datasets/documents_2021_12_28/27styles_3cols_20211228_165748_8309914291_600_800.png,27styles_3cols_20211228_165748_8309914291_600_800_mask.png,development20 techniques
52,5,105,10,415,340,520,350,415,340,520,340,520,350,415,350,sub_line_text,text,text_14,courier,regular,9,27styles_3cols_20211228_165748_8309914291_600_800.png,/scratch/parceirosbr/bigoilict/share/BigOil/document_generator/datasets/documents_2021_12_28/27styles_3cols_20211228_165748_8309914291_600_800.png,27styles_3cols_20211228_165748_8309914291_600_800_mask.png,and to develop native
56,5,113,10,412,356,525,366,412,356,525,356,525,366,412,366,sub_line_text,text,text_14,courier,regular,9,27styles_3cols_20211228_165748_8309914291_600_800.png,/scratch/parceirosbr/bigoilict/share/BigOil/document_generator/datasets/documents_2021_12_28/27styles_3cols_20211228_165748_8309914291_600_800.png,27styles_3cols_20211228_165748_8309914291_600_800_mask.png,applications25 on mobile
58,5,116,10,412,372,528,382,412,372,528,372,528,382,412,382,sub_line_text,text,text_14,courier,regular,9,27styles_3cols_20211228_165748_8309914291_600_800.png,/scratch/parceirosbr/bigoilict/share/BigOil/document_generator/datasets/documents_2021_12_28/27styles_3cols_20211228_165748_8309914291_600_800.png,27styles_3cols_20211228_165748_8309914291_600_800_mask.png,"operating systems, such."
58,45,116,90,412,292,528,382,412,292,528,292,528,382,412,382,text,text,text_14,courier,regular,9,27styles_3cols_20211228_165748_8309914291_600_800.png,/scratch/parceirosbr/bigoilict/share/BigOil/document_generator/datasets/documents_2021_12_28/27styles_3cols_20211228_165748_8309914291_600_800.png,27styles_3cols_20211228_165748_8309914291_600_800_mask.png,nan
22,5,45,10,465,391,510,401,465,391,510,391,510,401,465,401,sub_line_text,text,text_15,courier,regular,9,27styles_3cols_20211228_165748_8309914291_600_800.png,/scratch/parceirosbr/bigoilict/share/BigOil/document_generator/datasets/documents_2021_12_28/27styles_3cols_20211228_165748_8309914291_600_800.png,27styles_3cols_20211228_165748_8309914291_600_800_mask.png,Os filmes
52,5,105,10,418,407,523,417,418,407,523,407,523,417,418,417,sub_line_text,text,text_15,courier,regular,9,27styles_3cols_20211228_165748_8309914291_600_800.png,/scratch/parceirosbr/bigoilict/share/BigOil/document_generator/datasets/documents_2021_12_28/27styles_3cols_20211228_165748_8309914291_600_800.png,27styles_3cols_20211228_165748_8309914291_600_800_mask.png,irradiados com 0 e 50
50,5,100,10,420,423,520,433,420,423,520,423,520,433,420,433,sub_line_text,text,text_15,courier,regular,9,27styles_3cols_20211228_165748_8309914291_600_800.png,/scratch/parceirosbr/bigoilict/share/BigOil/document_generator/datasets/documents_2021_12_28/27styles_3cols_20211228_165748_8309914291_600_800.png,27styles_3cols_20211228_165748_8309914291_600_800_mask.png,"kGy (Figura 41 a, b)"
45,5,90,10,425,439,515,449,425,439,515,439,515,449,425,449,sub_line_text,text,text_15,courier,regular,9,27styles_3cols_20211228_165748_8309914291_600_800.png,/scratch/parceirosbr/bigoilict/share/BigOil/document_generator/datasets/documents_2021_12_28/27styles_3cols_20211228_165748_8309914291_600_800.png,27styles_3cols_20211228_165748_8309914291_600_800_mask.png,exibem superfícies
57,5,115,10,413,455,528,465,413,455,528,455,528,465,413,465,sub_line_text,text,text_15,courier,regular,9,27styles_3cols_20211228_165748_8309914291_600_800.png,/scratch/parceirosbr/bigoilict/share/BigOil/document_generator/datasets/documents_2021_12_28/27styles_3cols_20211228_165748_8309914291_600_800.png,27styles_3cols_20211228_165748_8309914291_600_800_mask.png,homogêneas com algumas.
57,37,115,74,413,391,528,465,413,391,528,391,528,465,413,465,text,text,text_15,courier,regular,9,27styles_3cols_20211228_165748_8309914291_600_800.png,/scratch/parceirosbr/bigoilict/share/BigOil/document_generator/datasets/documents_2021_12_28/27styles_3cols_20211228_165748_8309914291_600_800.png,27styles_3cols_20211228_165748_8309914291_600_800_mask.png,nan
32,5,65,10,453,474,518,484,453,474,518,474,518,484,453,484,sub_line_text,text,text_16,courier,regular,9,27styles_3cols_20211228_165748_8309914291_600_800.png,/scratch/parceirosbr/bigoilict/share/BigOil/document_generator/datasets/documents_2021_12_28/27styles_3cols_20211228_165748_8309914291_600_800.png,27styles_3cols_20211228_165748_8309914291_600_800_mask.png,Os 269 demais
55,5,110,10,413,490,523,500,413,490,523,490,523,500,413,500,sub_line_text,text,text_16,courier,regular,9,27styles_3cols_20211228_165748_8309914291_600_800.png,/scratch/parceirosbr/bigoilict/share/BigOil/document_generator/datasets/documents_2021_12_28/27styles_3cols_20211228_165748_8309914291_600_800.png,27styles_3cols_20211228_165748_8309914291_600_800_mask.png,campos produtores eram
40,5,80,10,428,506,508,516,428,506,508,506,508,516,428,516,sub_line_text,text,text_16,courier,regular,9,27styles_3cols_20211228_165748_8309914291_600_800.png,/scratch/parceirosbr/bigoilict/share/BigOil/document_generator/datasets/documents_2021_12_28/27styles_3cols_20211228_165748_8309914291_600_800.png,27styles_3cols_20211228_165748_8309914291_600_800_mask.png,concessões à sem
55,5,110,10,413,522,523,532,413,522,523,522,523,532,413,532,sub_line_text,text,text_16,courier,regular,9,27styles_3cols_20211228_165748_8309914291_600_800.png,/scratch/parceirosbr/bigoilict/share/BigOil/document_generator/datasets/documents_2021_12_28/27styles_3cols_20211228_165748_8309914291_600_800.png,27styles_3cols_20211228_165748_8309914291_600_800_mask.png,parcerias.1 redução em
42,5,85,10,425,538,510,548,425,538,510,538,510,548,425,548,sub_line_text,text,text_16,courier,regular,9,27styles_3cols_20211228_165748_8309914291_600_800.png,/scratch/parceirosbr/bigoilict/share/BigOil/document_generator/datasets/documents_2021_12_28/27styles_3cols_20211228_165748_8309914291_600_800.png,27styles_3cols_20211228_165748_8309914291_600_800_mask.png,relação ao número
55,5,110,10,413,554,523,564,413,554,523,554,523,564,413,564,sub_line_text,text,text_16,courier,regular,9,27styles_3cols_20211228_165748_8309914291_600_800.png,/scratch/parceirosbr/bigoilict/share/BigOil/document_generator/datasets/documents_2021_12_28/27styles_3cols_20211228_165748_8309914291_600_800.png,27styles_3cols_20211228_165748_8309914291_600_800_mask.png,reportado nos anuários
50,5,100,10,418,570,518,580,418,570,518,570,518,580,418,580,sub_line_text,text,text_16,courier,regular,9,27styles_3cols_20211228_165748_8309914291_600_800.png,/scratch/parceirosbr/bigoilict/share/BigOil/document_generator/datasets/documents_2021_12_28/27styles_3cols_20211228_165748_8309914291_600_800.png,27styles_3cols_20211228_165748_8309914291_600_800_mask.png,"de 2008, 2009 e 2010"
37,5,74,10,431,586,505,596,431,586,505,586,505,596,431,596,sub_line_text,text,text_16,courier,regular,9,27styles_3cols_20211228_165748_8309914291_600_800.png,/scratch/parceirosbr/bigoilict/share/BigOil/document_generator/datasets/documents_2021_12_28/27styles_3cols_20211228_165748_8309914291_600_800.png,27styles_3cols_20211228_165748_8309914291_600_800_mask.png,deveu-se a91 uma
58,5,116,10,412,602,528,612,412,602,528,602,528,612,412,612,sub_line_text,text,text_16,courier,regular,9,27styles_3cols_20211228_165748_8309914291_600_800.png,/scratch/parceirosbr/bigoilict/share/BigOil/document_generator/datasets/documents_2021_12_28/27styles_3cols_20211228_165748_8309914291_600_800.png,27styles_3cols_20211228_165748_8309914291_600_800_mask.png,correção na pesquisa do.
58,69,116,138,412,474,528,612,412,474,528,474,528,612,412,612,text,text,text_16,courier,regular,9,27styles_3cols_20211228_165748_8309914291_600_800.png,/scratch/parceirosbr/bigoilict/share/BigOil/document_generator/datasets/documents_2021_12_28/27styles_3cols_20211228_165748_8309914291_600_800.png,27styles_3cols_20211228_165748_8309914291_600_800_mask.png,nan
35,5,70,10,453,621,523,631,453,621,523,621,523,631,453,631,sub_line_text,text,text_17,courier,regular,9,27styles_3cols_20211228_165748_8309914291_600_800.png,/scratch/parceirosbr/bigoilict/share/BigOil/document_generator/datasets/documents_2021_12_28/27styles_3cols_20211228_165748_8309914291_600_800.png,27styles_3cols_20211228_165748_8309914291_600_800_mask.png,A apresenta um
57,5,115,10,413,637,528,647,413,637,528,637,528,647,413,647,sub_line_text,text,text_17,courier,regular,9,27styles_3cols_20211228_165748_8309914291_600_800.png,/scratch/parceirosbr/bigoilict/share/BigOil/document_generator/datasets/documents_2021_12_28/27styles_3cols_20211228_165748_8309914291_600_800.png,27styles_3cols_20211228_165748_8309914291_600_800_mask.png,dos resultados obtidos.
57,13,115,26,413,621,528,647,413,621,528,621,528,647,413,647,text,text,text_17,courier,regular,9,27styles_3cols_20211228_165748_8309914291_600_800.png,/scratch/parceirosbr/bigoilict/share/BigOil/document_generator/datasets/documents_2021_12_28/27styles_3cols_20211228_165748_8309914291_600_800.png,27styles_3cols_20211228_165748_8309914291_600_800_mask.png,nan
12,5,25,10,503,656,528,666,503,656,528,656,528,666,503,666,sub_line_text,text,text_18,courier,regular,9,27styles_3cols_20211228_165748_8309914291_600_800.png,/scratch/parceirosbr/bigoilict/share/BigOil/document_generator/datasets/documents_2021_12_28/27styles_3cols_20211228_165748_8309914291_600_800.png,27styles_3cols_20211228_165748_8309914291_600_800_mask.png,This.
12,5,25,10,503,656,528,666,503,656,528,656,528,666,503,666,text,text,text_18,courier,regular,9,27styles_3cols_20211228_165748_8309914291_600_800.png,/scratch/parceirosbr/bigoilict/share/BigOil/document_generator/datasets/documents_2021_12_28/27styles_3cols_20211228_165748_8309914291_600_800.png,27styles_3cols_20211228_165748_8309914291_600_800_mask.png,nan
