center_x,center_y,width,height,xmin,ymin,xmax,ymax,top_left_x,top_left_y,top_right_x,top_right_y,bottom_right_x,bottom_right_y,bottom_left_x,bottom_left_y,label,grouplabel,group,text_font,text_style,size_font,filename,path,filename_mask,content
300,400,600,800,0,0,600,800,0,0,600,0,600,800,0,800,document,,,,,,29schl02_20211228_165823_3402951775_600_800.png,/scratch/parceirosbr/bigoilict/share/BigOil/document_generator/datasets/documents_2021_12_28/29schl02_20211228_165823_3402951775_600_800.png,29schl02_20211228_165823_3402951775_600_800_mask.png,
36,6,73,12,27,40,100,52,27,40,100,40,100,52,27,52,sub_line_text,subtitle,subtitle_0,raleway,bold,10,29schl02_20211228_165823_3402951775_600_800.png,/scratch/parceirosbr/bigoilict/share/BigOil/document_generator/datasets/documents_2021_12_28/29schl02_20211228_165823_3402951775_600_800.png,29schl02_20211228_165823_3402951775_600_800_mask.png,Para o modelo
36,6,73,12,27,40,100,52,27,40,100,40,100,52,27,52,title,subtitle,subtitle_1,raleway,bold,10,29schl02_20211228_165823_3402951775_600_800.png,/scratch/parceirosbr/bigoilict/share/BigOil/document_generator/datasets/documents_2021_12_28/29schl02_20211228_165823_3402951775_600_800.png,29schl02_20211228_165823_3402951775_600_800_mask.png,
80,24,160,49,27,59,187,108,27,59,187,59,187,108,27,108,list,list,list_1,raleway,raleway,9,29schl02_20211228_165823_3402951775_600_800.png,/scratch/parceirosbr/bigoilict/share/BigOil/document_generator/datasets/documents_2021_12_28/29schl02_20211228_165823_3402951775_600_800.png,29schl02_20211228_165823_3402951775_600_800_mask.png,
79,5,159,11,27,59,186,70,27,59,186,59,186,70,27,70,sub_line_text,list,list_1,raleway,regular,9,29schl02_20211228_165823_3402951775_600_800.png,/scratch/parceirosbr/bigoilict/share/BigOil/document_generator/datasets/documents_2021_12_28/29schl02_20211228_165823_3402951775_600_800.png,29schl02_20211228_165823_3402951775_600_800_mask.png,No que diz respeito às obrigações.
74,5,149,11,27,78,176,89,27,78,176,78,176,89,27,89,sub_line_text,list,list_1,raleway,regular,9,29schl02_20211228_165823_3402951775_600_800.png,/scratch/parceirosbr/bigoilict/share/BigOil/document_generator/datasets/documents_2021_12_28/29schl02_20211228_165823_3402951775_600_800.png,29schl02_20211228_165823_3402951775_600_800_mask.png,Toxicity of ammonia to early life.
77,5,154,11,27,97,181,108,27,97,181,97,181,108,27,108,sub_line_text,list,list_1,raleway,regular,9,29schl02_20211228_165823_3402951775_600_800.png,/scratch/parceirosbr/bigoilict/share/BigOil/document_generator/datasets/documents_2021_12_28/29schl02_20211228_165823_3402951775_600_800.png,29schl02_20211228_165823_3402951775_600_800_mask.png,"No continente africano, o país de."
23,6,46,12,27,127,73,139,27,127,73,127,73,139,27,139,sub_line_text,subtitle,subtitle_1,raleway,bold,10,29schl02_20211228_165823_3402951775_600_800.png,/scratch/parceirosbr/bigoilict/share/BigOil/document_generator/datasets/documents_2021_12_28/29schl02_20211228_165823_3402951775_600_800.png,29schl02_20211228_165823_3402951775_600_800_mask.png,who was
23,6,46,12,27,127,73,139,27,127,73,127,73,139,27,139,title,subtitle,subtitle_2,raleway,bold,10,29schl02_20211228_165823_3402951775_600_800.png,/scratch/parceirosbr/bigoilict/share/BigOil/document_generator/datasets/documents_2021_12_28/29schl02_20211228_165823_3402951775_600_800.png,29schl02_20211228_165823_3402951775_600_800_mask.png,
89,5,178,11,27,145,205,156,27,145,205,145,205,156,27,156,sub_line_text,text,text_0,raleway,regular,9,29schl02_20211228_165823_3402951775_600_800.png,/scratch/parceirosbr/bigoilict/share/BigOil/document_generator/datasets/documents_2021_12_28/29schl02_20211228_165823_3402951775_600_800.png,29schl02_20211228_165823_3402951775_600_800_mask.png,"A média móvel por sua vez, assumiu os va-"
89,5,178,11,27,156,205,167,27,156,205,156,205,167,27,167,sub_line_text,text,text_0,raleway,regular,9,29schl02_20211228_165823_3402951775_600_800.png,/scratch/parceirosbr/bigoilict/share/BigOil/document_generator/datasets/documents_2021_12_28/29schl02_20211228_165823_3402951775_600_800.png,29schl02_20211228_165823_3402951775_600_800_mask.png,"lores  de  500,  2000 e 5000 pontos a uma"
89,5,179,11,27,167,206,178,27,167,206,167,206,178,27,178,sub_line_text,text,text_0,raleway,regular,9,29schl02_20211228_165823_3402951775_600_800.png,/scratch/parceirosbr/bigoilict/share/BigOil/document_generator/datasets/documents_2021_12_28/29schl02_20211228_165823_3402951775_600_800.png,29schl02_20211228_165823_3402951775_600_800_mask.png,"76  taxa  de  amostragem de 0,1 segundos,"
89,5,178,11,27,178,205,189,27,178,205,178,205,189,27,189,sub_line_text,text,text_0,raleway,regular,9,29schl02_20211228_165823_3402951775_600_800.png,/scratch/parceirosbr/bigoilict/share/BigOil/document_generator/datasets/documents_2021_12_28/29schl02_20211228_165823_3402951775_600_800.png,29schl02_20211228_165823_3402951775_600_800_mask.png,cobrindo assim uma janela de tempo 10 v-
89,5,179,11,27,189,206,200,27,189,206,189,206,200,27,200,sub_line_text,text,text_0,raleway,regular,9,29schl02_20211228_165823_3402951775_600_800.png,/scratch/parceirosbr/bigoilict/share/BigOil/document_generator/datasets/documents_2021_12_28/29schl02_20211228_165823_3402951775_600_800.png,29schl02_20211228_165823_3402951775_600_800_mask.png,ezes  menor que o número de pontos.Nest-
89,5,178,11,27,200,205,211,27,200,205,200,205,211,27,211,sub_line_text,text,text_0,raleway,regular,9,29schl02_20211228_165823_3402951775_600_800.png,/scratch/parceirosbr/bigoilict/share/BigOil/document_generator/datasets/documents_2021_12_28/29schl02_20211228_165823_3402951775_600_800.png,29schl02_20211228_165823_3402951775_600_800_mask.png,"e  caso,  tais  esquemas demonstram que a"
27,5,55,11,27,211,82,222,27,211,82,211,82,222,27,222,sub_line_text,text,text_0,raleway,regular,9,29schl02_20211228_165823_3402951775_600_800.png,/scratch/parceirosbr/bigoilict/share/BigOil/document_generator/datasets/documents_2021_12_28/29schl02_20211228_165823_3402951775_600_800.png,29schl02_20211228_165823_3402951775_600_800_mask.png,escolha dos.
90,64,181,128,27,230,208,358,27,230,208,230,208,358,27,358,list,list,list_2,raleway,raleway,9,29schl02_20211228_165823_3402951775_600_800.png,/scratch/parceirosbr/bigoilict/share/BigOil/document_generator/datasets/documents_2021_12_28/29schl02_20211228_165823_3402951775_600_800.png,29schl02_20211228_165823_3402951775_600_800_mask.png,
89,38,179,77,27,145,206,222,27,145,206,145,206,222,27,222,text,text,text_1,raleway,regular,9,29schl02_20211228_165823_3402951775_600_800.png,/scratch/parceirosbr/bigoilict/share/BigOil/document_generator/datasets/documents_2021_12_28/29schl02_20211228_165823_3402951775_600_800.png,29schl02_20211228_165823_3402951775_600_800_mask.png,
39,5,79,11,27,230,106,241,27,230,106,230,106,241,27,241,sub_line_text,list,list_2,raleway,regular,9,29schl02_20211228_165823_3402951775_600_800.png,/scratch/parceirosbr/bigoilict/share/BigOil/document_generator/datasets/documents_2021_12_28/29schl02_20211228_165823_3402951775_600_800.png,29schl02_20211228_165823_3402951775_600_800_mask.png,"In 1962, the da."
89,5,178,11,27,249,205,260,27,249,205,249,205,260,27,260,sub_line_text,list,list_2,raleway,regular,9,29schl02_20211228_165823_3402951775_600_800.png,/scratch/parceirosbr/bigoilict/share/BigOil/document_generator/datasets/documents_2021_12_28/29schl02_20211228_165823_3402951775_600_800.png,29schl02_20211228_165823_3402951775_600_800_mask.png,Os  limites  termohalinos  utilizados para
41,5,83,11,40,260,123,271,40,260,123,260,123,271,40,271,sub_line_text,list,list_2,raleway,regular,9,29schl02_20211228_165823_3402951775_600_800.png,/scratch/parceirosbr/bigoilict/share/BigOil/document_generator/datasets/documents_2021_12_28/29schl02_20211228_165823_3402951775_600_800.png,29schl02_20211228_165823_3402951775_600_800_mask.png,a classificação das.
72,5,144,11,27,279,171,290,27,279,171,279,171,290,27,290,sub_line_text,list,list_2,raleway,regular,9,29schl02_20211228_165823_3402951775_600_800.png,/scratch/parceirosbr/bigoilict/share/BigOil/document_generator/datasets/documents_2021_12_28/29schl02_20211228_165823_3402951775_600_800.png,29schl02_20211228_165823_3402951775_600_800_mask.png,Concentração do poluente em.
89,5,178,11,27,298,205,309,27,298,205,298,205,309,27,309,sub_line_text,list,list_2,raleway,regular,9,29schl02_20211228_165823_3402951775_600_800.png,/scratch/parceirosbr/bigoilict/share/BigOil/document_generator/datasets/documents_2021_12_28/29schl02_20211228_165823_3402951775_600_800.png,29schl02_20211228_165823_3402951775_600_800_mask.png,SOURCES:  Customs informed by (insu-
43,5,87,11,42,309,129,320,42,309,129,309,129,320,42,320,sub_line_text,list,list_2,raleway,regular,9,29schl02_20211228_165823_3402951775_600_800.png,/scratch/parceirosbr/bigoilict/share/BigOil/document_generator/datasets/documents_2021_12_28/29schl02_20211228_165823_3402951775_600_800.png,29schl02_20211228_165823_3402951775_600_800_mask.png,rance freight value)..
88,5,177,11,27,328,204,339,27,328,204,328,204,339,27,339,sub_line_text,list,list_2,raleway,regular,9,29schl02_20211228_165823_3402951775_600_800.png,/scratch/parceirosbr/bigoilict/share/BigOil/document_generator/datasets/documents_2021_12_28/29schl02_20211228_165823_3402951775_600_800.png,29schl02_20211228_165823_3402951775_600_800_mask.png,"It must be emphasized, again referring."
35,5,71,11,27,347,98,358,27,347,98,347,98,358,27,358,sub_line_text,list,list_2,raleway,regular,9,29schl02_20211228_165823_3402951775_600_800.png,/scratch/parceirosbr/bigoilict/share/BigOil/document_generator/datasets/documents_2021_12_28/29schl02_20211228_165823_3402951775_600_800.png,29schl02_20211228_165823_3402951775_600_800_mask.png,Lc being the.
6,6,12,12,235,40,247,52,235,40,247,40,247,52,235,52,sub_line_text,subtitle,subtitle_2,raleway,bold,10,29schl02_20211228_165823_3402951775_600_800.png,/scratch/parceirosbr/bigoilict/share/BigOil/document_generator/datasets/documents_2021_12_28/29schl02_20211228_165823_3402951775_600_800.png,29schl02_20211228_165823_3402951775_600_800_mask.png,A
6,6,12,12,235,40,247,52,235,40,247,40,247,52,235,52,title,subtitle,subtitle_3,raleway,bold,10,29schl02_20211228_165823_3402951775_600_800.png,/scratch/parceirosbr/bigoilict/share/BigOil/document_generator/datasets/documents_2021_12_28/29schl02_20211228_165823_3402951775_600_800.png,29schl02_20211228_165823_3402951775_600_800_mask.png,
76,5,153,11,235,58,388,69,235,58,388,58,388,69,235,69,sub_line_text,text,text_1,raleway,regular,9,29schl02_20211228_165823_3402951775_600_800.png,/scratch/parceirosbr/bigoilict/share/BigOil/document_generator/datasets/documents_2021_12_28/29schl02_20211228_165823_3402951775_600_800.png,29schl02_20211228_165823_3402951775_600_800_mask.png,"A  porcentagem  de  pectinas  (4,2%),"
76,5,152,11,235,69,387,80,235,69,387,69,387,80,235,80,sub_line_text,text,text_1,raleway,regular,9,29schl02_20211228_165823_3402951775_600_800.png,/scratch/parceirosbr/bigoilict/share/BigOil/document_generator/datasets/documents_2021_12_28/29schl02_20211228_165823_3402951775_600_800.png,29schl02_20211228_165823_3402951775_600_800_mask.png,o terceiro carboidrato mais importa-
76,5,153,11,235,80,388,91,235,80,388,80,388,91,235,91,sub_line_text,text,text_1,raleway,regular,9,29schl02_20211228_165823_3402951775_600_800.png,/scratch/parceirosbr/bigoilict/share/BigOil/document_generator/datasets/documents_2021_12_28/29schl02_20211228_165823_3402951775_600_800.png,29schl02_20211228_165823_3402951775_600_800_mask.png,"nte  da  parede  vegetal, encontrada"
76,5,152,11,235,91,387,102,235,91,387,91,387,102,235,102,sub_line_text,text,text_1,raleway,regular,9,29schl02_20211228_165823_3402951775_600_800.png,/scratch/parceirosbr/bigoilict/share/BigOil/document_generator/datasets/documents_2021_12_28/29schl02_20211228_165823_3402951775_600_800.png,29schl02_20211228_165823_3402951775_600_800_mask.png,no material lignocelulósico estudad-
76,5,152,11,235,102,387,113,235,102,387,102,387,113,235,113,sub_line_text,text,text_1,raleway,regular,9,29schl02_20211228_165823_3402951775_600_800.png,/scratch/parceirosbr/bigoilict/share/BigOil/document_generator/datasets/documents_2021_12_28/29schl02_20211228_165823_3402951775_600_800.png,29schl02_20211228_165823_3402951775_600_800_mask.png,"o,  estava  próximo do valor reporta-"
76,5,153,11,235,113,388,124,235,113,388,113,388,124,235,124,sub_line_text,text,text_1,raleway,regular,9,29schl02_20211228_165823_3402951775_600_800.png,/scratch/parceirosbr/bigoilict/share/BigOil/document_generator/datasets/documents_2021_12_28/29schl02_20211228_165823_3402951775_600_800.png,29schl02_20211228_165823_3402951775_600_800_mask.png,"do  por  et  al, 2009. a sua ampla ga-"
76,5,153,11,235,124,388,135,235,124,388,124,388,135,235,135,sub_line_text,text,text_1,raleway,regular,9,29schl02_20211228_165823_3402951775_600_800.png,/scratch/parceirosbr/bigoilict/share/BigOil/document_generator/datasets/documents_2021_12_28/29schl02_20211228_165823_3402951775_600_800.png,29schl02_20211228_165823_3402951775_600_800_mask.png,"ma  de  usos industriais, o isolamento"
76,5,152,11,235,135,387,146,235,135,387,135,387,146,235,146,sub_line_text,text,text_1,raleway,regular,9,29schl02_20211228_165823_3402951775_600_800.png,/scratch/parceirosbr/bigoilict/share/BigOil/document_generator/datasets/documents_2021_12_28/29schl02_20211228_165823_3402951775_600_800.png,29schl02_20211228_165823_3402951775_600_800_mask.png,e caracterização deste composto p-
76,5,152,11,235,146,387,157,235,146,387,146,387,157,235,157,sub_line_text,text,text_1,raleway,regular,9,29schl02_20211228_165823_3402951775_600_800.png,/scratch/parceirosbr/bigoilict/share/BigOil/document_generator/datasets/documents_2021_12_28/29schl02_20211228_165823_3402951775_600_800.png,29schl02_20211228_165823_3402951775_600_800_mask.png,resente na casca da soja tem sido o-
76,5,153,11,235,157,388,168,235,157,388,157,388,168,235,168,sub_line_text,text,text_1,raleway,regular,9,29schl02_20211228_165823_3402951775_600_800.png,/scratch/parceirosbr/bigoilict/share/BigOil/document_generator/datasets/documents_2021_12_28/29schl02_20211228_165823_3402951775_600_800.png,29schl02_20211228_165823_3402951775_600_800_mask.png,bjeto  de  estudo de diversos grupo-
76,5,153,11,235,168,388,179,235,168,388,168,388,179,235,179,sub_line_text,text,text_1,raleway,regular,9,29schl02_20211228_165823_3402951775_600_800.png,/scratch/parceirosbr/bigoilict/share/BigOil/document_generator/datasets/documents_2021_12_28/29schl02_20211228_165823_3402951775_600_800.png,29schl02_20211228_165823_3402951775_600_800_mask.png,s  de  pesquisa.é sua disponibilidad-
76,5,153,11,235,179,388,190,235,179,388,179,388,190,235,190,sub_line_text,text,text_1,raleway,regular,9,29schl02_20211228_165823_3402951775_600_800.png,/scratch/parceirosbr/bigoilict/share/BigOil/document_generator/datasets/documents_2021_12_28/29schl02_20211228_165823_3402951775_600_800.png,29schl02_20211228_165823_3402951775_600_800_mask.png,e  nas  ferramentas do programa co-
76,5,152,11,235,190,387,201,235,190,387,190,387,201,235,201,sub_line_text,text,text_1,raleway,regular,9,29schl02_20211228_165823_3402951775_600_800.png,/scratch/parceirosbr/bigoilict/share/BigOil/document_generator/datasets/documents_2021_12_28/29schl02_20211228_165823_3402951775_600_800.png,29schl02_20211228_165823_3402951775_600_800_mask.png,"mercial de elementos finitos,.Para o-"
76,5,153,11,235,201,388,212,235,201,388,201,388,212,235,212,sub_line_text,text,text_1,raleway,regular,9,29schl02_20211228_165823_3402951775_600_800.png,/scratch/parceirosbr/bigoilict/share/BigOil/document_generator/datasets/documents_2021_12_28/29schl02_20211228_165823_3402951775_600_800.png,29schl02_20211228_165823_3402951775_600_800_mask.png,"s bolivarianos, teve inicio ali um regi-"
76,5,152,11,235,212,387,223,235,212,387,212,387,223,235,223,sub_line_text,text,text_1,raleway,regular,9,29schl02_20211228_165823_3402951775_600_800.png,/scratch/parceirosbr/bigoilict/share/BigOil/document_generator/datasets/documents_2021_12_28/29schl02_20211228_165823_3402951775_600_800.png,29schl02_20211228_165823_3402951775_600_800_mask.png,"me  autoritário  e excludente, cujo e-"
76,5,152,11,235,223,387,234,235,223,387,223,387,234,235,234,sub_line_text,text,text_1,raleway,regular,9,29schl02_20211228_165823_3402951775_600_800.png,/scratch/parceirosbr/bigoilict/share/BigOil/document_generator/datasets/documents_2021_12_28/29schl02_20211228_165823_3402951775_600_800.png,29schl02_20211228_165823_3402951775_600_800_mask.png,pilogo  é representado pela democ-
76,5,153,11,235,234,388,245,235,234,388,234,388,245,235,245,sub_line_text,text,text_1,raleway,regular,9,29schl02_20211228_165823_3402951775_600_800.png,/scratch/parceirosbr/bigoilict/share/BigOil/document_generator/datasets/documents_2021_12_28/29schl02_20211228_165823_3402951775_600_800.png,29schl02_20211228_165823_3402951775_600_800_mask.png,"racia  de  (2012, p.A combustão é re-"
76,5,153,11,235,245,388,256,235,245,388,245,388,256,235,256,sub_line_text,text,text_1,raleway,regular,9,29schl02_20211228_165823_3402951775_600_800.png,/scratch/parceirosbr/bigoilict/share/BigOil/document_generator/datasets/documents_2021_12_28/29schl02_20211228_165823_3402951775_600_800.png,29schl02_20211228_165823_3402951775_600_800_mask.png,"alizada com excesso de oxigênio, d-"
76,5,152,11,235,256,387,267,235,256,387,256,387,267,235,267,sub_line_text,text,text_1,raleway,regular,9,29schl02_20211228_165823_3402951775_600_800.png,/scratch/parceirosbr/bigoilict/share/BigOil/document_generator/datasets/documents_2021_12_28/29schl02_20211228_165823_3402951775_600_800.png,29schl02_20211228_165823_3402951775_600_800_mask.png,e  forma  que  o  equilíbrio da reação
76,5,152,11,235,267,387,278,235,267,387,267,387,278,235,278,sub_line_text,text,text_1,raleway,regular,9,29schl02_20211228_165823_3402951775_600_800.png,/scratch/parceirosbr/bigoilict/share/BigOil/document_generator/datasets/documents_2021_12_28/29schl02_20211228_165823_3402951775_600_800.png,29schl02_20211228_165823_3402951775_600_800_mask.png,seja  deslocado  para  o  sentido dos
76,5,152,11,235,278,387,289,235,278,387,278,387,289,235,289,sub_line_text,text,text_1,raleway,regular,9,29schl02_20211228_165823_3402951775_600_800.png,/scratch/parceirosbr/bigoilict/share/BigOil/document_generator/datasets/documents_2021_12_28/29schl02_20211228_165823_3402951775_600_800.png,29schl02_20211228_165823_3402951775_600_800_mask.png,produtos  desejados (dióxido de ca-
76,5,152,11,235,289,387,300,235,289,387,289,387,300,235,300,sub_line_text,text,text_1,raleway,regular,9,29schl02_20211228_165823_3402951775_600_800.png,/scratch/parceirosbr/bigoilict/share/BigOil/document_generator/datasets/documents_2021_12_28/29schl02_20211228_165823_3402951775_600_800.png,29schl02_20211228_165823_3402951775_600_800_mask.png,"rbono,   vapor  dágua  e  energia).No"
76,5,152,11,235,300,387,311,235,300,387,300,387,311,235,311,sub_line_text,text,text_1,raleway,regular,9,29schl02_20211228_165823_3402951775_600_800.png,/scratch/parceirosbr/bigoilict/share/BigOil/document_generator/datasets/documents_2021_12_28/29schl02_20211228_165823_3402951775_600_800.png,29schl02_20211228_165823_3402951775_600_800_mask.png,mesmo dia que foi publicado este t-
76,5,152,11,235,311,387,322,235,311,387,311,387,322,235,322,sub_line_text,text,text_1,raleway,regular,9,29schl02_20211228_165823_3402951775_600_800.png,/scratch/parceirosbr/bigoilict/share/BigOil/document_generator/datasets/documents_2021_12_28/29schl02_20211228_165823_3402951775_600_800.png,29schl02_20211228_165823_3402951775_600_800_mask.png,"rabalho,  outro grupo de pesquisad-"
76,5,152,11,235,322,387,333,235,322,387,322,387,333,235,333,sub_line_text,text,text_1,raleway,regular,9,29schl02_20211228_165823_3402951775_600_800.png,/scratch/parceirosbr/bigoilict/share/BigOil/document_generator/datasets/documents_2021_12_28/29schl02_20211228_165823_3402951775_600_800.png,29schl02_20211228_165823_3402951775_600_800_mask.png,"ores, et al, também publicava seu e-"
60,5,120,11,235,333,355,344,235,333,355,333,355,344,235,344,sub_line_text,text,text_1,raleway,regular,9,29schl02_20211228_165823_3402951775_600_800.png,/scratch/parceirosbr/bigoilict/share/BigOil/document_generator/datasets/documents_2021_12_28/29schl02_20211228_165823_3402951775_600_800.png,29schl02_20211228_165823_3402951775_600_800_mask.png,"studo, onde constatava que."
76,143,153,286,235,58,388,344,235,58,388,58,388,344,235,344,text,text,text_2,raleway,regular,9,29schl02_20211228_165823_3402951775_600_800.png,/scratch/parceirosbr/bigoilict/share/BigOil/document_generator/datasets/documents_2021_12_28/29schl02_20211228_165823_3402951775_600_800.png,29schl02_20211228_165823_3402951775_600_800_mask.png,
76,5,153,11,417,40,570,51,417,40,570,40,570,51,417,51,sub_line_text,text,text_2,raleway,regular,9,29schl02_20211228_165823_3402951775_600_800.png,/scratch/parceirosbr/bigoilict/share/BigOil/document_generator/datasets/documents_2021_12_28/29schl02_20211228_165823_3402951775_600_800.png,29schl02_20211228_165823_3402951775_600_800_mask.png,Greaves  et  al. (2000b) carried out t-
76,5,152,11,417,51,569,62,417,51,569,51,569,62,417,62,sub_line_text,text,text_2,raleway,regular,9,29schl02_20211228_165823_3402951775_600_800.png,/scratch/parceirosbr/bigoilict/share/BigOil/document_generator/datasets/documents_2021_12_28/29schl02_20211228_165823_3402951775_600_800.png,29schl02_20211228_165823_3402951775_600_800_mask.png,ests  using light and medium oil in o-
76,5,153,11,417,62,570,73,417,62,570,62,570,73,417,73,sub_line_text,text,text_2,raleway,regular,9,29schl02_20211228_165823_3402951775_600_800.png,/scratch/parceirosbr/bigoilict/share/BigOil/document_generator/datasets/documents_2021_12_28/29schl02_20211228_165823_3402951775_600_800.png,29schl02_20211228_165823_3402951775_600_800_mask.png,rder  to verify the behavior of the co-
76,5,153,11,417,73,570,84,417,73,570,73,570,84,417,84,sub_line_text,text,text_2,raleway,regular,9,29schl02_20211228_165823_3402951775_600_800.png,/scratch/parceirosbr/bigoilict/share/BigOil/document_generator/datasets/documents_2021_12_28/29schl02_20211228_165823_3402951775_600_800.png,29schl02_20211228_165823_3402951775_600_800_mask.png,"mbustion  front.In June 2012, when t-"
76,5,153,11,417,84,570,95,417,84,570,84,570,95,417,95,sub_line_text,text,text_2,raleway,regular,9,29schl02_20211228_165823_3402951775_600_800.png,/scratch/parceirosbr/bigoilict/share/BigOil/document_generator/datasets/documents_2021_12_28/29schl02_20211228_165823_3402951775_600_800.png,29schl02_20211228_165823_3402951775_600_800_mask.png,he  realization  price for this fuel und-
76,5,153,11,417,95,570,106,417,95,570,95,570,106,417,106,sub_line_text,text,text_2,raleway,regular,9,29schl02_20211228_165823_3402951775_600_800.png,/scratch/parceirosbr/bigoilict/share/BigOil/document_generator/datasets/documents_2021_12_28/29schl02_20211228_165823_3402951775_600_800.png,29schl02_20211228_165823_3402951775_600_800_mask.png,erwent  an average increase of 3.9%-
76,5,152,11,417,106,569,117,417,106,569,106,569,117,417,117,sub_line_text,text,text_2,raleway,regular,9,29schl02_20211228_165823_3402951775_600_800.png,/scratch/parceirosbr/bigoilict/share/BigOil/document_generator/datasets/documents_2021_12_28/29schl02_20211228_165823_3402951775_600_800.png,29schl02_20211228_165823_3402951775_600_800_mask.png,", the rate was reduced to zero.As co-"
76,5,153,11,417,117,570,128,417,117,570,117,570,128,417,128,sub_line_text,text,text_2,raleway,regular,9,29schl02_20211228_165823_3402951775_600_800.png,/scratch/parceirosbr/bigoilict/share/BigOil/document_generator/datasets/documents_2021_12_28/29schl02_20211228_165823_3402951775_600_800.png,29schl02_20211228_165823_3402951775_600_800_mask.png,nstantes cinéticas e a energia de ati-
76,5,152,11,417,128,569,139,417,128,569,128,569,139,417,139,sub_line_text,text,text_2,raleway,regular,9,29schl02_20211228_165823_3402951775_600_800.png,/scratch/parceirosbr/bigoilict/share/BigOil/document_generator/datasets/documents_2021_12_28/29schl02_20211228_165823_3402951775_600_800.png,29schl02_20211228_165823_3402951775_600_800_mask.png,vação   foram   determinadas   como
76,5,152,11,417,139,569,150,417,139,569,139,569,150,417,150,sub_line_text,text,text_2,raleway,regular,9,29schl02_20211228_165823_3402951775_600_800.png,/scratch/parceirosbr/bigoilict/share/BigOil/document_generator/datasets/documents_2021_12_28/29schl02_20211228_165823_3402951775_600_800.png,29schl02_20211228_165823_3402951775_600_800_mask.png,mostra  a 2.Biodiesel production wil-
76,5,152,11,417,150,569,161,417,150,569,150,569,161,417,161,sub_line_text,text,text_2,raleway,regular,9,29schl02_20211228_165823_3402951775_600_800.png,/scratch/parceirosbr/bigoilict/share/BigOil/document_generator/datasets/documents_2021_12_28/29schl02_20211228_165823_3402951775_600_800.png,29schl02_20211228_165823_3402951775_600_800_mask.png,"l need subsidies to be viable, says s-"
76,5,152,11,417,161,569,172,417,161,569,161,569,172,417,172,sub_line_text,text,text_2,raleway,regular,9,29schl02_20211228_165823_3402951775_600_800.png,/scratch/parceirosbr/bigoilict/share/BigOil/document_generator/datasets/documents_2021_12_28/29schl02_20211228_165823_3402951775_600_800.png,29schl02_20211228_165823_3402951775_600_800_mask.png,"tudy.Manaus  to end on March 31, 2-"
76,5,152,11,417,172,569,183,417,172,569,172,569,183,417,183,sub_line_text,text,text_2,raleway,regular,9,29schl02_20211228_165823_3402951775_600_800.png,/scratch/parceirosbr/bigoilict/share/BigOil/document_generator/datasets/documents_2021_12_28/29schl02_20211228_165823_3402951775_600_800.png,29schl02_20211228_165823_3402951775_600_800_mask.png,008 and establishes the conditions.-
76,5,153,11,417,183,570,194,417,183,570,183,570,194,417,194,sub_line_text,text,text_2,raleway,regular,9,29schl02_20211228_165823_3402951775_600_800.png,/scratch/parceirosbr/bigoilict/share/BigOil/document_generator/datasets/documents_2021_12_28/29schl02_20211228_165823_3402951775_600_800.png,29schl02_20211228_165823_3402951775_600_800_mask.png,186.A  vedação  das células unitárias
76,5,152,11,417,194,569,205,417,194,569,194,569,205,417,205,sub_line_text,text,text_2,raleway,regular,9,29schl02_20211228_165823_3402951775_600_800.png,/scratch/parceirosbr/bigoilict/share/BigOil/document_generator/datasets/documents_2021_12_28/29schl02_20211228_165823_3402951775_600_800.png,29schl02_20211228_165823_3402951775_600_800_mask.png,ocorre  por meio do uso dos selante-
76,5,153,11,417,205,570,216,417,205,570,205,570,216,417,216,sub_line_text,text,text_2,raleway,regular,9,29schl02_20211228_165823_3402951775_600_800.png,/scratch/parceirosbr/bigoilict/share/BigOil/document_generator/datasets/documents_2021_12_28/29schl02_20211228_165823_3402951775_600_800.png,29schl02_20211228_165823_3402951775_600_800_mask.png,s  que impedem a mistura do comb-
76,5,153,11,417,216,570,227,417,216,570,216,570,227,417,227,sub_line_text,text,text_2,raleway,regular,9,29schl02_20211228_165823_3402951775_600_800.png,/scratch/parceirosbr/bigoilict/share/BigOil/document_generator/datasets/documents_2021_12_28/29schl02_20211228_165823_3402951775_600_800.png,29schl02_20211228_165823_3402951775_600_800_mask.png,urente  com  o combustível.In gener-
76,5,153,11,417,227,570,238,417,227,570,227,570,238,417,238,sub_line_text,text,text_2,raleway,regular,9,29schl02_20211228_165823_3402951775_600_800.png,/scratch/parceirosbr/bigoilict/share/BigOil/document_generator/datasets/documents_2021_12_28/29schl02_20211228_165823_3402951775_600_800.png,29schl02_20211228_165823_3402951775_600_800_mask.png,al  it is written in terms of the peak fr-
76,5,152,11,417,238,569,249,417,238,569,238,569,249,417,249,sub_line_text,text,text_2,raleway,regular,9,29schl02_20211228_165823_3402951775_600_800.png,/scratch/parceirosbr/bigoilict/share/BigOil/document_generator/datasets/documents_2021_12_28/29schl02_20211228_165823_3402951775_600_800.png,29schl02_20211228_165823_3402951775_600_800_mask.png,"equency,  which  corresponds to the"
76,5,153,11,417,249,570,260,417,249,570,249,570,260,417,260,sub_line_text,text,text_2,raleway,regular,9,29schl02_20211228_165823_3402951775_600_800.png,/scratch/parceirosbr/bigoilict/share/BigOil/document_generator/datasets/documents_2021_12_28/29schl02_20211228_165823_3402951775_600_800.png,29schl02_20211228_165823_3402951775_600_800_mask.png,frequency  at which the energy den-
76,5,153,11,417,260,570,271,417,260,570,260,570,271,417,271,sub_line_text,text,text_2,raleway,regular,9,29schl02_20211228_165823_3402951775_600_800.png,/scratch/parceirosbr/bigoilict/share/BigOil/document_generator/datasets/documents_2021_12_28/29schl02_20211228_165823_3402951775_600_800.png,29schl02_20211228_165823_3402951775_600_800_mask.png,"sity  is  maximum, and in terms of e i-"
76,5,152,11,417,271,569,282,417,271,569,271,569,282,417,282,sub_line_text,text,text_2,raleway,regular,9,29schl02_20211228_165823_3402951775_600_800.png,/scratch/parceirosbr/bigoilict/share/BigOil/document_generator/datasets/documents_2021_12_28/29schl02_20211228_165823_3402951775_600_800.png,29schl02_20211228_165823_3402951775_600_800_mask.png,s  given  by: 19 (Eq. 3.1).Thefeasibility
76,5,152,11,417,282,569,293,417,282,569,282,569,293,417,293,sub_line_text,text,text_2,raleway,regular,9,29schl02_20211228_165823_3402951775_600_800.png,/scratch/parceirosbr/bigoilict/share/BigOil/document_generator/datasets/documents_2021_12_28/29schl02_20211228_165823_3402951775_600_800.png,29schl02_20211228_165823_3402951775_600_800_mask.png,and  advantages  of using to replac-
76,5,153,11,417,293,570,304,417,293,570,293,570,304,417,304,sub_line_text,text,text_2,raleway,regular,9,29schl02_20211228_165823_3402951775_600_800.png,/scratch/parceirosbr/bigoilict/share/BigOil/document_generator/datasets/documents_2021_12_28/29schl02_20211228_165823_3402951775_600_800.png,29schl02_20211228_165823_3402951775_600_800_mask.png,"e  yeast  extract,  themost expensive"
76,5,152,11,417,304,569,315,417,304,569,304,569,315,417,315,sub_line_text,text,text_2,raleway,regular,9,29schl02_20211228_165823_3402951775_600_800.png,/scratch/parceirosbr/bigoilict/share/BigOil/document_generator/datasets/documents_2021_12_28/29schl02_20211228_165823_3402951775_600_800.png,29schl02_20211228_165823_3402951775_600_800_mask.png,component  of  the synthetic mediu-
44,5,89,11,417,315,506,326,417,315,506,315,506,326,417,326,sub_line_text,text,text_2,raleway,regular,9,29schl02_20211228_165823_3402951775_600_800.png,/scratch/parceirosbr/bigoilict/share/BigOil/document_generator/datasets/documents_2021_12_28/29schl02_20211228_165823_3402951775_600_800.png,29schl02_20211228_165823_3402951775_600_800_mask.png,"m, were thusstudied."
76,143,153,286,417,40,570,326,417,40,570,40,570,326,417,326,text,text,text_3,raleway,regular,9,29schl02_20211228_165823_3402951775_600_800.png,/scratch/parceirosbr/bigoilict/share/BigOil/document_generator/datasets/documents_2021_12_28/29schl02_20211228_165823_3402951775_600_800.png,29schl02_20211228_165823_3402951775_600_800_mask.png,
167,5,335,11,235,362,570,373,235,362,570,362,570,373,235,373,sub_line_text,table_legend,table_0,raleway,regular,9,29schl02_20211228_165823_3402951775_600_800.png,/scratch/parceirosbr/bigoilict/share/BigOil/document_generator/datasets/documents_2021_12_28/29schl02_20211228_165823_3402951775_600_800.png,29schl02_20211228_165823_3402951775_600_800_mask.png,"Para  adequar  o  planejamento  da  geração às necessidades deste novo cenário,"
167,5,335,11,235,373,570,384,235,373,570,373,570,384,235,384,sub_line_text,table_legend,table_0,raleway,regular,9,29schl02_20211228_165823_3402951775_600_800.png,/scratch/parceirosbr/bigoilict/share/BigOil/document_generator/datasets/documents_2021_12_28/29schl02_20211228_165823_3402951775_600_800.png,29schl02_20211228_165823_3402951775_600_800_mask.png,"saindo  de um modelo convencional hidrotérmico, para um modelo de considerá-"
167,5,334,11,235,384,569,395,235,384,569,384,569,395,235,395,sub_line_text,table_legend,table_0,raleway,regular,9,29schl02_20211228_165823_3402951775_600_800.png,/scratch/parceirosbr/bigoilict/share/BigOil/document_generator/datasets/documents_2021_12_28/29schl02_20211228_165823_3402951775_600_800.png,29schl02_20211228_165823_3402951775_600_800_mask.png,vel  inserção  das  fontes  renováveis  intermitentes na geração de energia elétrica
70,5,140,11,235,395,375,406,235,395,375,395,375,406,235,406,sub_line_text,table_legend,table_0,raleway,regular,9,29schl02_20211228_165823_3402951775_600_800.png,/scratch/parceirosbr/bigoilict/share/BigOil/document_generator/datasets/documents_2021_12_28/29schl02_20211228_165823_3402951775_600_800.png,29schl02_20211228_165823_3402951775_600_800_mask.png,é preciso entender de que forma.
167,22,335,44,235,362,570,406,235,362,570,362,570,406,235,406,text,table_legend,table_1,raleway,regular,9,29schl02_20211228_165823_3402951775_600_800.png,/scratch/parceirosbr/bigoilict/share/BigOil/document_generator/datasets/documents_2021_12_28/29schl02_20211228_165823_3402951775_600_800.png,29schl02_20211228_165823_3402951775_600_800_mask.png,
159,114,318,229,244,450,562,679,244,450,562,450,562,679,244,679,table,table_image,table_1,,,,29schl02_20211228_165823_3402951775_600_800.png,/scratch/parceirosbr/bigoilict/share/BigOil/document_generator/datasets/documents_2021_12_28/29schl02_20211228_165823_3402951775_600_800.png,29schl02_20211228_165823_3402951775_600_800_mask.png,output/gen_tab_20211228_165832_1410505946.png
8,5,17,11,282,456,299,467,282,456,299,456,299,467,282,467,text,table_text,table_1,times,regular,9.0,29schl02_20211228_165823_3402951775_600_800.png,/scratch/parceirosbr/bigoilict/share/BigOil/document_generator/datasets/documents_2021_12_28/29schl02_20211228_165823_3402951775_600_800.png,29schl02_20211228_165823_3402951775_600_800_mask.png,país
8,5,17,11,282,456,299,467,282,456,299,456,299,467,282,467,sub_line_text,table_text,table_1,times,regular,9.0,29schl02_20211228_165823_3402951775_600_800.png,/scratch/parceirosbr/bigoilict/share/BigOil/document_generator/datasets/documents_2021_12_28/29schl02_20211228_165823_3402951775_600_800.png,29schl02_20211228_165823_3402951775_600_800_mask.png,país
20,5,41,11,270,479,311,490,270,479,311,479,311,490,270,490,text,table_text,table_1,times,bold,9.0,29schl02_20211228_165823_3402951775_600_800.png,/scratch/parceirosbr/bigoilict/share/BigOil/document_generator/datasets/documents_2021_12_28/29schl02_20211228_165823_3402951775_600_800.png,29schl02_20211228_165823_3402951775_600_800_mask.png,principais
20,5,41,11,270,479,311,490,270,479,311,479,311,490,270,490,sub_line_text,table_text,table_1,times,bold,9.0,29schl02_20211228_165823_3402951775_600_800.png,/scratch/parceirosbr/bigoilict/share/BigOil/document_generator/datasets/documents_2021_12_28/29schl02_20211228_165823_3402951775_600_800.png,29schl02_20211228_165823_3402951775_600_800_mask.png,principais
4,5,9,11,286,493,295,504,286,493,295,493,295,504,286,504,text,table_text,table_1,times,bold,9.0,29schl02_20211228_165823_3402951775_600_800.png,/scratch/parceirosbr/bigoilict/share/BigOil/document_generator/datasets/documents_2021_12_28/29schl02_20211228_165823_3402951775_600_800.png,29schl02_20211228_165823_3402951775_600_800_mask.png,de
4,5,9,11,286,493,295,504,286,493,295,493,295,504,286,504,sub_line_text,table_text,table_1,times,bold,9.0,29schl02_20211228_165823_3402951775_600_800.png,/scratch/parceirosbr/bigoilict/share/BigOil/document_generator/datasets/documents_2021_12_28/29schl02_20211228_165823_3402951775_600_800.png,29schl02_20211228_165823_3402951775_600_800_mask.png,de
16,5,33,11,274,507,307,518,274,507,307,507,307,518,274,518,text,table_text,table_1,times,bold,9.0,29schl02_20211228_165823_3402951775_600_800.png,/scratch/parceirosbr/bigoilict/share/BigOil/document_generator/datasets/documents_2021_12_28/29schl02_20211228_165823_3402951775_600_800.png,29schl02_20211228_165823_3402951775_600_800_mask.png,retirado
16,5,33,11,274,507,307,518,274,507,307,507,307,518,274,518,sub_line_text,table_text,table_1,times,bold,9.0,29schl02_20211228_165823_3402951775_600_800.png,/scratch/parceirosbr/bigoilict/share/BigOil/document_generator/datasets/documents_2021_12_28/29schl02_20211228_165823_3402951775_600_800.png,29schl02_20211228_165823_3402951775_600_800_mask.png,retirado
15,5,31,11,274,521,305,532,274,521,305,521,305,532,274,532,text,table_text,table_1,times,bold,9.0,29schl02_20211228_165823_3402951775_600_800.png,/scratch/parceirosbr/bigoilict/share/BigOil/document_generator/datasets/documents_2021_12_28/29schl02_20211228_165823_3402951775_600_800.png,29schl02_20211228_165823_3402951775_600_800_mask.png,oleifera
15,5,31,11,274,521,305,532,274,521,305,521,305,532,274,532,sub_line_text,table_text,table_1,times,bold,9.0,29schl02_20211228_165823_3402951775_600_800.png,/scratch/parceirosbr/bigoilict/share/BigOil/document_generator/datasets/documents_2021_12_28/29schl02_20211228_165823_3402951775_600_800.png,29schl02_20211228_165823_3402951775_600_800_mask.png,oleifera
16,5,32,11,274,535,306,546,274,535,306,535,306,546,274,546,text,table_text,table_1,times,bold,9.0,29schl02_20211228_165823_3402951775_600_800.png,/scratch/parceirosbr/bigoilict/share/BigOil/document_generator/datasets/documents_2021_12_28/29schl02_20211228_165823_3402951775_600_800.png,29schl02_20211228_165823_3402951775_600_800_mask.png,mistura
16,5,32,11,274,535,306,546,274,535,306,535,306,546,274,546,sub_line_text,table_text,table_1,times,bold,9.0,29schl02_20211228_165823_3402951775_600_800.png,/scratch/parceirosbr/bigoilict/share/BigOil/document_generator/datasets/documents_2021_12_28/29schl02_20211228_165823_3402951775_600_800.png,29schl02_20211228_165823_3402951775_600_800_mask.png,mistura
16,5,33,11,274,549,307,560,274,549,307,549,307,560,274,560,text,table_text,table_1,times,bold,9.0,29schl02_20211228_165823_3402951775_600_800.png,/scratch/parceirosbr/bigoilict/share/BigOil/document_generator/datasets/documents_2021_12_28/29schl02_20211228_165823_3402951775_600_800.png,29schl02_20211228_165823_3402951775_600_800_mask.png,resultou
16,5,33,11,274,549,307,560,274,549,307,549,307,560,274,560,sub_line_text,table_text,table_1,times,bold,9.0,29schl02_20211228_165823_3402951775_600_800.png,/scratch/parceirosbr/bigoilict/share/BigOil/document_generator/datasets/documents_2021_12_28/29schl02_20211228_165823_3402951775_600_800.png,29schl02_20211228_165823_3402951775_600_800_mask.png,resultou
13,5,27,11,276,563,303,574,276,563,303,563,303,574,276,574,text,table_text,table_1,times,bold,9.0,29schl02_20211228_165823_3402951775_600_800.png,/scratch/parceirosbr/bigoilict/share/BigOil/document_generator/datasets/documents_2021_12_28/29schl02_20211228_165823_3402951775_600_800.png,29schl02_20211228_165823_3402951775_600_800_mask.png,podem
13,5,27,11,276,563,303,574,276,563,303,563,303,574,276,574,sub_line_text,table_text,table_1,times,bold,9.0,29schl02_20211228_165823_3402951775_600_800.png,/scratch/parceirosbr/bigoilict/share/BigOil/document_generator/datasets/documents_2021_12_28/29schl02_20211228_165823_3402951775_600_800.png,29schl02_20211228_165823_3402951775_600_800_mask.png,podem
23,5,47,11,266,577,313,588,266,577,313,577,313,588,266,588,text,table_text,table_1,times,bold,9.0,29schl02_20211228_165823_3402951775_600_800.png,/scratch/parceirosbr/bigoilict/share/BigOil/document_generator/datasets/documents_2021_12_28/29schl02_20211228_165823_3402951775_600_800.png,29schl02_20211228_165823_3402951775_600_800_mask.png,envolverem
23,5,47,11,266,577,313,588,266,577,313,577,313,588,266,588,sub_line_text,table_text,table_1,times,bold,9.0,29schl02_20211228_165823_3402951775_600_800.png,/scratch/parceirosbr/bigoilict/share/BigOil/document_generator/datasets/documents_2021_12_28/29schl02_20211228_165823_3402951775_600_800.png,29schl02_20211228_165823_3402951775_600_800_mask.png,envolverem
25,5,50,11,265,591,315,602,265,591,315,591,315,602,265,602,text,table_text,table_1,times,bold,9.0,29schl02_20211228_165823_3402951775_600_800.png,/scratch/parceirosbr/bigoilict/share/BigOil/document_generator/datasets/documents_2021_12_28/29schl02_20211228_165823_3402951775_600_800.png,29schl02_20211228_165823_3402951775_600_800_mask.png,pelasalturas
25,5,50,11,265,591,315,602,265,591,315,591,315,602,265,602,sub_line_text,table_text,table_1,times,bold,9.0,29schl02_20211228_165823_3402951775_600_800.png,/scratch/parceirosbr/bigoilict/share/BigOil/document_generator/datasets/documents_2021_12_28/29schl02_20211228_165823_3402951775_600_800.png,29schl02_20211228_165823_3402951775_600_800_mask.png,pelasalturas
4,5,9,11,286,605,295,616,286,605,295,605,295,616,286,616,text,table_text,table_1,times,bold,9.0,29schl02_20211228_165823_3402951775_600_800.png,/scratch/parceirosbr/bigoilict/share/BigOil/document_generator/datasets/documents_2021_12_28/29schl02_20211228_165823_3402951775_600_800.png,29schl02_20211228_165823_3402951775_600_800_mask.png,ar
4,5,9,11,286,605,295,616,286,605,295,605,295,616,286,616,sub_line_text,table_text,table_1,times,bold,9.0,29schl02_20211228_165823_3402951775_600_800.png,/scratch/parceirosbr/bigoilict/share/BigOil/document_generator/datasets/documents_2021_12_28/29schl02_20211228_165823_3402951775_600_800.png,29schl02_20211228_165823_3402951775_600_800_mask.png,ar
5,5,10,11,285,619,295,630,285,619,295,619,295,630,285,630,text,table_text,table_1,times,bold,9.0,29schl02_20211228_165823_3402951775_600_800.png,/scratch/parceirosbr/bigoilict/share/BigOil/document_generator/datasets/documents_2021_12_28/29schl02_20211228_165823_3402951775_600_800.png,29schl02_20211228_165823_3402951775_600_800_mask.png,ou
5,5,10,11,285,619,295,630,285,619,295,619,295,630,285,630,sub_line_text,table_text,table_1,times,bold,9.0,29schl02_20211228_165823_3402951775_600_800.png,/scratch/parceirosbr/bigoilict/share/BigOil/document_generator/datasets/documents_2021_12_28/29schl02_20211228_165823_3402951775_600_800.png,29schl02_20211228_165823_3402951775_600_800_mask.png,ou
5,5,10,11,285,633,295,644,285,633,295,633,295,644,285,644,text,table_text,table_1,times,bold,9.0,29schl02_20211228_165823_3402951775_600_800.png,/scratch/parceirosbr/bigoilict/share/BigOil/document_generator/datasets/documents_2021_12_28/29schl02_20211228_165823_3402951775_600_800.png,29schl02_20211228_165823_3402951775_600_800_mask.png,na
5,5,10,11,285,633,295,644,285,633,295,633,295,644,285,644,sub_line_text,table_text,table_1,times,bold,9.0,29schl02_20211228_165823_3402951775_600_800.png,/scratch/parceirosbr/bigoilict/share/BigOil/document_generator/datasets/documents_2021_12_28/29schl02_20211228_165823_3402951775_600_800.png,29schl02_20211228_165823_3402951775_600_800_mask.png,na
17,5,35,11,272,647,307,658,272,647,307,647,307,658,272,658,text,table_text,table_1,times,bold,9.0,29schl02_20211228_165823_3402951775_600_800.png,/scratch/parceirosbr/bigoilict/share/BigOil/document_generator/datasets/documents_2021_12_28/29schl02_20211228_165823_3402951775_600_800.png,29schl02_20211228_165823_3402951775_600_800_mask.png,gasolina
17,5,35,11,272,647,307,658,272,647,307,647,307,658,272,658,sub_line_text,table_text,table_1,times,bold,9.0,29schl02_20211228_165823_3402951775_600_800.png,/scratch/parceirosbr/bigoilict/share/BigOil/document_generator/datasets/documents_2021_12_28/29schl02_20211228_165823_3402951775_600_800.png,29schl02_20211228_165823_3402951775_600_800_mask.png,gasolina
25,5,51,11,378,661,429,672,378,661,429,661,429,672,378,672,text,table_text,table_1,times,bold,9.0,29schl02_20211228_165823_3402951775_600_800.png,/scratch/parceirosbr/bigoilict/share/BigOil/document_generator/datasets/documents_2021_12_28/29schl02_20211228_165823_3402951775_600_800.png,29schl02_20211228_165823_3402951775_600_800_mask.png,aquecimento
25,5,51,11,378,661,429,672,378,661,429,661,429,672,378,672,sub_line_text,table_text,table_1,times,bold,9.0,29schl02_20211228_165823_3402951775_600_800.png,/scratch/parceirosbr/bigoilict/share/BigOil/document_generator/datasets/documents_2021_12_28/29schl02_20211228_165823_3402951775_600_800.png,29schl02_20211228_165823_3402951775_600_800_mask.png,aquecimento
10,5,21,11,355,456,376,467,355,456,376,456,376,467,355,467,text,table_text,table_1,times,regular,9.0,29schl02_20211228_165823_3402951775_600_800.png,/scratch/parceirosbr/bigoilict/share/BigOil/document_generator/datasets/documents_2021_12_28/29schl02_20211228_165823_3402951775_600_800.png,29schl02_20211228_165823_3402951775_600_800_mask.png,spray
10,5,21,11,355,456,376,467,355,456,376,456,376,467,355,467,sub_line_text,table_text,table_1,times,regular,9.0,29schl02_20211228_165823_3402951775_600_800.png,/scratch/parceirosbr/bigoilict/share/BigOil/document_generator/datasets/documents_2021_12_28/29schl02_20211228_165823_3402951775_600_800.png,29schl02_20211228_165823_3402951775_600_800_mask.png,spray
10,5,20,11,356,479,376,490,356,479,376,479,376,490,356,490,text,table_text,table_1,times,bold,9.0,29schl02_20211228_165823_3402951775_600_800.png,/scratch/parceirosbr/bigoilict/share/BigOil/document_generator/datasets/documents_2021_12_28/29schl02_20211228_165823_3402951775_600_800.png,29schl02_20211228_165823_3402951775_600_800_mask.png,8384
10,5,20,11,356,479,376,490,356,479,376,479,376,490,356,490,sub_line_text,table_text,table_1,times,bold,9.0,29schl02_20211228_165823_3402951775_600_800.png,/scratch/parceirosbr/bigoilict/share/BigOil/document_generator/datasets/documents_2021_12_28/29schl02_20211228_165823_3402951775_600_800.png,29schl02_20211228_165823_3402951775_600_800_mask.png,8384
5,5,10,11,366,493,376,504,366,493,376,493,376,504,366,504,text,table_text,table_1,times,bold,9.0,29schl02_20211228_165823_3402951775_600_800.png,/scratch/parceirosbr/bigoilict/share/BigOil/document_generator/datasets/documents_2021_12_28/29schl02_20211228_165823_3402951775_600_800.png,29schl02_20211228_165823_3402951775_600_800_mask.png,34
5,5,10,11,366,493,376,504,366,493,376,493,376,504,366,504,sub_line_text,table_text,table_1,times,bold,9.0,29schl02_20211228_165823_3402951775_600_800.png,/scratch/parceirosbr/bigoilict/share/BigOil/document_generator/datasets/documents_2021_12_28/29schl02_20211228_165823_3402951775_600_800.png,29schl02_20211228_165823_3402951775_600_800_mask.png,34
7,5,15,11,361,507,376,518,361,507,376,507,376,518,361,518,text,table_text,table_1,times,bold,9.0,29schl02_20211228_165823_3402951775_600_800.png,/scratch/parceirosbr/bigoilict/share/BigOil/document_generator/datasets/documents_2021_12_28/29schl02_20211228_165823_3402951775_600_800.png,29schl02_20211228_165823_3402951775_600_800_mask.png,870
7,5,15,11,361,507,376,518,361,507,376,507,376,518,361,518,sub_line_text,table_text,table_1,times,bold,9.0,29schl02_20211228_165823_3402951775_600_800.png,/scratch/parceirosbr/bigoilict/share/BigOil/document_generator/datasets/documents_2021_12_28/29schl02_20211228_165823_3402951775_600_800.png,29schl02_20211228_165823_3402951775_600_800_mask.png,870
10,5,20,11,356,521,376,532,356,521,376,521,376,532,356,532,text,table_text,table_1,times,bold,9.0,29schl02_20211228_165823_3402951775_600_800.png,/scratch/parceirosbr/bigoilict/share/BigOil/document_generator/datasets/documents_2021_12_28/29schl02_20211228_165823_3402951775_600_800.png,29schl02_20211228_165823_3402951775_600_800_mask.png,8300
10,5,20,11,356,521,376,532,356,521,376,521,376,532,356,532,sub_line_text,table_text,table_1,times,bold,9.0,29schl02_20211228_165823_3402951775_600_800.png,/scratch/parceirosbr/bigoilict/share/BigOil/document_generator/datasets/documents_2021_12_28/29schl02_20211228_165823_3402951775_600_800.png,29schl02_20211228_165823_3402951775_600_800_mask.png,8300
5,5,10,11,366,535,376,546,366,535,376,535,376,546,366,546,text,table_text,table_1,times,bold,9.0,29schl02_20211228_165823_3402951775_600_800.png,/scratch/parceirosbr/bigoilict/share/BigOil/document_generator/datasets/documents_2021_12_28/29schl02_20211228_165823_3402951775_600_800.png,29schl02_20211228_165823_3402951775_600_800_mask.png,86
5,5,10,11,366,535,376,546,366,535,376,535,376,546,366,546,sub_line_text,table_text,table_1,times,bold,9.0,29schl02_20211228_165823_3402951775_600_800.png,/scratch/parceirosbr/bigoilict/share/BigOil/document_generator/datasets/documents_2021_12_28/29schl02_20211228_165823_3402951775_600_800.png,29schl02_20211228_165823_3402951775_600_800_mask.png,86
7,5,15,11,361,549,376,560,361,549,376,549,376,560,361,560,text,table_text,table_1,times,bold,9.0,29schl02_20211228_165823_3402951775_600_800.png,/scratch/parceirosbr/bigoilict/share/BigOil/document_generator/datasets/documents_2021_12_28/29schl02_20211228_165823_3402951775_600_800.png,29schl02_20211228_165823_3402951775_600_800_mask.png,250
7,5,15,11,361,549,376,560,361,549,376,549,376,560,361,560,sub_line_text,table_text,table_1,times,bold,9.0,29schl02_20211228_165823_3402951775_600_800.png,/scratch/parceirosbr/bigoilict/share/BigOil/document_generator/datasets/documents_2021_12_28/29schl02_20211228_165823_3402951775_600_800.png,29schl02_20211228_165823_3402951775_600_800_mask.png,250
7,5,15,11,361,563,376,574,361,563,376,563,376,574,361,574,text,table_text,table_1,times,bold,9.0,29schl02_20211228_165823_3402951775_600_800.png,/scratch/parceirosbr/bigoilict/share/BigOil/document_generator/datasets/documents_2021_12_28/29schl02_20211228_165823_3402951775_600_800.png,29schl02_20211228_165823_3402951775_600_800_mask.png,900
7,5,15,11,361,563,376,574,361,563,376,563,376,574,361,574,sub_line_text,table_text,table_1,times,bold,9.0,29schl02_20211228_165823_3402951775_600_800.png,/scratch/parceirosbr/bigoilict/share/BigOil/document_generator/datasets/documents_2021_12_28/29schl02_20211228_165823_3402951775_600_800.png,29schl02_20211228_165823_3402951775_600_800_mask.png,900
10,5,20,11,356,577,376,588,356,577,376,577,376,588,356,588,text,table_text,table_1,times,bold,9.0,29schl02_20211228_165823_3402951775_600_800.png,/scratch/parceirosbr/bigoilict/share/BigOil/document_generator/datasets/documents_2021_12_28/29schl02_20211228_165823_3402951775_600_800.png,29schl02_20211228_165823_3402951775_600_800_mask.png,2677
10,5,20,11,356,577,376,588,356,577,376,577,376,588,356,588,sub_line_text,table_text,table_1,times,bold,9.0,29schl02_20211228_165823_3402951775_600_800.png,/scratch/parceirosbr/bigoilict/share/BigOil/document_generator/datasets/documents_2021_12_28/29schl02_20211228_165823_3402951775_600_800.png,29schl02_20211228_165823_3402951775_600_800_mask.png,2677
10,5,20,11,356,591,376,602,356,591,376,591,376,602,356,602,text,table_text,table_1,times,bold,9.0,29schl02_20211228_165823_3402951775_600_800.png,/scratch/parceirosbr/bigoilict/share/BigOil/document_generator/datasets/documents_2021_12_28/29schl02_20211228_165823_3402951775_600_800.png,29schl02_20211228_165823_3402951775_600_800_mask.png,4551
10,5,20,11,356,591,376,602,356,591,376,591,376,602,356,602,sub_line_text,table_text,table_1,times,bold,9.0,29schl02_20211228_165823_3402951775_600_800.png,/scratch/parceirosbr/bigoilict/share/BigOil/document_generator/datasets/documents_2021_12_28/29schl02_20211228_165823_3402951775_600_800.png,29schl02_20211228_165823_3402951775_600_800_mask.png,4551
5,5,10,11,366,605,376,616,366,605,376,605,376,616,366,616,text,table_text,table_1,times,bold,9.0,29schl02_20211228_165823_3402951775_600_800.png,/scratch/parceirosbr/bigoilict/share/BigOil/document_generator/datasets/documents_2021_12_28/29schl02_20211228_165823_3402951775_600_800.png,29schl02_20211228_165823_3402951775_600_800_mask.png,86
5,5,10,11,366,605,376,616,366,605,376,605,376,616,366,616,sub_line_text,table_text,table_1,times,bold,9.0,29schl02_20211228_165823_3402951775_600_800.png,/scratch/parceirosbr/bigoilict/share/BigOil/document_generator/datasets/documents_2021_12_28/29schl02_20211228_165823_3402951775_600_800.png,29schl02_20211228_165823_3402951775_600_800_mask.png,86
7,5,15,11,361,619,376,630,361,619,376,619,376,630,361,630,text,table_text,table_1,times,bold,9.0,29schl02_20211228_165823_3402951775_600_800.png,/scratch/parceirosbr/bigoilict/share/BigOil/document_generator/datasets/documents_2021_12_28/29schl02_20211228_165823_3402951775_600_800.png,29schl02_20211228_165823_3402951775_600_800_mask.png,394
7,5,15,11,361,619,376,630,361,619,376,619,376,630,361,630,sub_line_text,table_text,table_1,times,bold,9.0,29schl02_20211228_165823_3402951775_600_800.png,/scratch/parceirosbr/bigoilict/share/BigOil/document_generator/datasets/documents_2021_12_28/29schl02_20211228_165823_3402951775_600_800.png,29schl02_20211228_165823_3402951775_600_800_mask.png,394
5,5,10,11,366,633,376,644,366,633,376,633,376,644,366,644,text,table_text,table_1,times,bold,9.0,29schl02_20211228_165823_3402951775_600_800.png,/scratch/parceirosbr/bigoilict/share/BigOil/document_generator/datasets/documents_2021_12_28/29schl02_20211228_165823_3402951775_600_800.png,29schl02_20211228_165823_3402951775_600_800_mask.png,54
5,5,10,11,366,633,376,644,366,633,376,633,376,644,366,644,sub_line_text,table_text,table_1,times,bold,9.0,29schl02_20211228_165823_3402951775_600_800.png,/scratch/parceirosbr/bigoilict/share/BigOil/document_generator/datasets/documents_2021_12_28/29schl02_20211228_165823_3402951775_600_800.png,29schl02_20211228_165823_3402951775_600_800_mask.png,54
5,5,10,11,366,647,376,658,366,647,376,647,376,658,366,658,text,table_text,table_1,times,bold,9.0,29schl02_20211228_165823_3402951775_600_800.png,/scratch/parceirosbr/bigoilict/share/BigOil/document_generator/datasets/documents_2021_12_28/29schl02_20211228_165823_3402951775_600_800.png,29schl02_20211228_165823_3402951775_600_800_mask.png,19
5,5,10,11,366,647,376,658,366,647,376,647,376,658,366,658,sub_line_text,table_text,table_1,times,bold,9.0,29schl02_20211228_165823_3402951775_600_800.png,/scratch/parceirosbr/bigoilict/share/BigOil/document_generator/datasets/documents_2021_12_28/29schl02_20211228_165823_3402951775_600_800.png,29schl02_20211228_165823_3402951775_600_800_mask.png,19
8,5,16,11,445,456,461,467,445,456,461,456,461,467,445,467,text,table_text,table_1,times,regular,9.0,29schl02_20211228_165823_3402951775_600_800.png,/scratch/parceirosbr/bigoilict/share/BigOil/document_generator/datasets/documents_2021_12_28/29schl02_20211228_165823_3402951775_600_800.png,29schl02_20211228_165823_3402951775_600_800_mask.png,com
8,5,16,11,445,456,461,467,445,456,461,456,461,467,445,467,sub_line_text,table_text,table_1,times,regular,9.0,29schl02_20211228_165823_3402951775_600_800.png,/scratch/parceirosbr/bigoilict/share/BigOil/document_generator/datasets/documents_2021_12_28/29schl02_20211228_165823_3402951775_600_800.png,29schl02_20211228_165823_3402951775_600_800_mask.png,com
13,5,27,11,434,479,461,490,434,479,461,479,461,490,434,490,text,table_text,table_1,times,bold,9.0,29schl02_20211228_165823_3402951775_600_800.png,/scratch/parceirosbr/bigoilict/share/BigOil/document_generator/datasets/documents_2021_12_28/29schl02_20211228_165823_3402951775_600_800.png,29schl02_20211228_165823_3402951775_600_800_mask.png,5.6531
13,5,27,11,434,479,461,490,434,479,461,479,461,490,434,490,sub_line_text,table_text,table_1,times,bold,9.0,29schl02_20211228_165823_3402951775_600_800.png,/scratch/parceirosbr/bigoilict/share/BigOil/document_generator/datasets/documents_2021_12_28/29schl02_20211228_165823_3402951775_600_800.png,29schl02_20211228_165823_3402951775_600_800_mask.png,5.6531
13,5,27,11,434,493,461,504,434,493,461,493,461,504,434,504,text,table_text,table_1,times,bold,9.0,29schl02_20211228_165823_3402951775_600_800.png,/scratch/parceirosbr/bigoilict/share/BigOil/document_generator/datasets/documents_2021_12_28/29schl02_20211228_165823_3402951775_600_800.png,29schl02_20211228_165823_3402951775_600_800_mask.png,9.8438
13,5,27,11,434,493,461,504,434,493,461,493,461,504,434,504,sub_line_text,table_text,table_1,times,bold,9.0,29schl02_20211228_165823_3402951775_600_800.png,/scratch/parceirosbr/bigoilict/share/BigOil/document_generator/datasets/documents_2021_12_28/29schl02_20211228_165823_3402951775_600_800.png,29schl02_20211228_165823_3402951775_600_800_mask.png,9.8438
13,5,27,11,434,507,461,518,434,507,461,507,461,518,434,518,text,table_text,table_1,times,bold,9.0,29schl02_20211228_165823_3402951775_600_800.png,/scratch/parceirosbr/bigoilict/share/BigOil/document_generator/datasets/documents_2021_12_28/29schl02_20211228_165823_3402951775_600_800.png,29schl02_20211228_165823_3402951775_600_800_mask.png,8.9120
13,5,27,11,434,507,461,518,434,507,461,507,461,518,434,518,sub_line_text,table_text,table_1,times,bold,9.0,29schl02_20211228_165823_3402951775_600_800.png,/scratch/parceirosbr/bigoilict/share/BigOil/document_generator/datasets/documents_2021_12_28/29schl02_20211228_165823_3402951775_600_800.png,29schl02_20211228_165823_3402951775_600_800_mask.png,8.9120
13,5,27,11,434,521,461,532,434,521,461,521,461,532,434,532,text,table_text,table_1,times,bold,9.0,29schl02_20211228_165823_3402951775_600_800.png,/scratch/parceirosbr/bigoilict/share/BigOil/document_generator/datasets/documents_2021_12_28/29schl02_20211228_165823_3402951775_600_800.png,29schl02_20211228_165823_3402951775_600_800_mask.png,5.1069
13,5,27,11,434,521,461,532,434,521,461,521,461,532,434,532,sub_line_text,table_text,table_1,times,bold,9.0,29schl02_20211228_165823_3402951775_600_800.png,/scratch/parceirosbr/bigoilict/share/BigOil/document_generator/datasets/documents_2021_12_28/29schl02_20211228_165823_3402951775_600_800.png,29schl02_20211228_165823_3402951775_600_800_mask.png,5.1069
13,5,27,11,434,535,461,546,434,535,461,535,461,546,434,546,text,table_text,table_1,times,bold,9.0,29schl02_20211228_165823_3402951775_600_800.png,/scratch/parceirosbr/bigoilict/share/BigOil/document_generator/datasets/documents_2021_12_28/29schl02_20211228_165823_3402951775_600_800.png,29schl02_20211228_165823_3402951775_600_800_mask.png,3.3380
13,5,27,11,434,535,461,546,434,535,461,535,461,546,434,546,sub_line_text,table_text,table_1,times,bold,9.0,29schl02_20211228_165823_3402951775_600_800.png,/scratch/parceirosbr/bigoilict/share/BigOil/document_generator/datasets/documents_2021_12_28/29schl02_20211228_165823_3402951775_600_800.png,29schl02_20211228_165823_3402951775_600_800_mask.png,3.3380
13,5,27,11,434,549,461,560,434,549,461,549,461,560,434,560,text,table_text,table_1,times,bold,9.0,29schl02_20211228_165823_3402951775_600_800.png,/scratch/parceirosbr/bigoilict/share/BigOil/document_generator/datasets/documents_2021_12_28/29schl02_20211228_165823_3402951775_600_800.png,29schl02_20211228_165823_3402951775_600_800_mask.png,1.8918
13,5,27,11,434,549,461,560,434,549,461,549,461,560,434,560,sub_line_text,table_text,table_1,times,bold,9.0,29schl02_20211228_165823_3402951775_600_800.png,/scratch/parceirosbr/bigoilict/share/BigOil/document_generator/datasets/documents_2021_12_28/29schl02_20211228_165823_3402951775_600_800.png,29schl02_20211228_165823_3402951775_600_800_mask.png,1.8918
13,5,27,11,434,563,461,574,434,563,461,563,461,574,434,574,text,table_text,table_1,times,bold,9.0,29schl02_20211228_165823_3402951775_600_800.png,/scratch/parceirosbr/bigoilict/share/BigOil/document_generator/datasets/documents_2021_12_28/29schl02_20211228_165823_3402951775_600_800.png,29schl02_20211228_165823_3402951775_600_800_mask.png,2.3597
13,5,27,11,434,563,461,574,434,563,461,563,461,574,434,574,sub_line_text,table_text,table_1,times,bold,9.0,29schl02_20211228_165823_3402951775_600_800.png,/scratch/parceirosbr/bigoilict/share/BigOil/document_generator/datasets/documents_2021_12_28/29schl02_20211228_165823_3402951775_600_800.png,29schl02_20211228_165823_3402951775_600_800_mask.png,2.3597
13,5,27,11,434,577,461,588,434,577,461,577,461,588,434,588,text,table_text,table_1,times,bold,9.0,29schl02_20211228_165823_3402951775_600_800.png,/scratch/parceirosbr/bigoilict/share/BigOil/document_generator/datasets/documents_2021_12_28/29schl02_20211228_165823_3402951775_600_800.png,29schl02_20211228_165823_3402951775_600_800_mask.png,4.6801
13,5,27,11,434,577,461,588,434,577,461,577,461,588,434,588,sub_line_text,table_text,table_1,times,bold,9.0,29schl02_20211228_165823_3402951775_600_800.png,/scratch/parceirosbr/bigoilict/share/BigOil/document_generator/datasets/documents_2021_12_28/29schl02_20211228_165823_3402951775_600_800.png,29schl02_20211228_165823_3402951775_600_800_mask.png,4.6801
13,5,27,11,434,591,461,602,434,591,461,591,461,602,434,602,text,table_text,table_1,times,bold,9.0,29schl02_20211228_165823_3402951775_600_800.png,/scratch/parceirosbr/bigoilict/share/BigOil/document_generator/datasets/documents_2021_12_28/29schl02_20211228_165823_3402951775_600_800.png,29schl02_20211228_165823_3402951775_600_800_mask.png,1.3766
13,5,27,11,434,591,461,602,434,591,461,591,461,602,434,602,sub_line_text,table_text,table_1,times,bold,9.0,29schl02_20211228_165823_3402951775_600_800.png,/scratch/parceirosbr/bigoilict/share/BigOil/document_generator/datasets/documents_2021_12_28/29schl02_20211228_165823_3402951775_600_800.png,29schl02_20211228_165823_3402951775_600_800_mask.png,1.3766
13,5,27,11,434,605,461,616,434,605,461,605,461,616,434,616,text,table_text,table_1,times,bold,9.0,29schl02_20211228_165823_3402951775_600_800.png,/scratch/parceirosbr/bigoilict/share/BigOil/document_generator/datasets/documents_2021_12_28/29schl02_20211228_165823_3402951775_600_800.png,29schl02_20211228_165823_3402951775_600_800_mask.png,5.3161
13,5,27,11,434,605,461,616,434,605,461,605,461,616,434,616,sub_line_text,table_text,table_1,times,bold,9.0,29schl02_20211228_165823_3402951775_600_800.png,/scratch/parceirosbr/bigoilict/share/BigOil/document_generator/datasets/documents_2021_12_28/29schl02_20211228_165823_3402951775_600_800.png,29schl02_20211228_165823_3402951775_600_800_mask.png,5.3161
13,5,27,11,434,619,461,630,434,619,461,619,461,630,434,630,text,table_text,table_1,times,bold,9.0,29schl02_20211228_165823_3402951775_600_800.png,/scratch/parceirosbr/bigoilict/share/BigOil/document_generator/datasets/documents_2021_12_28/29schl02_20211228_165823_3402951775_600_800.png,29schl02_20211228_165823_3402951775_600_800_mask.png,2.5679
13,5,27,11,434,619,461,630,434,619,461,619,461,630,434,630,sub_line_text,table_text,table_1,times,bold,9.0,29schl02_20211228_165823_3402951775_600_800.png,/scratch/parceirosbr/bigoilict/share/BigOil/document_generator/datasets/documents_2021_12_28/29schl02_20211228_165823_3402951775_600_800.png,29schl02_20211228_165823_3402951775_600_800_mask.png,2.5679
13,5,27,11,434,633,461,644,434,633,461,633,461,644,434,644,text,table_text,table_1,times,bold,9.0,29schl02_20211228_165823_3402951775_600_800.png,/scratch/parceirosbr/bigoilict/share/BigOil/document_generator/datasets/documents_2021_12_28/29schl02_20211228_165823_3402951775_600_800.png,29schl02_20211228_165823_3402951775_600_800_mask.png,7.5810
13,5,27,11,434,633,461,644,434,633,461,633,461,644,434,644,sub_line_text,table_text,table_1,times,bold,9.0,29schl02_20211228_165823_3402951775_600_800.png,/scratch/parceirosbr/bigoilict/share/BigOil/document_generator/datasets/documents_2021_12_28/29schl02_20211228_165823_3402951775_600_800.png,29schl02_20211228_165823_3402951775_600_800_mask.png,7.5810
13,5,27,11,434,647,461,658,434,647,461,647,461,658,434,658,text,table_text,table_1,times,bold,9.0,29schl02_20211228_165823_3402951775_600_800.png,/scratch/parceirosbr/bigoilict/share/BigOil/document_generator/datasets/documents_2021_12_28/29schl02_20211228_165823_3402951775_600_800.png,29schl02_20211228_165823_3402951775_600_800_mask.png,9.8856
13,5,27,11,434,647,461,658,434,647,461,647,461,658,434,658,sub_line_text,table_text,table_1,times,bold,9.0,29schl02_20211228_165823_3402951775_600_800.png,/scratch/parceirosbr/bigoilict/share/BigOil/document_generator/datasets/documents_2021_12_28/29schl02_20211228_165823_3402951775_600_800.png,29schl02_20211228_165823_3402951775_600_800_mask.png,9.8856
14,5,29,11,528,456,557,467,528,456,557,456,557,467,528,467,text,table_text,table_1,times,regular,9.0,29schl02_20211228_165823_3402951775_600_800.png,/scratch/parceirosbr/bigoilict/share/BigOil/document_generator/datasets/documents_2021_12_28/29schl02_20211228_165823_3402951775_600_800.png,29schl02_20211228_165823_3402951775_600_800_mask.png,sentido
14,5,29,11,528,456,557,467,528,456,557,456,557,467,528,467,sub_line_text,table_text,table_1,times,regular,9.0,29schl02_20211228_165823_3402951775_600_800.png,/scratch/parceirosbr/bigoilict/share/BigOil/document_generator/datasets/documents_2021_12_28/29schl02_20211228_165823_3402951775_600_800.png,29schl02_20211228_165823_3402951775_600_800_mask.png,sentido
18,5,37,11,520,479,557,490,520,479,557,479,557,490,520,490,text,table_text,table_1,times,bold,9.0,29schl02_20211228_165823_3402951775_600_800.png,/scratch/parceirosbr/bigoilict/share/BigOil/document_generator/datasets/documents_2021_12_28/29schl02_20211228_165823_3402951775_600_800.png,29schl02_20211228_165823_3402951775_600_800_mask.png,747.6361
18,5,37,11,520,479,557,490,520,479,557,479,557,490,520,490,sub_line_text,table_text,table_1,times,bold,9.0,29schl02_20211228_165823_3402951775_600_800.png,/scratch/parceirosbr/bigoilict/share/BigOil/document_generator/datasets/documents_2021_12_28/29schl02_20211228_165823_3402951775_600_800.png,29schl02_20211228_165823_3402951775_600_800_mask.png,747.6361
26,5,52,11,505,493,557,504,505,493,557,493,557,504,505,504,text,table_text,table_1,times,bold,9.0,29schl02_20211228_165823_3402951775_600_800.png,/scratch/parceirosbr/bigoilict/share/BigOil/document_generator/datasets/documents_2021_12_28/29schl02_20211228_165823_3402951775_600_800.png,29schl02_20211228_165823_3402951775_600_800_mask.png,299522.5967
26,5,52,11,505,493,557,504,505,493,557,493,557,504,505,504,sub_line_text,table_text,table_1,times,bold,9.0,29schl02_20211228_165823_3402951775_600_800.png,/scratch/parceirosbr/bigoilict/share/BigOil/document_generator/datasets/documents_2021_12_28/29schl02_20211228_165823_3402951775_600_800.png,29schl02_20211228_165823_3402951775_600_800_mask.png,299522.5967
18,5,37,11,520,507,557,518,520,507,557,507,557,518,520,518,text,table_text,table_1,times,bold,9.0,29schl02_20211228_165823_3402951775_600_800.png,/scratch/parceirosbr/bigoilict/share/BigOil/document_generator/datasets/documents_2021_12_28/29schl02_20211228_165823_3402951775_600_800.png,29schl02_20211228_165823_3402951775_600_800_mask.png,264.7692
18,5,37,11,520,507,557,518,520,507,557,507,557,518,520,518,sub_line_text,table_text,table_1,times,bold,9.0,29schl02_20211228_165823_3402951775_600_800.png,/scratch/parceirosbr/bigoilict/share/BigOil/document_generator/datasets/documents_2021_12_28/29schl02_20211228_165823_3402951775_600_800.png,29schl02_20211228_165823_3402951775_600_800_mask.png,264.7692
26,5,52,11,505,521,557,532,505,521,557,521,557,532,505,532,text,table_text,table_1,times,bold,9.0,29schl02_20211228_165823_3402951775_600_800.png,/scratch/parceirosbr/bigoilict/share/BigOil/document_generator/datasets/documents_2021_12_28/29schl02_20211228_165823_3402951775_600_800.png,29schl02_20211228_165823_3402951775_600_800_mask.png,325863.5440
26,5,52,11,505,521,557,532,505,521,557,521,557,532,505,532,sub_line_text,table_text,table_1,times,bold,9.0,29schl02_20211228_165823_3402951775_600_800.png,/scratch/parceirosbr/bigoilict/share/BigOil/document_generator/datasets/documents_2021_12_28/29schl02_20211228_165823_3402951775_600_800.png,29schl02_20211228_165823_3402951775_600_800_mask.png,325863.5440
18,5,37,11,520,535,557,546,520,535,557,535,557,546,520,546,text,table_text,table_1,times,bold,9.0,29schl02_20211228_165823_3402951775_600_800.png,/scratch/parceirosbr/bigoilict/share/BigOil/document_generator/datasets/documents_2021_12_28/29schl02_20211228_165823_3402951775_600_800.png,29schl02_20211228_165823_3402951775_600_800_mask.png,139.7548
18,5,37,11,520,535,557,546,520,535,557,535,557,546,520,546,sub_line_text,table_text,table_1,times,bold,9.0,29schl02_20211228_165823_3402951775_600_800.png,/scratch/parceirosbr/bigoilict/share/BigOil/document_generator/datasets/documents_2021_12_28/29schl02_20211228_165823_3402951775_600_800.png,29schl02_20211228_165823_3402951775_600_800_mask.png,139.7548
18,5,37,11,520,549,557,560,520,549,557,549,557,560,520,560,text,table_text,table_1,times,bold,9.0,29schl02_20211228_165823_3402951775_600_800.png,/scratch/parceirosbr/bigoilict/share/BigOil/document_generator/datasets/documents_2021_12_28/29schl02_20211228_165823_3402951775_600_800.png,29schl02_20211228_165823_3402951775_600_800_mask.png,704.5533
18,5,37,11,520,549,557,560,520,549,557,549,557,560,520,560,sub_line_text,table_text,table_1,times,bold,9.0,29schl02_20211228_165823_3402951775_600_800.png,/scratch/parceirosbr/bigoilict/share/BigOil/document_generator/datasets/documents_2021_12_28/29schl02_20211228_165823_3402951775_600_800.png,29schl02_20211228_165823_3402951775_600_800_mask.png,704.5533
23,5,47,11,510,563,557,574,510,563,557,563,557,574,510,574,text,table_text,table_1,times,bold,9.0,29schl02_20211228_165823_3402951775_600_800.png,/scratch/parceirosbr/bigoilict/share/BigOil/document_generator/datasets/documents_2021_12_28/29schl02_20211228_165823_3402951775_600_800.png,29schl02_20211228_165823_3402951775_600_800_mask.png,83315.3100
23,5,47,11,510,563,557,574,510,563,557,563,557,574,510,574,sub_line_text,table_text,table_1,times,bold,9.0,29schl02_20211228_165823_3402951775_600_800.png,/scratch/parceirosbr/bigoilict/share/BigOil/document_generator/datasets/documents_2021_12_28/29schl02_20211228_165823_3402951775_600_800.png,29schl02_20211228_165823_3402951775_600_800_mask.png,83315.3100
21,5,42,11,515,577,557,588,515,577,557,577,557,588,515,588,text,table_text,table_1,times,bold,9.0,29schl02_20211228_165823_3402951775_600_800.png,/scratch/parceirosbr/bigoilict/share/BigOil/document_generator/datasets/documents_2021_12_28/29schl02_20211228_165823_3402951775_600_800.png,29schl02_20211228_165823_3402951775_600_800_mask.png,4649.3897
21,5,42,11,515,577,557,588,515,577,557,577,557,588,515,588,sub_line_text,table_text,table_1,times,bold,9.0,29schl02_20211228_165823_3402951775_600_800.png,/scratch/parceirosbr/bigoilict/share/BigOil/document_generator/datasets/documents_2021_12_28/29schl02_20211228_165823_3402951775_600_800.png,29schl02_20211228_165823_3402951775_600_800_mask.png,4649.3897
26,5,52,11,505,591,557,602,505,591,557,591,557,602,505,602,text,table_text,table_1,times,bold,9.0,29schl02_20211228_165823_3402951775_600_800.png,/scratch/parceirosbr/bigoilict/share/BigOil/document_generator/datasets/documents_2021_12_28/29schl02_20211228_165823_3402951775_600_800.png,29schl02_20211228_165823_3402951775_600_800_mask.png,101595.2871
26,5,52,11,505,591,557,602,505,591,557,591,557,602,505,602,sub_line_text,table_text,table_1,times,bold,9.0,29schl02_20211228_165823_3402951775_600_800.png,/scratch/parceirosbr/bigoilict/share/BigOil/document_generator/datasets/documents_2021_12_28/29schl02_20211228_165823_3402951775_600_800.png,29schl02_20211228_165823_3402951775_600_800_mask.png,101595.2871
21,5,42,11,515,605,557,616,515,605,557,605,557,616,515,616,text,table_text,table_1,times,bold,9.0,29schl02_20211228_165823_3402951775_600_800.png,/scratch/parceirosbr/bigoilict/share/BigOil/document_generator/datasets/documents_2021_12_28/29schl02_20211228_165823_3402951775_600_800.png,29schl02_20211228_165823_3402951775_600_800_mask.png,9838.8267
21,5,42,11,515,605,557,616,515,605,557,605,557,616,515,616,sub_line_text,table_text,table_1,times,bold,9.0,29schl02_20211228_165823_3402951775_600_800.png,/scratch/parceirosbr/bigoilict/share/BigOil/document_generator/datasets/documents_2021_12_28/29schl02_20211228_165823_3402951775_600_800.png,29schl02_20211228_165823_3402951775_600_800_mask.png,9838.8267
26,5,52,11,505,619,557,630,505,619,557,619,557,630,505,630,text,table_text,table_1,times,bold,9.0,29schl02_20211228_165823_3402951775_600_800.png,/scratch/parceirosbr/bigoilict/share/BigOil/document_generator/datasets/documents_2021_12_28/29schl02_20211228_165823_3402951775_600_800.png,29schl02_20211228_165823_3402951775_600_800_mask.png,648562.3761
26,5,52,11,505,619,557,630,505,619,557,619,557,630,505,630,sub_line_text,table_text,table_1,times,bold,9.0,29schl02_20211228_165823_3402951775_600_800.png,/scratch/parceirosbr/bigoilict/share/BigOil/document_generator/datasets/documents_2021_12_28/29schl02_20211228_165823_3402951775_600_800.png,29schl02_20211228_165823_3402951775_600_800_mask.png,648562.3761
18,5,37,11,520,633,557,644,520,633,557,633,557,644,520,644,text,table_text,table_1,times,bold,9.0,29schl02_20211228_165823_3402951775_600_800.png,/scratch/parceirosbr/bigoilict/share/BigOil/document_generator/datasets/documents_2021_12_28/29schl02_20211228_165823_3402951775_600_800.png,29schl02_20211228_165823_3402951775_600_800_mask.png,213.4699
18,5,37,11,520,633,557,644,520,633,557,633,557,644,520,644,sub_line_text,table_text,table_1,times,bold,9.0,29schl02_20211228_165823_3402951775_600_800.png,/scratch/parceirosbr/bigoilict/share/BigOil/document_generator/datasets/documents_2021_12_28/29schl02_20211228_165823_3402951775_600_800.png,29schl02_20211228_165823_3402951775_600_800_mask.png,213.4699
21,5,42,11,515,647,557,658,515,647,557,647,557,658,515,658,text,table_text,table_1,times,bold,9.0,29schl02_20211228_165823_3402951775_600_800.png,/scratch/parceirosbr/bigoilict/share/BigOil/document_generator/datasets/documents_2021_12_28/29schl02_20211228_165823_3402951775_600_800.png,29schl02_20211228_165823_3402951775_600_800_mask.png,3128.3905
21,5,42,11,515,647,557,658,515,647,557,647,557,658,515,658,sub_line_text,table_text,table_1,times,bold,9.0,29schl02_20211228_165823_3402951775_600_800.png,/scratch/parceirosbr/bigoilict/share/BigOil/document_generator/datasets/documents_2021_12_28/29schl02_20211228_165823_3402951775_600_800.png,29schl02_20211228_165823_3402951775_600_800_mask.png,3128.3905
