center_x,center_y,width,height,xmin,ymin,xmax,ymax,top_left_x,top_left_y,top_right_x,top_right_y,bottom_right_x,bottom_right_y,bottom_left_x,bottom_left_y,label,grouplabel,group,text_font,text_style,size_font,filename,path,filename_mask,content
300,400,600,800,0,0,600,800,0,0,600,0,600,800,0,800,document,,,,,,29schl02_20211228_165833_9112100890_600_800.png,/scratch/parceirosbr/bigoilict/share/BigOil/document_generator/datasets/documents_2021_12_28/29schl02_20211228_165833_9112100890_600_800.png,29schl02_20211228_165833_9112100890_600_800_mask.png,
22,6,45,13,26,40,71,53,26,40,71,40,71,53,26,53,sub_line_text,subtitle,subtitle_0,arial,bold,10,29schl02_20211228_165833_9112100890_600_800.png,/scratch/parceirosbr/bigoilict/share/BigOil/document_generator/datasets/documents_2021_12_28/29schl02_20211228_165833_9112100890_600_800.png,29schl02_20211228_165833_9112100890_600_800_mask.png,Drilling)
22,6,45,13,26,40,71,53,26,40,71,40,71,53,26,53,title,subtitle,subtitle_1,arial,bold,10,29schl02_20211228_165833_9112100890_600_800.png,/scratch/parceirosbr/bigoilict/share/BigOil/document_generator/datasets/documents_2021_12_28/29schl02_20211228_165833_9112100890_600_800.png,29schl02_20211228_165833_9112100890_600_800_mask.png,
79,46,158,92,26,58,184,150,26,58,184,59,184,150,26,149,list,list,list_1,arial,arial,9,29schl02_20211228_165833_9112100890_600_800.png,/scratch/parceirosbr/bigoilict/share/BigOil/document_generator/datasets/documents_2021_12_28/29schl02_20211228_165833_9112100890_600_800.png,29schl02_20211228_165833_9112100890_600_800_mask.png,
65,6,130,13,26,58,156,71,26,58,156,59,156,71,26,70,sub_line_text,list,list_1,arial,regular,9,29schl02_20211228_165833_9112100890_600_800.png,/scratch/parceirosbr/bigoilict/share/BigOil/document_generator/datasets/documents_2021_12_28/29schl02_20211228_165833_9112100890_600_800.png,29schl02_20211228_165833_9112100890_600_800_mask.png,"That said, from the point of."
76,6,153,13,26,77,179,90,26,77,179,78,179,90,26,89,sub_line_text,list,list_1,arial,regular,9,29schl02_20211228_165833_9112100890_600_800.png,/scratch/parceirosbr/bigoilict/share/BigOil/document_generator/datasets/documents_2021_12_28/29schl02_20211228_165833_9112100890_600_800.png,29schl02_20211228_165833_9112100890_600_800_mask.png,"Com esse computador, obteve-s-"
14,6,28,12,32,88,60,100,32,88,60,88,60,100,32,100,sub_line_text,list,list_1,arial,regular,9,29schl02_20211228_165833_9112100890_600_800.png,/scratch/parceirosbr/bigoilict/share/BigOil/document_generator/datasets/documents_2021_12_28/29schl02_20211228_165833_9112100890_600_800.png,29schl02_20211228_165833_9112100890_600_800_mask.png,e os.
50,6,100,13,26,107,126,120,26,107,126,108,126,120,26,119,sub_line_text,list,list_1,arial,regular,9,29schl02_20211228_165833_9112100890_600_800.png,/scratch/parceirosbr/bigoilict/share/BigOil/document_generator/datasets/documents_2021_12_28/29schl02_20211228_165833_9112100890_600_800.png,29schl02_20211228_165833_9112100890_600_800_mask.png,System and present.
77,6,154,13,26,126,180,139,26,126,180,127,180,139,26,138,sub_line_text,list,list_1,arial,regular,9,29schl02_20211228_165833_9112100890_600_800.png,/scratch/parceirosbr/bigoilict/share/BigOil/document_generator/datasets/documents_2021_12_28/29schl02_20211228_165833_9112100890_600_800.png,29schl02_20211228_165833_9112100890_600_800_mask.png,"Replacement  of  the  1998  one.,"
25,6,51,12,32,137,83,149,32,137,83,137,83,149,32,149,sub_line_text,list,list_1,arial,regular,9,29schl02_20211228_165833_9112100890_600_800.png,/scratch/parceirosbr/bigoilict/share/BigOil/document_generator/datasets/documents_2021_12_28/29schl02_20211228_165833_9112100890_600_800.png,29schl02_20211228_165833_9112100890_600_800_mask.png,About 1.3.
23,6,47,13,26,168,73,181,26,168,73,168,73,181,26,181,sub_line_text,subtitle,subtitle_1,arial,bold,10,29schl02_20211228_165833_9112100890_600_800.png,/scratch/parceirosbr/bigoilict/share/BigOil/document_generator/datasets/documents_2021_12_28/29schl02_20211228_165833_9112100890_600_800.png,29schl02_20211228_165833_9112100890_600_800_mask.png,A tabela
67,25,134,51,26,186,160,237,26,186,160,187,160,237,26,236,list,list,list_2,arial,arial,10,29schl02_20211228_165833_9112100890_600_800.png,/scratch/parceirosbr/bigoilict/share/BigOil/document_generator/datasets/documents_2021_12_28/29schl02_20211228_165833_9112100890_600_800.png,29schl02_20211228_165833_9112100890_600_800_mask.png,
23,6,47,13,26,168,73,181,26,168,73,168,73,181,26,181,title,subtitle,subtitle_2,arial,bold,10,29schl02_20211228_165833_9112100890_600_800.png,/scratch/parceirosbr/bigoilict/share/BigOil/document_generator/datasets/documents_2021_12_28/29schl02_20211228_165833_9112100890_600_800.png,29schl02_20211228_165833_9112100890_600_800_mask.png,
61,6,123,13,26,186,149,199,26,186,149,187,149,199,26,198,sub_line_text,list,list_2,arial,regular,9,29schl02_20211228_165833_9112100890_600_800.png,/scratch/parceirosbr/bigoilict/share/BigOil/document_generator/datasets/documents_2021_12_28/29schl02_20211228_165833_9112100890_600_800.png,29schl02_20211228_165833_9112100890_600_800_mask.png,1-4 illustrates the parts of.
52,6,104,13,26,205,130,218,26,205,130,206,130,218,26,217,sub_line_text,list,list_2,arial,regular,9,29schl02_20211228_165833_9112100890_600_800.png,/scratch/parceirosbr/bigoilict/share/BigOil/document_generator/datasets/documents_2021_12_28/29schl02_20211228_165833_9112100890_600_800.png,29schl02_20211228_165833_9112100890_600_800_mask.png,O supressor o menor.
67,6,134,13,26,224,160,237,26,224,160,225,160,237,26,236,sub_line_text,list,list_2,arial,regular,9,29schl02_20211228_165833_9112100890_600_800.png,/scratch/parceirosbr/bigoilict/share/BigOil/document_generator/datasets/documents_2021_12_28/29schl02_20211228_165833_9112100890_600_800.png,29schl02_20211228_165833_9112100890_600_800_mask.png,"A razão óleo-água de 70-30,."
33,6,67,13,194,40,261,53,194,40,261,40,261,53,194,53,sub_line_text,subtitle,subtitle_2,arial,bold,10,29schl02_20211228_165833_9112100890_600_800.png,/scratch/parceirosbr/bigoilict/share/BigOil/document_generator/datasets/documents_2021_12_28/29schl02_20211228_165833_9112100890_600_800.png,29schl02_20211228_165833_9112100890_600_800_mask.png,Interviewee:
33,6,67,13,194,40,261,53,194,40,261,40,261,53,194,53,title,subtitle,subtitle_3,arial,bold,10,29schl02_20211228_165833_9112100890_600_800.png,/scratch/parceirosbr/bigoilict/share/BigOil/document_generator/datasets/documents_2021_12_28/29schl02_20211228_165833_9112100890_600_800.png,29schl02_20211228_165833_9112100890_600_800_mask.png,
91,6,183,12,194,58,377,70,194,58,377,58,377,70,194,70,sub_line_text,text,text_0,arial,regular,9,29schl02_20211228_165833_9112100890_600_800.png,/scratch/parceirosbr/bigoilict/share/BigOil/document_generator/datasets/documents_2021_12_28/29schl02_20211228_165833_9112100890_600_800.png,29schl02_20211228_165833_9112100890_600_800_mask.png,Praticamente  poucos estudos específico-
90,6,181,12,194,69,375,81,194,69,375,69,375,81,194,81,sub_line_text,text,text_0,arial,regular,9,29schl02_20211228_165833_9112100890_600_800.png,/scratch/parceirosbr/bigoilict/share/BigOil/document_generator/datasets/documents_2021_12_28/29schl02_20211228_165833_9112100890_600_800.png,29schl02_20211228_165833_9112100890_600_800_mask.png,s se dedicam à área enfocada neste trab-
91,6,182,12,194,80,376,92,194,80,376,80,376,92,194,92,sub_line_text,text,text_0,arial,regular,9,29schl02_20211228_165833_9112100890_600_800.png,/scratch/parceirosbr/bigoilict/share/BigOil/document_generator/datasets/documents_2021_12_28/29schl02_20211228_165833_9112100890_600_800.png,29schl02_20211228_165833_9112100890_600_800_mask.png,alho  (as  áreas  proximais caracterizadas
91,6,182,12,194,91,376,103,194,91,376,91,376,103,194,103,sub_line_text,text,text_0,arial,regular,9,29schl02_20211228_165833_9112100890_600_800.png,/scratch/parceirosbr/bigoilict/share/BigOil/document_generator/datasets/documents_2021_12_28/29schl02_20211228_165833_9112100890_600_800.png,29schl02_20211228_165833_9112100890_600_800_mask.png,pelo  embasamento raso) apesar de estar
91,6,182,12,194,102,376,114,194,102,376,102,376,114,194,114,sub_line_text,text,text_0,arial,regular,9,29schl02_20211228_165833_9112100890_600_800.png,/scratch/parceirosbr/bigoilict/share/BigOil/document_generator/datasets/documents_2021_12_28/29schl02_20211228_165833_9112100890_600_800.png,29schl02_20211228_165833_9112100890_600_800_mask.png,inserida  em  ambiente  bem explorado no
91,6,182,12,194,113,376,125,194,113,376,113,376,125,194,125,sub_line_text,text,text_0,arial,regular,9,29schl02_20211228_165833_9112100890_600_800.png,/scratch/parceirosbr/bigoilict/share/BigOil/document_generator/datasets/documents_2021_12_28/29schl02_20211228_165833_9112100890_600_800.png,29schl02_20211228_165833_9112100890_600_800_mask.png,contexto das bacias de e.This change en-
91,6,182,12,194,124,376,136,194,124,376,124,376,136,194,136,sub_line_text,text,text_0,arial,regular,9,29schl02_20211228_165833_9112100890_600_800.png,/scratch/parceirosbr/bigoilict/share/BigOil/document_generator/datasets/documents_2021_12_28/29schl02_20211228_165833_9112100890_600_800.png,29schl02_20211228_165833_9112100890_600_800_mask.png,compassed not only the auction systema-
91,6,182,12,194,135,376,147,194,135,376,135,376,147,194,147,sub_line_text,text,text_0,arial,regular,9,29schl02_20211228_165833_9112100890_600_800.png,/scratch/parceirosbr/bigoilict/share/BigOil/document_generator/datasets/documents_2021_12_28/29schl02_20211228_165833_9112100890_600_800.png,29schl02_20211228_165833_9112100890_600_800_mask.png,"tic,  but  also the institutional frame of the"
91,6,183,12,194,146,377,158,194,146,377,146,377,158,194,158,sub_line_text,text,text_0,arial,regular,9,29schl02_20211228_165833_9112100890_600_800.png,/scratch/parceirosbr/bigoilict/share/BigOil/document_generator/datasets/documents_2021_12_28/29schl02_20211228_165833_9112100890_600_800.png,29schl02_20211228_165833_9112100890_600_800_mask.png,energy sector.16.As figura 4.12 e 4.13 ap-
91,6,182,12,194,157,376,169,194,157,376,157,376,169,194,169,sub_line_text,text,text_0,arial,regular,9,29schl02_20211228_165833_9112100890_600_800.png,/scratch/parceirosbr/bigoilict/share/BigOil/document_generator/datasets/documents_2021_12_28/29schl02_20211228_165833_9112100890_600_800.png,29schl02_20211228_165833_9112100890_600_800_mask.png,resentam  os perfis da temperatura média
91,6,183,12,194,168,377,180,194,168,377,168,377,180,194,180,sub_line_text,text,text_0,arial,regular,9,29schl02_20211228_165833_9112100890_600_800.png,/scratch/parceirosbr/bigoilict/share/BigOil/document_generator/datasets/documents_2021_12_28/29schl02_20211228_165833_9112100890_600_800.png,29schl02_20211228_165833_9112100890_600_800_mask.png,encontrada na tubulação em diferentes te-
91,6,183,12,194,179,377,191,194,179,377,179,377,191,194,191,sub_line_text,text,text_0,arial,regular,9,29schl02_20211228_165833_9112100890_600_800.png,/scratch/parceirosbr/bigoilict/share/BigOil/document_generator/datasets/documents_2021_12_28/29schl02_20211228_165833_9112100890_600_800.png,29schl02_20211228_165833_9112100890_600_800_mask.png,mpos.They  are  used  in the manufacture
91,6,182,12,194,190,376,202,194,190,376,190,376,202,194,202,sub_line_text,text,text_0,arial,regular,9,29schl02_20211228_165833_9112100890_600_800.png,/scratch/parceirosbr/bigoilict/share/BigOil/document_generator/datasets/documents_2021_12_28/29schl02_20211228_165833_9112100890_600_800.png,29schl02_20211228_165833_9112100890_600_800_mask.png,"of  flexible  ducts, which are composed of"
91,6,182,12,194,201,376,213,194,201,376,201,376,213,194,213,sub_line_text,text,text_0,arial,regular,9,29schl02_20211228_165833_9112100890_600_800.png,/scratch/parceirosbr/bigoilict/share/BigOil/document_generator/datasets/documents_2021_12_28/29schl02_20211228_165833_9112100890_600_800.png,29schl02_20211228_165833_9112100890_600_800_mask.png,"multilayer and working, are subject to sta-"
91,6,182,12,194,212,376,224,194,212,376,212,376,224,194,224,sub_line_text,text,text_0,arial,regular,9,29schl02_20211228_165833_9112100890_600_800.png,/scratch/parceirosbr/bigoilict/share/BigOil/document_generator/datasets/documents_2021_12_28/29schl02_20211228_165833_9112100890_600_800.png,29schl02_20211228_165833_9112100890_600_800_mask.png,tic  and  / or dynamic loading.These latter
20,6,41,12,194,223,235,235,194,223,235,223,235,235,194,235,sub_line_text,text,text_0,arial,regular,9,29schl02_20211228_165833_9112100890_600_800.png,/scratch/parceirosbr/bigoilict/share/BigOil/document_generator/datasets/documents_2021_12_28/29schl02_20211228_165833_9112100890_600_800.png,29schl02_20211228_165833_9112100890_600_800_mask.png,authors.
92,88,184,177,194,58,378,235,195,58,378,58,377,235,194,235,text,text,text_1,arial,regular,9,29schl02_20211228_165833_9112100890_600_800.png,/scratch/parceirosbr/bigoilict/share/BigOil/document_generator/datasets/documents_2021_12_28/29schl02_20211228_165833_9112100890_600_800.png,29schl02_20211228_165833_9112100890_600_800_mask.png,
91,6,182,13,390,40,572,53,390,40,572,41,572,53,390,52,sub_line_text,text,text_1,arial,regular,9,29schl02_20211228_165833_9112100890_600_800.png,/scratch/parceirosbr/bigoilict/share/BigOil/document_generator/datasets/documents_2021_12_28/29schl02_20211228_165833_9112100890_600_800.png,29schl02_20211228_165833_9112100890_600_800_mask.png,As quedas na produ-ção das regiões e fo-
91,6,182,13,390,51,572,64,390,51,572,52,572,64,390,63,sub_line_text,text,text_1,arial,regular,9,29schl02_20211228_165833_9112100890_600_800.png,/scratch/parceirosbr/bigoilict/share/BigOil/document_generator/datasets/documents_2021_12_28/29schl02_20211228_165833_9112100890_600_800.png,29schl02_20211228_165833_9112100890_600_800_mask.png,ram mais que compensadas pelas altas r-
91,6,182,13,390,62,572,75,390,62,572,63,572,75,390,74,sub_line_text,text,text_1,arial,regular,9,29schl02_20211228_165833_9112100890_600_800.png,/scratch/parceirosbr/bigoilict/share/BigOil/document_generator/datasets/documents_2021_12_28/29schl02_20211228_165833_9112100890_600_800.png,29schl02_20211228_165833_9112100890_600_800_mask.png,egistradas  no.Fig 4: profile using optimiz-
90,6,181,13,390,73,571,86,390,73,571,74,571,86,390,85,sub_line_text,text,text_1,arial,regular,9,29schl02_20211228_165833_9112100890_600_800.png,/scratch/parceirosbr/bigoilict/share/BigOil/document_generator/datasets/documents_2021_12_28/29schl02_20211228_165833_9112100890_600_800.png,29schl02_20211228_165833_9112100890_600_800_mask.png,ed  conditions for improve glycerol consu-
90,6,181,13,390,84,571,97,390,84,571,85,571,97,390,96,sub_line_text,text,text_1,arial,regular,9,29schl02_20211228_165833_9112100890_600_800.png,/scratch/parceirosbr/bigoilict/share/BigOil/document_generator/datasets/documents_2021_12_28/29schl02_20211228_165833_9112100890_600_800.png,29schl02_20211228_165833_9112100890_600_800_mask.png,"mption and 1,3-PDO production by beijeri-"
91,6,182,13,390,95,572,108,390,95,572,96,572,108,390,107,sub_line_text,text,text_1,arial,regular,9,29schl02_20211228_165833_9112100890_600_800.png,/scratch/parceirosbr/bigoilict/share/BigOil/document_generator/datasets/documents_2021_12_28/29schl02_20211228_165833_9112100890_600_800.png,29schl02_20211228_165833_9112100890_600_800_mask.png,nckii  791 621 agecember 1 4 2 0 1 5.A á-
91,6,182,13,390,106,572,119,390,106,572,107,572,119,390,118,sub_line_text,text,text_1,arial,regular,9,29schl02_20211228_165833_9112100890_600_800.png,/scratch/parceirosbr/bigoilict/share/BigOil/document_generator/datasets/documents_2021_12_28/29schl02_20211228_165833_9112100890_600_800.png,29schl02_20211228_165833_9112100890_600_800_mask.png,gua  formada retorna ao processo de hidr-
91,6,183,13,390,117,573,130,390,117,573,118,573,130,390,129,sub_line_text,text,text_1,arial,regular,9,29schl02_20211228_165833_9112100890_600_800.png,/scratch/parceirosbr/bigoilict/share/BigOil/document_generator/datasets/documents_2021_12_28/29schl02_20211228_165833_9112100890_600_800.png,29schl02_20211228_165833_9112100890_600_800_mask.png,"ólise,  evitando problemas de contaminaç-"
91,6,182,13,390,128,572,141,390,128,572,129,572,141,390,140,sub_line_text,text,text_1,arial,regular,9,29schl02_20211228_165833_9112100890_600_800.png,/scratch/parceirosbr/bigoilict/share/BigOil/document_generator/datasets/documents_2021_12_28/29schl02_20211228_165833_9112100890_600_800.png,29schl02_20211228_165833_9112100890_600_800_mask.png,ão  do biodiesel com resíduos de glicerina
91,6,182,13,390,139,572,152,390,139,572,140,572,152,390,151,sub_line_text,text,text_1,arial,regular,9,29schl02_20211228_165833_9112100890_600_800.png,/scratch/parceirosbr/bigoilict/share/BigOil/document_generator/datasets/documents_2021_12_28/29schl02_20211228_165833_9112100890_600_800.png,29schl02_20211228_165833_9112100890_600_800_mask.png,"livre ou total (mono, di e triglicerídeos).W-"
91,6,182,13,390,150,572,163,390,150,572,151,572,163,390,162,sub_line_text,text,text_1,arial,regular,9,29schl02_20211228_165833_9112100890_600_800.png,/scratch/parceirosbr/bigoilict/share/BigOil/document_generator/datasets/documents_2021_12_28/29schl02_20211228_165833_9112100890_600_800.png,29schl02_20211228_165833_9112100890_600_800_mask.png,"hen  there is a release of vortexes, it occ-"
91,6,183,13,390,161,573,174,390,161,573,162,573,174,390,173,sub_line_text,text,text_1,arial,regular,9,29schl02_20211228_165833_9112100890_600_800.png,/scratch/parceirosbr/bigoilict/share/BigOil/document_generator/datasets/documents_2021_12_28/29schl02_20211228_165833_9112100890_600_800.png,29schl02_20211228_165833_9112100890_600_800_mask.png,"urs  alternately, so that the generated vor-"
91,6,183,13,390,172,573,185,390,172,573,173,573,185,390,184,sub_line_text,text,text_1,arial,regular,9,29schl02_20211228_165833_9112100890_600_800.png,/scratch/parceirosbr/bigoilict/share/BigOil/document_generator/datasets/documents_2021_12_28/29schl02_20211228_165833_9112100890_600_800.png,29schl02_20211228_165833_9112100890_600_800_mask.png,tex exerts an oscillatory force in the direc-
90,6,181,13,390,183,571,196,390,183,571,184,571,196,390,195,sub_line_text,text,text_1,arial,regular,9,29schl02_20211228_165833_9112100890_600_800.png,/scratch/parceirosbr/bigoilict/share/BigOil/document_generator/datasets/documents_2021_12_28/29schl02_20211228_165833_9112100890_600_800.png,29schl02_20211228_165833_9112100890_600_800_mask.png,tion transversal to the flow.In this chapte-
91,6,182,13,390,194,572,207,390,194,572,195,572,207,390,206,sub_line_text,text,text_1,arial,regular,9,29schl02_20211228_165833_9112100890_600_800.png,/scratch/parceirosbr/bigoilict/share/BigOil/document_generator/datasets/documents_2021_12_28/29schl02_20211228_165833_9112100890_600_800.png,29schl02_20211228_165833_9112100890_600_800_mask.png,"r,  the client application interface was pre-"
91,6,182,13,390,205,572,218,390,205,572,206,572,218,390,217,sub_line_text,text,text_1,arial,regular,9,29schl02_20211228_165833_9112100890_600_800.png,/scratch/parceirosbr/bigoilict/share/BigOil/document_generator/datasets/documents_2021_12_28/29schl02_20211228_165833_9112100890_600_800.png,29schl02_20211228_165833_9112100890_600_800_mask.png,"sented,  with images and description of e-"
91,6,182,13,390,216,572,229,390,216,572,217,572,229,390,228,sub_line_text,text,text_1,arial,regular,9,29schl02_20211228_165833_9112100890_600_800.png,/scratch/parceirosbr/bigoilict/share/BigOil/document_generator/datasets/documents_2021_12_28/29schl02_20211228_165833_9112100890_600_800.png,29schl02_20211228_165833_9112100890_600_800_mask.png,ach  feature present in the application.De-
17,6,35,13,390,227,425,240,390,227,425,228,425,240,390,239,sub_line_text,text,text_1,arial,regular,9,29schl02_20211228_165833_9112100890_600_800.png,/scratch/parceirosbr/bigoilict/share/BigOil/document_generator/datasets/documents_2021_12_28/29schl02_20211228_165833_9112100890_600_800.png,29schl02_20211228_165833_9112100890_600_800_mask.png,pende.
92,100,184,200,390,40,574,240,391,40,574,41,573,240,390,239,text,text,text_2,arial,regular,9,29schl02_20211228_165833_9112100890_600_800.png,/scratch/parceirosbr/bigoilict/share/BigOil/document_generator/datasets/documents_2021_12_28/29schl02_20211228_165833_9112100890_600_800.png,29schl02_20211228_165833_9112100890_600_800_mask.png,
189,6,379,12,194,256,573,268,194,256,573,256,573,268,194,268,sub_line_text,figure_legend,figure_0,arial,regular,9,29schl02_20211228_165833_9112100890_600_800.png,/scratch/parceirosbr/bigoilict/share/BigOil/document_generator/datasets/documents_2021_12_28/29schl02_20211228_165833_9112100890_600_800.png,29schl02_20211228_165833_9112100890_600_800_mask.png,"In  the  experiments,  steam superheated to 170 was injected at rates between 5 and 4.5"
189,6,378,12,194,267,572,279,194,267,572,267,572,279,194,279,sub_line_text,figure_legend,figure_0,arial,regular,9,29schl02_20211228_165833_9112100890_600_800.png,/scratch/parceirosbr/bigoilict/share/BigOil/document_generator/datasets/documents_2021_12_28/29schl02_20211228_165833_9112100890_600_800.png,29schl02_20211228_165833_9112100890_600_800_mask.png,ml  /  min (equivalent in cold water) and nitrogen injected at rates between 50 and 180 ml
15,6,31,12,194,278,225,290,194,278,225,278,225,290,194,290,sub_line_text,figure_legend,figure_0,arial,regular,9,29schl02_20211228_165833_9112100890_600_800.png,/scratch/parceirosbr/bigoilict/share/BigOil/document_generator/datasets/documents_2021_12_28/29schl02_20211228_165833_9112100890_600_800.png,29schl02_20211228_165833_9112100890_600_800_mask.png,/ min.
189,17,379,34,194,256,573,290,194,256,573,256,573,290,194,290,text,figure_legend,figure_1,arial,regular,9,29schl02_20211228_165833_9112100890_600_800.png,/scratch/parceirosbr/bigoilict/share/BigOil/document_generator/datasets/documents_2021_12_28/29schl02_20211228_165833_9112100890_600_800.png,29schl02_20211228_165833_9112100890_600_800_mask.png,
186,111,373,222,197,332,570,554,198,332,570,332,569,554,197,554,image,figure_image,figure_1,,,,29schl02_20211228_165833_9112100890_600_800.png,/scratch/parceirosbr/bigoilict/share/BigOil/document_generator/datasets/documents_2021_12_28/29schl02_20211228_165833_9112100890_600_800.png,29schl02_20211228_165833_9112100890_600_800_mask.png,output/gen_img_20211228_165844_5100310634.png
11,18,23,36,228,353,251,389,239,353,251,384,240,389,228,358,text,figure_text,figure_1,,,,29schl02_20211228_165833_9112100890_600_800.png,/scratch/parceirosbr/bigoilict/share/BigOil/document_generator/datasets/documents_2021_12_28/29schl02_20211228_165833_9112100890_600_800.png,29schl02_20211228_165833_9112100890_600_800_mask.png,364.4%
11,18,23,36,228,353,251,389,239,353,251,384,240,389,228,358,sub_line_text,figure_text,figure_1,,,,29schl02_20211228_165833_9112100890_600_800.png,/scratch/parceirosbr/bigoilict/share/BigOil/document_generator/datasets/documents_2021_12_28/29schl02_20211228_165833_9112100890_600_800.png,29schl02_20211228_165833_9112100890_600_800_mask.png,364.4%
14,24,28,48,535,485,563,533,547,485,563,528,552,533,535,490,text,figure_text,figure_1,,,,29schl02_20211228_165833_9112100890_600_800.png,/scratch/parceirosbr/bigoilict/share/BigOil/document_generator/datasets/documents_2021_12_28/29schl02_20211228_165833_9112100890_600_800.png,29schl02_20211228_165833_9112100890_600_800_mask.png,-9606.6%
14,24,28,48,535,485,563,533,547,485,563,528,552,533,535,490,sub_line_text,figure_text,figure_1,,,,29schl02_20211228_165833_9112100890_600_800.png,/scratch/parceirosbr/bigoilict/share/BigOil/document_generator/datasets/documents_2021_12_28/29schl02_20211228_165833_9112100890_600_800.png,29schl02_20211228_165833_9112100890_600_800_mask.png,-9606.6%
16,31,32,62,215,448,247,510,225,448,247,506,237,510,215,452,text,figure_text,figure_1,,,,29schl02_20211228_165833_9112100890_600_800.png,/scratch/parceirosbr/bigoilict/share/BigOil/document_generator/datasets/documents_2021_12_28/29schl02_20211228_165833_9112100890_600_800.png,29schl02_20211228_165833_9112100890_600_800_mask.png,Volume [TB]
16,31,32,62,215,448,247,510,225,448,247,506,237,510,215,452,sub_line_text,figure_text,figure_1,,,,29schl02_20211228_165833_9112100890_600_800.png,/scratch/parceirosbr/bigoilict/share/BigOil/document_generator/datasets/documents_2021_12_28/29schl02_20211228_165833_9112100890_600_800.png,29schl02_20211228_165833_9112100890_600_800_mask.png,Volume [TB]
12,18,25,37,304,478,329,515,316,478,329,510,317,515,304,483,text,figure_text,figure_1,,,,29schl02_20211228_165833_9112100890_600_800.png,/scratch/parceirosbr/bigoilict/share/BigOil/document_generator/datasets/documents_2021_12_28/29schl02_20211228_165833_9112100890_600_800.png,29schl02_20211228_165833_9112100890_600_800_mask.png,Length
12,18,25,37,304,478,329,515,316,478,329,510,317,515,304,483,sub_line_text,figure_text,figure_1,,,,29schl02_20211228_165833_9112100890_600_800.png,/scratch/parceirosbr/bigoilict/share/BigOil/document_generator/datasets/documents_2021_12_28/29schl02_20211228_165833_9112100890_600_800.png,29schl02_20211228_165833_9112100890_600_800_mask.png,Length
12,20,24,40,392,384,416,424,403,384,416,420,405,424,392,388,text,figure_text,figure_1,,,,29schl02_20211228_165833_9112100890_600_800.png,/scratch/parceirosbr/bigoilict/share/BigOil/document_generator/datasets/documents_2021_12_28/29schl02_20211228_165833_9112100890_600_800.png,29schl02_20211228_165833_9112100890_600_800_mask.png,959.289
12,20,24,40,392,384,416,424,403,384,416,420,405,424,392,388,sub_line_text,figure_text,figure_1,,,,29schl02_20211228_165833_9112100890_600_800.png,/scratch/parceirosbr/bigoilict/share/BigOil/document_generator/datasets/documents_2021_12_28/29schl02_20211228_165833_9112100890_600_800.png,29schl02_20211228_165833_9112100890_600_800_mask.png,959.289
14,27,29,55,521,353,550,408,530,353,550,404,540,408,521,358,text,figure_text,figure_1,,,,29schl02_20211228_165833_9112100890_600_800.png,/scratch/parceirosbr/bigoilict/share/BigOil/document_generator/datasets/documents_2021_12_28/29schl02_20211228_165833_9112100890_600_800.png,29schl02_20211228_165833_9112100890_600_800_mask.png,Movement
14,27,29,55,521,353,550,408,530,353,550,404,540,408,521,358,sub_line_text,figure_text,figure_1,,,,29schl02_20211228_165833_9112100890_600_800.png,/scratch/parceirosbr/bigoilict/share/BigOil/document_generator/datasets/documents_2021_12_28/29schl02_20211228_165833_9112100890_600_800.png,29schl02_20211228_165833_9112100890_600_800_mask.png,Movement
16,31,32,62,453,435,485,497,463,435,485,493,475,497,453,439,text,figure_text,figure_1,,,,29schl02_20211228_165833_9112100890_600_800.png,/scratch/parceirosbr/bigoilict/share/BigOil/document_generator/datasets/documents_2021_12_28/29schl02_20211228_165833_9112100890_600_800.png,29schl02_20211228_165833_9112100890_600_800_mask.png,Volume [TB]
16,31,32,62,453,435,485,497,463,435,485,493,475,497,453,439,sub_line_text,figure_text,figure_1,,,,29schl02_20211228_165833_9112100890_600_800.png,/scratch/parceirosbr/bigoilict/share/BigOil/document_generator/datasets/documents_2021_12_28/29schl02_20211228_165833_9112100890_600_800.png,29schl02_20211228_165833_9112100890_600_800_mask.png,Volume [TB]
9,12,19,25,445,340,464,365,456,340,464,360,453,365,445,345,text,figure_text,figure_1,,,,29schl02_20211228_165833_9112100890_600_800.png,/scratch/parceirosbr/bigoilict/share/BigOil/document_generator/datasets/documents_2021_12_28/29schl02_20211228_165833_9112100890_600_800.png,29schl02_20211228_165833_9112100890_600_800_mask.png,-571
9,12,19,25,445,340,464,365,456,340,464,360,453,365,445,345,sub_line_text,figure_text,figure_1,,,,29schl02_20211228_165833_9112100890_600_800.png,/scratch/parceirosbr/bigoilict/share/BigOil/document_generator/datasets/documents_2021_12_28/29schl02_20211228_165833_9112100890_600_800.png,29schl02_20211228_165833_9112100890_600_800_mask.png,-571
13,24,26,49,424,398,450,447,434,398,450,442,440,447,424,402,text,figure_text,figure_1,,,,29schl02_20211228_165833_9112100890_600_800.png,/scratch/parceirosbr/bigoilict/share/BigOil/document_generator/datasets/documents_2021_12_28/29schl02_20211228_165833_9112100890_600_800.png,29schl02_20211228_165833_9112100890_600_800_mask.png,Data (MB)
13,24,26,49,424,398,450,447,434,398,450,442,440,447,424,402,sub_line_text,figure_text,figure_1,,,,29schl02_20211228_165833_9112100890_600_800.png,/scratch/parceirosbr/bigoilict/share/BigOil/document_generator/datasets/documents_2021_12_28/29schl02_20211228_165833_9112100890_600_800.png,29schl02_20211228_165833_9112100890_600_800_mask.png,Data (MB)
14,28,29,56,299,393,328,449,309,393,328,444,317,449,299,397,text,figure_text,figure_1,,,,29schl02_20211228_165833_9112100890_600_800.png,/scratch/parceirosbr/bigoilict/share/BigOil/document_generator/datasets/documents_2021_12_28/29schl02_20211228_165833_9112100890_600_800.png,29schl02_20211228_165833_9112100890_600_800_mask.png,Water (ML)
14,28,29,56,299,393,328,449,309,393,328,444,317,449,299,397,sub_line_text,figure_text,figure_1,,,,29schl02_20211228_165833_9112100890_600_800.png,/scratch/parceirosbr/bigoilict/share/BigOil/document_generator/datasets/documents_2021_12_28/29schl02_20211228_165833_9112100890_600_800.png,29schl02_20211228_165833_9112100890_600_800_mask.png,Water (ML)
12,21,24,42,333,492,357,534,342,492,357,530,348,534,333,496,text,figure_text,figure_1,,,,29schl02_20211228_165833_9112100890_600_800.png,/scratch/parceirosbr/bigoilict/share/BigOil/document_generator/datasets/documents_2021_12_28/29schl02_20211228_165833_9112100890_600_800.png,29schl02_20211228_165833_9112100890_600_800_mask.png,Traction
12,21,24,42,333,492,357,534,342,492,357,530,348,534,333,496,sub_line_text,figure_text,figure_1,,,,29schl02_20211228_165833_9112100890_600_800.png,/scratch/parceirosbr/bigoilict/share/BigOil/document_generator/datasets/documents_2021_12_28/29schl02_20211228_165833_9112100890_600_800.png,29schl02_20211228_165833_9112100890_600_800_mask.png,Traction
13,23,27,46,254,369,281,415,265,369,281,410,270,415,254,374,text,figure_text,figure_1,,,,29schl02_20211228_165833_9112100890_600_800.png,/scratch/parceirosbr/bigoilict/share/BigOil/document_generator/datasets/documents_2021_12_28/29schl02_20211228_165833_9112100890_600_800.png,29schl02_20211228_165833_9112100890_600_800_mask.png,-4602.55
13,23,27,46,254,369,281,415,265,369,281,410,270,415,254,374,sub_line_text,figure_text,figure_1,,,,29schl02_20211228_165833_9112100890_600_800.png,/scratch/parceirosbr/bigoilict/share/BigOil/document_generator/datasets/documents_2021_12_28/29schl02_20211228_165833_9112100890_600_800.png,29schl02_20211228_165833_9112100890_600_800_mask.png,-4602.55
12,20,25,41,291,334,316,375,302,334,316,370,305,375,291,339,text,figure_text,figure_1,,,,29schl02_20211228_165833_9112100890_600_800.png,/scratch/parceirosbr/bigoilict/share/BigOil/document_generator/datasets/documents_2021_12_28/29schl02_20211228_165833_9112100890_600_800.png,29schl02_20211228_165833_9112100890_600_800_mask.png,-4147.11
12,20,25,41,291,334,316,375,302,334,316,370,305,375,291,339,sub_line_text,figure_text,figure_1,,,,29schl02_20211228_165833_9112100890_600_800.png,/scratch/parceirosbr/bigoilict/share/BigOil/document_generator/datasets/documents_2021_12_28/29schl02_20211228_165833_9112100890_600_800.png,29schl02_20211228_165833_9112100890_600_800_mask.png,-4147.11
15,30,31,60,416,450,447,510,426,450,447,505,437,510,416,454,text,figure_text,figure_1,,,,29schl02_20211228_165833_9112100890_600_800.png,/scratch/parceirosbr/bigoilict/share/BigOil/document_generator/datasets/documents_2021_12_28/29schl02_20211228_165833_9112100890_600_800.png,29schl02_20211228_165833_9112100890_600_800_mask.png,Services [N]
15,30,31,60,416,450,447,510,426,450,447,505,437,510,416,454,sub_line_text,figure_text,figure_1,,,,29schl02_20211228_165833_9112100890_600_800.png,/scratch/parceirosbr/bigoilict/share/BigOil/document_generator/datasets/documents_2021_12_28/29schl02_20211228_165833_9112100890_600_800.png,29schl02_20211228_165833_9112100890_600_800_mask.png,Services [N]
11,19,23,39,328,350,351,389,337,350,351,385,341,389,328,354,text,figure_text,figure_1,,,,29schl02_20211228_165833_9112100890_600_800.png,/scratch/parceirosbr/bigoilict/share/BigOil/document_generator/datasets/documents_2021_12_28/29schl02_20211228_165833_9112100890_600_800.png,29schl02_20211228_165833_9112100890_600_800_mask.png,Reason
11,19,23,39,328,350,351,389,337,350,351,385,341,389,328,354,sub_line_text,figure_text,figure_1,,,,29schl02_20211228_165833_9112100890_600_800.png,/scratch/parceirosbr/bigoilict/share/BigOil/document_generator/datasets/documents_2021_12_28/29schl02_20211228_165833_9112100890_600_800.png,29schl02_20211228_165833_9112100890_600_800_mask.png,Reason
10,15,21,30,384,435,405,465,395,435,405,460,395,465,384,440,text,figure_text,figure_1,,,,29schl02_20211228_165833_9112100890_600_800.png,/scratch/parceirosbr/bigoilict/share/BigOil/document_generator/datasets/documents_2021_12_28/29schl02_20211228_165833_9112100890_600_800.png,29schl02_20211228_165833_9112100890_600_800_mask.png,866%
10,15,21,30,384,435,405,465,395,435,405,460,395,465,384,440,sub_line_text,figure_text,figure_1,,,,29schl02_20211228_165833_9112100890_600_800.png,/scratch/parceirosbr/bigoilict/share/BigOil/document_generator/datasets/documents_2021_12_28/29schl02_20211228_165833_9112100890_600_800.png,29schl02_20211228_165833_9112100890_600_800_mask.png,866%
12,19,25,39,480,347,505,386,492,347,505,381,494,386,480,352,text,figure_text,figure_1,,,,29schl02_20211228_165833_9112100890_600_800.png,/scratch/parceirosbr/bigoilict/share/BigOil/document_generator/datasets/documents_2021_12_28/29schl02_20211228_165833_9112100890_600_800.png,29schl02_20211228_165833_9112100890_600_800_mask.png,-8245%
12,19,25,39,480,347,505,386,492,347,505,381,494,386,480,352,sub_line_text,figure_text,figure_1,,,,29schl02_20211228_165833_9112100890_600_800.png,/scratch/parceirosbr/bigoilict/share/BigOil/document_generator/datasets/documents_2021_12_28/29schl02_20211228_165833_9112100890_600_800.png,29schl02_20211228_165833_9112100890_600_800_mask.png,-8245%
11,15,22,31,513,475,535,506,524,475,535,501,524,506,513,479,text,figure_text,figure_1,,,,29schl02_20211228_165833_9112100890_600_800.png,/scratch/parceirosbr/bigoilict/share/BigOil/document_generator/datasets/documents_2021_12_28/29schl02_20211228_165833_9112100890_600_800.png,29schl02_20211228_165833_9112100890_600_800_mask.png,-4927
11,15,22,31,513,475,535,506,524,475,535,501,524,506,513,479,sub_line_text,figure_text,figure_1,,,,29schl02_20211228_165833_9112100890_600_800.png,/scratch/parceirosbr/bigoilict/share/BigOil/document_generator/datasets/documents_2021_12_28/29schl02_20211228_165833_9112100890_600_800.png,29schl02_20211228_165833_9112100890_600_800_mask.png,-4927
11,16,22,33,353,429,375,462,364,429,375,457,364,462,353,434,text,figure_text,figure_1,,,,29schl02_20211228_165833_9112100890_600_800.png,/scratch/parceirosbr/bigoilict/share/BigOil/document_generator/datasets/documents_2021_12_28/29schl02_20211228_165833_9112100890_600_800.png,29schl02_20211228_165833_9112100890_600_800_mask.png,-12.7%
11,16,22,33,353,429,375,462,364,429,375,457,364,462,353,434,sub_line_text,figure_text,figure_1,,,,29schl02_20211228_165833_9112100890_600_800.png,/scratch/parceirosbr/bigoilict/share/BigOil/document_generator/datasets/documents_2021_12_28/29schl02_20211228_165833_9112100890_600_800.png,29schl02_20211228_165833_9112100890_600_800_mask.png,-12.7%
