center_x,center_y,width,height,xmin,ymin,xmax,ymax,top_left_x,top_left_y,top_right_x,top_right_y,bottom_right_x,bottom_right_y,bottom_left_x,bottom_left_y,label,grouplabel,group,text_font,text_style,size_font,filename,path,filename_mask,content
300,400,600,800,0,0,600,800,0,0,600,0,600,800,0,800,document,,,,,,30schl03_20211228_165850_5037546906_600_800.png,/scratch/parceirosbr/bigoilict/share/BigOil/document_generator/datasets/documents_2021_12_28/30schl03_20211228_165850_5037546906_600_800.png,30schl03_20211228_165850_5037546906_600_800_mask.png,
186,6,372,13,4,13,376,26,4,13,376,14,376,26,4,25,sub_line_text,table_legend,table_0,arial,regular,9,30schl03_20211228_165850_5037546906_600_800.png,/scratch/parceirosbr/bigoilict/share/BigOil/document_generator/datasets/documents_2021_12_28/30schl03_20211228_165850_5037546906_600_800.png,30schl03_20211228_165850_5037546906_600_800_mask.png,O  espectro de dois parâmetros é recomendado para condição de mar totalmente dese-
22,6,44,13,4,24,48,37,4,24,48,25,48,37,4,36,sub_line_text,table_legend,table_0,arial,regular,9,30schl03_20211228_165850_5037546906_600_800.png,/scratch/parceirosbr/bigoilict/share/BigOil/document_generator/datasets/documents_2021_12_28/30schl03_20211228_165850_5037546906_600_800.png,30schl03_20211228_165850_5037546906_600_800_mask.png,nvolvido.
186,12,372,24,4,13,376,37,4,13,376,14,376,37,4,36,text,table_legend,table_1,arial,regular,9,30schl03_20211228_165850_5037546906_600_800.png,/scratch/parceirosbr/bigoilict/share/BigOil/document_generator/datasets/documents_2021_12_28/30schl03_20211228_165850_5037546906_600_800.png,30schl03_20211228_165850_5037546906_600_800_mask.png,
168,88,336,177,22,87,358,264,23,87,358,88,358,264,22,263,table,table_image,table_1,,,,30schl03_20211228_165850_5037546906_600_800.png,/scratch/parceirosbr/bigoilict/share/BigOil/document_generator/datasets/documents_2021_12_28/30schl03_20211228_165850_5037546906_600_800.png,30schl03_20211228_165850_5037546906_600_800_mask.png,output/gen_tab_20211228_165850_8953131873.png
15,6,30,12,53,92,83,104,53,92,83,92,83,104,53,104,text,table_text,table_1,roboto,bold,9.0,30schl03_20211228_165850_5037546906_600_800.png,/scratch/parceirosbr/bigoilict/share/BigOil/document_generator/datasets/documents_2021_12_28/30schl03_20211228_165850_5037546906_600_800.png,30schl03_20211228_165850_5037546906_600_800_mask.png,distinto
15,6,30,12,53,92,83,104,53,92,83,92,83,104,53,104,sub_line_text,table_text,table_1,roboto,bold,9.0,30schl03_20211228_165850_5037546906_600_800.png,/scratch/parceirosbr/bigoilict/share/BigOil/document_generator/datasets/documents_2021_12_28/30schl03_20211228_165850_5037546906_600_800.png,30schl03_20211228_165850_5037546906_600_800_mask.png,distinto
13,6,27,12,56,106,83,118,56,106,83,106,83,118,56,118,text,table_text,table_1,roboto,regular,9.0,30schl03_20211228_165850_5037546906_600_800.png,/scratch/parceirosbr/bigoilict/share/BigOil/document_generator/datasets/documents_2021_12_28/30schl03_20211228_165850_5037546906_600_800.png,30schl03_20211228_165850_5037546906_600_800_mask.png,2.7319
13,6,27,12,56,106,83,118,56,106,83,106,83,118,56,118,sub_line_text,table_text,table_1,roboto,regular,9.0,30schl03_20211228_165850_5037546906_600_800.png,/scratch/parceirosbr/bigoilict/share/BigOil/document_generator/datasets/documents_2021_12_28/30schl03_20211228_165850_5037546906_600_800.png,30schl03_20211228_165850_5037546906_600_800_mask.png,2.7319
13,6,27,12,56,120,83,132,56,120,83,120,83,132,56,132,text,table_text,table_1,roboto,regular,9.0,30schl03_20211228_165850_5037546906_600_800.png,/scratch/parceirosbr/bigoilict/share/BigOil/document_generator/datasets/documents_2021_12_28/30schl03_20211228_165850_5037546906_600_800.png,30schl03_20211228_165850_5037546906_600_800_mask.png,1.5406
13,6,27,12,56,120,83,132,56,120,83,120,83,132,56,132,sub_line_text,table_text,table_1,roboto,regular,9.0,30schl03_20211228_165850_5037546906_600_800.png,/scratch/parceirosbr/bigoilict/share/BigOil/document_generator/datasets/documents_2021_12_28/30schl03_20211228_165850_5037546906_600_800.png,30schl03_20211228_165850_5037546906_600_800_mask.png,1.5406
13,6,27,12,56,134,83,146,56,134,83,134,83,146,56,146,text,table_text,table_1,roboto,regular,9.0,30schl03_20211228_165850_5037546906_600_800.png,/scratch/parceirosbr/bigoilict/share/BigOil/document_generator/datasets/documents_2021_12_28/30schl03_20211228_165850_5037546906_600_800.png,30schl03_20211228_165850_5037546906_600_800_mask.png,5.0192
13,6,27,12,56,134,83,146,56,134,83,134,83,146,56,146,sub_line_text,table_text,table_1,roboto,regular,9.0,30schl03_20211228_165850_5037546906_600_800.png,/scratch/parceirosbr/bigoilict/share/BigOil/document_generator/datasets/documents_2021_12_28/30schl03_20211228_165850_5037546906_600_800.png,30schl03_20211228_165850_5037546906_600_800_mask.png,5.0192
13,6,27,12,56,148,83,160,56,148,83,148,83,160,56,160,text,table_text,table_1,roboto,regular,9.0,30schl03_20211228_165850_5037546906_600_800.png,/scratch/parceirosbr/bigoilict/share/BigOil/document_generator/datasets/documents_2021_12_28/30schl03_20211228_165850_5037546906_600_800.png,30schl03_20211228_165850_5037546906_600_800_mask.png,3.7406
13,6,27,12,56,148,83,160,56,148,83,148,83,160,56,160,sub_line_text,table_text,table_1,roboto,regular,9.0,30schl03_20211228_165850_5037546906_600_800.png,/scratch/parceirosbr/bigoilict/share/BigOil/document_generator/datasets/documents_2021_12_28/30schl03_20211228_165850_5037546906_600_800.png,30schl03_20211228_165850_5037546906_600_800_mask.png,3.7406
13,6,27,12,56,162,83,174,56,162,83,162,83,174,56,174,text,table_text,table_1,roboto,regular,9.0,30schl03_20211228_165850_5037546906_600_800.png,/scratch/parceirosbr/bigoilict/share/BigOil/document_generator/datasets/documents_2021_12_28/30schl03_20211228_165850_5037546906_600_800.png,30schl03_20211228_165850_5037546906_600_800_mask.png,3.2290
13,6,27,12,56,162,83,174,56,162,83,162,83,174,56,174,sub_line_text,table_text,table_1,roboto,regular,9.0,30schl03_20211228_165850_5037546906_600_800.png,/scratch/parceirosbr/bigoilict/share/BigOil/document_generator/datasets/documents_2021_12_28/30schl03_20211228_165850_5037546906_600_800.png,30schl03_20211228_165850_5037546906_600_800_mask.png,3.2290
13,6,27,12,56,176,83,188,56,176,83,176,83,188,56,188,text,table_text,table_1,roboto,regular,9.0,30schl03_20211228_165850_5037546906_600_800.png,/scratch/parceirosbr/bigoilict/share/BigOil/document_generator/datasets/documents_2021_12_28/30schl03_20211228_165850_5037546906_600_800.png,30schl03_20211228_165850_5037546906_600_800_mask.png,2.9160
13,6,27,12,56,176,83,188,56,176,83,176,83,188,56,188,sub_line_text,table_text,table_1,roboto,regular,9.0,30schl03_20211228_165850_5037546906_600_800.png,/scratch/parceirosbr/bigoilict/share/BigOil/document_generator/datasets/documents_2021_12_28/30schl03_20211228_165850_5037546906_600_800.png,30schl03_20211228_165850_5037546906_600_800_mask.png,2.9160
13,6,27,12,56,190,83,202,56,190,83,190,83,202,56,202,text,table_text,table_1,roboto,regular,9.0,30schl03_20211228_165850_5037546906_600_800.png,/scratch/parceirosbr/bigoilict/share/BigOil/document_generator/datasets/documents_2021_12_28/30schl03_20211228_165850_5037546906_600_800.png,30schl03_20211228_165850_5037546906_600_800_mask.png,2.7799
13,6,27,12,56,190,83,202,56,190,83,190,83,202,56,202,sub_line_text,table_text,table_1,roboto,regular,9.0,30schl03_20211228_165850_5037546906_600_800.png,/scratch/parceirosbr/bigoilict/share/BigOil/document_generator/datasets/documents_2021_12_28/30schl03_20211228_165850_5037546906_600_800.png,30schl03_20211228_165850_5037546906_600_800_mask.png,2.7799
13,6,27,12,56,204,83,216,56,204,83,204,83,216,56,216,text,table_text,table_1,roboto,regular,9.0,30schl03_20211228_165850_5037546906_600_800.png,/scratch/parceirosbr/bigoilict/share/BigOil/document_generator/datasets/documents_2021_12_28/30schl03_20211228_165850_5037546906_600_800.png,30schl03_20211228_165850_5037546906_600_800_mask.png,9.9628
13,6,27,12,56,204,83,216,56,204,83,204,83,216,56,216,sub_line_text,table_text,table_1,roboto,regular,9.0,30schl03_20211228_165850_5037546906_600_800.png,/scratch/parceirosbr/bigoilict/share/BigOil/document_generator/datasets/documents_2021_12_28/30schl03_20211228_165850_5037546906_600_800.png,30schl03_20211228_165850_5037546906_600_800_mask.png,9.9628
13,6,27,12,56,218,83,230,56,218,83,218,83,230,56,230,text,table_text,table_1,roboto,regular,9.0,30schl03_20211228_165850_5037546906_600_800.png,/scratch/parceirosbr/bigoilict/share/BigOil/document_generator/datasets/documents_2021_12_28/30schl03_20211228_165850_5037546906_600_800.png,30schl03_20211228_165850_5037546906_600_800_mask.png,3.1542
13,6,27,12,56,218,83,230,56,218,83,218,83,230,56,230,sub_line_text,table_text,table_1,roboto,regular,9.0,30schl03_20211228_165850_5037546906_600_800.png,/scratch/parceirosbr/bigoilict/share/BigOil/document_generator/datasets/documents_2021_12_28/30schl03_20211228_165850_5037546906_600_800.png,30schl03_20211228_165850_5037546906_600_800_mask.png,3.1542
13,6,27,12,55,232,82,244,55,232,82,232,82,244,55,244,text,table_text,table_1,roboto,regular,9.0,30schl03_20211228_165850_5037546906_600_800.png,/scratch/parceirosbr/bigoilict/share/BigOil/document_generator/datasets/documents_2021_12_28/30schl03_20211228_165850_5037546906_600_800.png,30schl03_20211228_165850_5037546906_600_800_mask.png,8.7637
13,6,27,12,55,232,82,244,55,232,82,232,82,244,55,244,sub_line_text,table_text,table_1,roboto,regular,9.0,30schl03_20211228_165850_5037546906_600_800.png,/scratch/parceirosbr/bigoilict/share/BigOil/document_generator/datasets/documents_2021_12_28/30schl03_20211228_165850_5037546906_600_800.png,30schl03_20211228_165850_5037546906_600_800_mask.png,8.7637
13,6,27,13,55,246,82,259,55,246,82,246,82,259,55,259,text,table_text,table_1,roboto,italic,9.0,30schl03_20211228_165850_5037546906_600_800.png,/scratch/parceirosbr/bigoilict/share/BigOil/document_generator/datasets/documents_2021_12_28/30schl03_20211228_165850_5037546906_600_800.png,30schl03_20211228_165850_5037546906_600_800_mask.png,6.9190
13,6,27,13,55,246,82,259,55,246,82,246,82,259,55,259,sub_line_text,table_text,table_1,roboto,italic,9.0,30schl03_20211228_165850_5037546906_600_800.png,/scratch/parceirosbr/bigoilict/share/BigOil/document_generator/datasets/documents_2021_12_28/30schl03_20211228_165850_5037546906_600_800.png,30schl03_20211228_165850_5037546906_600_800_mask.png,6.9190
19,6,39,12,119,92,158,104,119,92,158,92,158,104,119,104,text,table_text,table_1,roboto,bold,9.0,30schl03_20211228_165850_5037546906_600_800.png,/scratch/parceirosbr/bigoilict/share/BigOil/document_generator/datasets/documents_2021_12_28/30schl03_20211228_165850_5037546906_600_800.png,30schl03_20211228_165850_5037546906_600_800_mask.png,formando
19,6,39,12,119,92,158,104,119,92,158,92,158,104,119,104,sub_line_text,table_text,table_1,roboto,bold,9.0,30schl03_20211228_165850_5037546906_600_800.png,/scratch/parceirosbr/bigoilict/share/BigOil/document_generator/datasets/documents_2021_12_28/30schl03_20211228_165850_5037546906_600_800.png,30schl03_20211228_165850_5037546906_600_800_mask.png,formando
23,6,47,12,111,106,158,118,111,106,158,106,158,118,111,118,text,table_text,table_1,roboto,regular,9.0,30schl03_20211228_165850_5037546906_600_800.png,/scratch/parceirosbr/bigoilict/share/BigOil/document_generator/datasets/documents_2021_12_28/30schl03_20211228_165850_5037546906_600_800.png,30schl03_20211228_165850_5037546906_600_800_mask.png,765725.301
23,6,47,12,111,106,158,118,111,106,158,106,158,118,111,118,sub_line_text,table_text,table_1,roboto,regular,9.0,30schl03_20211228_165850_5037546906_600_800.png,/scratch/parceirosbr/bigoilict/share/BigOil/document_generator/datasets/documents_2021_12_28/30schl03_20211228_165850_5037546906_600_800.png,30schl03_20211228_165850_5037546906_600_800_mask.png,765725.301
21,6,42,12,116,120,158,132,116,120,158,120,158,132,116,132,text,table_text,table_1,roboto,regular,9.0,30schl03_20211228_165850_5037546906_600_800.png,/scratch/parceirosbr/bigoilict/share/BigOil/document_generator/datasets/documents_2021_12_28/30schl03_20211228_165850_5037546906_600_800.png,30schl03_20211228_165850_5037546906_600_800_mask.png,51818.415
21,6,42,12,116,120,158,132,116,120,158,120,158,132,116,132,sub_line_text,table_text,table_1,roboto,regular,9.0,30schl03_20211228_165850_5037546906_600_800.png,/scratch/parceirosbr/bigoilict/share/BigOil/document_generator/datasets/documents_2021_12_28/30schl03_20211228_165850_5037546906_600_800.png,30schl03_20211228_165850_5037546906_600_800_mask.png,51818.415
21,6,42,12,116,134,158,146,116,134,158,134,158,146,116,146,text,table_text,table_1,roboto,regular,9.0,30schl03_20211228_165850_5037546906_600_800.png,/scratch/parceirosbr/bigoilict/share/BigOil/document_generator/datasets/documents_2021_12_28/30schl03_20211228_165850_5037546906_600_800.png,30schl03_20211228_165850_5037546906_600_800_mask.png,57928.550
21,6,42,12,116,134,158,146,116,134,158,134,158,146,116,146,sub_line_text,table_text,table_1,roboto,regular,9.0,30schl03_20211228_165850_5037546906_600_800.png,/scratch/parceirosbr/bigoilict/share/BigOil/document_generator/datasets/documents_2021_12_28/30schl03_20211228_165850_5037546906_600_800.png,30schl03_20211228_165850_5037546906_600_800_mask.png,57928.550
21,6,42,12,116,148,158,160,116,148,158,148,158,160,116,160,text,table_text,table_1,roboto,regular,9.0,30schl03_20211228_165850_5037546906_600_800.png,/scratch/parceirosbr/bigoilict/share/BigOil/document_generator/datasets/documents_2021_12_28/30schl03_20211228_165850_5037546906_600_800.png,30schl03_20211228_165850_5037546906_600_800_mask.png,91798.927
21,6,42,12,116,148,158,160,116,148,158,148,158,160,116,160,sub_line_text,table_text,table_1,roboto,regular,9.0,30schl03_20211228_165850_5037546906_600_800.png,/scratch/parceirosbr/bigoilict/share/BigOil/document_generator/datasets/documents_2021_12_28/30schl03_20211228_165850_5037546906_600_800.png,30schl03_20211228_165850_5037546906_600_800_mask.png,91798.927
21,6,42,12,116,162,158,174,116,162,158,162,158,174,116,174,text,table_text,table_1,roboto,regular,9.0,30schl03_20211228_165850_5037546906_600_800.png,/scratch/parceirosbr/bigoilict/share/BigOil/document_generator/datasets/documents_2021_12_28/30schl03_20211228_165850_5037546906_600_800.png,30schl03_20211228_165850_5037546906_600_800_mask.png,91866.807
21,6,42,12,116,162,158,174,116,162,158,162,158,174,116,174,sub_line_text,table_text,table_1,roboto,regular,9.0,30schl03_20211228_165850_5037546906_600_800.png,/scratch/parceirosbr/bigoilict/share/BigOil/document_generator/datasets/documents_2021_12_28/30schl03_20211228_165850_5037546906_600_800.png,30schl03_20211228_165850_5037546906_600_800_mask.png,91866.807
23,6,47,12,111,176,158,188,111,176,158,176,158,188,111,188,text,table_text,table_1,roboto,regular,9.0,30schl03_20211228_165850_5037546906_600_800.png,/scratch/parceirosbr/bigoilict/share/BigOil/document_generator/datasets/documents_2021_12_28/30schl03_20211228_165850_5037546906_600_800.png,30schl03_20211228_165850_5037546906_600_800_mask.png,442502.460
23,6,47,12,111,176,158,188,111,176,158,176,158,188,111,188,sub_line_text,table_text,table_1,roboto,regular,9.0,30schl03_20211228_165850_5037546906_600_800.png,/scratch/parceirosbr/bigoilict/share/BigOil/document_generator/datasets/documents_2021_12_28/30schl03_20211228_165850_5037546906_600_800.png,30schl03_20211228_165850_5037546906_600_800_mask.png,442502.460
23,6,47,12,111,190,158,202,111,190,158,190,158,202,111,202,text,table_text,table_1,roboto,regular,9.0,30schl03_20211228_165850_5037546906_600_800.png,/scratch/parceirosbr/bigoilict/share/BigOil/document_generator/datasets/documents_2021_12_28/30schl03_20211228_165850_5037546906_600_800.png,30schl03_20211228_165850_5037546906_600_800_mask.png,454074.147
23,6,47,12,111,190,158,202,111,190,158,190,158,202,111,202,sub_line_text,table_text,table_1,roboto,regular,9.0,30schl03_20211228_165850_5037546906_600_800.png,/scratch/parceirosbr/bigoilict/share/BigOil/document_generator/datasets/documents_2021_12_28/30schl03_20211228_165850_5037546906_600_800.png,30schl03_20211228_165850_5037546906_600_800_mask.png,454074.147
26,6,52,12,106,204,158,216,106,204,158,204,158,216,106,216,text,table_text,table_1,roboto,regular,9.0,30schl03_20211228_165850_5037546906_600_800.png,/scratch/parceirosbr/bigoilict/share/BigOil/document_generator/datasets/documents_2021_12_28/30schl03_20211228_165850_5037546906_600_800.png,30schl03_20211228_165850_5037546906_600_800_mask.png,7877378.553
26,6,52,12,106,204,158,216,106,204,158,204,158,216,106,216,sub_line_text,table_text,table_1,roboto,regular,9.0,30schl03_20211228_165850_5037546906_600_800.png,/scratch/parceirosbr/bigoilict/share/BigOil/document_generator/datasets/documents_2021_12_28/30schl03_20211228_165850_5037546906_600_800.png,30schl03_20211228_165850_5037546906_600_800_mask.png,7877378.553
23,6,47,12,111,218,158,230,111,218,158,218,158,230,111,230,text,table_text,table_1,roboto,regular,9.0,30schl03_20211228_165850_5037546906_600_800.png,/scratch/parceirosbr/bigoilict/share/BigOil/document_generator/datasets/documents_2021_12_28/30schl03_20211228_165850_5037546906_600_800.png,30schl03_20211228_165850_5037546906_600_800_mask.png,993456.615
23,6,47,12,111,218,158,230,111,218,158,218,158,230,111,230,sub_line_text,table_text,table_1,roboto,regular,9.0,30schl03_20211228_165850_5037546906_600_800.png,/scratch/parceirosbr/bigoilict/share/BigOil/document_generator/datasets/documents_2021_12_28/30schl03_20211228_165850_5037546906_600_800.png,30schl03_20211228_165850_5037546906_600_800_mask.png,993456.615
26,6,52,12,105,232,157,244,105,232,157,232,157,244,105,244,text,table_text,table_1,roboto,regular,9.0,30schl03_20211228_165850_5037546906_600_800.png,/scratch/parceirosbr/bigoilict/share/BigOil/document_generator/datasets/documents_2021_12_28/30schl03_20211228_165850_5037546906_600_800.png,30schl03_20211228_165850_5037546906_600_800_mask.png,2362992.079
26,6,52,12,105,232,157,244,105,232,157,232,157,244,105,244,sub_line_text,table_text,table_1,roboto,regular,9.0,30schl03_20211228_165850_5037546906_600_800.png,/scratch/parceirosbr/bigoilict/share/BigOil/document_generator/datasets/documents_2021_12_28/30schl03_20211228_165850_5037546906_600_800.png,30schl03_20211228_165850_5037546906_600_800_mask.png,2362992.079
26,6,52,13,105,246,157,259,105,246,157,246,157,259,105,259,text,table_text,table_1,roboto,italic,9.0,30schl03_20211228_165850_5037546906_600_800.png,/scratch/parceirosbr/bigoilict/share/BigOil/document_generator/datasets/documents_2021_12_28/30schl03_20211228_165850_5037546906_600_800.png,30schl03_20211228_165850_5037546906_600_800_mask.png,9323653.724
26,6,52,13,105,246,157,259,105,246,157,246,157,259,105,259,sub_line_text,table_text,table_1,roboto,italic,9.0,30schl03_20211228_165850_5037546906_600_800.png,/scratch/parceirosbr/bigoilict/share/BigOil/document_generator/datasets/documents_2021_12_28/30schl03_20211228_165850_5037546906_600_800.png,30schl03_20211228_165850_5037546906_600_800_mask.png,9323653.724
14,6,28,12,168,92,196,104,168,92,196,92,196,104,168,104,text,table_text,table_1,roboto,bold,9.0,30schl03_20211228_165850_5037546906_600_800.png,/scratch/parceirosbr/bigoilict/share/BigOil/document_generator/datasets/documents_2021_12_28/30schl03_20211228_165850_5037546906_600_800.png,30schl03_20211228_165850_5037546906_600_800_mask.png,custos
14,6,28,12,168,92,196,104,168,92,196,92,196,104,168,104,sub_line_text,table_text,table_1,roboto,bold,9.0,30schl03_20211228_165850_5037546906_600_800.png,/scratch/parceirosbr/bigoilict/share/BigOil/document_generator/datasets/documents_2021_12_28/30schl03_20211228_165850_5037546906_600_800.png,30schl03_20211228_165850_5037546906_600_800_mask.png,custos
10,6,21,12,172,106,193,118,172,106,193,106,193,118,172,118,text,table_text,table_1,roboto,regular,9.0,30schl03_20211228_165850_5037546906_600_800.png,/scratch/parceirosbr/bigoilict/share/BigOil/document_generator/datasets/documents_2021_12_28/30schl03_20211228_165850_5037546906_600_800.png,30schl03_20211228_165850_5037546906_600_800_mask.png,óxido
10,6,21,12,172,106,193,118,172,106,193,106,193,118,172,118,sub_line_text,table_text,table_1,roboto,regular,9.0,30schl03_20211228_165850_5037546906_600_800.png,/scratch/parceirosbr/bigoilict/share/BigOil/document_generator/datasets/documents_2021_12_28/30schl03_20211228_165850_5037546906_600_800.png,30schl03_20211228_165850_5037546906_600_800_mask.png,óxido
9,6,18,12,173,120,191,132,173,120,191,120,191,132,173,132,text,table_text,table_1,roboto,regular,9.0,30schl03_20211228_165850_5037546906_600_800.png,/scratch/parceirosbr/bigoilict/share/BigOil/document_generator/datasets/documents_2021_12_28/30schl03_20211228_165850_5037546906_600_800.png,30schl03_20211228_165850_5037546906_600_800_mask.png,grau
9,6,18,12,173,120,191,132,173,120,191,120,191,132,173,132,sub_line_text,table_text,table_1,roboto,regular,9.0,30schl03_20211228_165850_5037546906_600_800.png,/scratch/parceirosbr/bigoilict/share/BigOil/document_generator/datasets/documents_2021_12_28/30schl03_20211228_165850_5037546906_600_800.png,30schl03_20211228_165850_5037546906_600_800_mask.png,grau
11,6,23,12,170,134,193,146,170,134,193,134,193,146,170,146,text,table_text,table_1,roboto,regular,9.0,30schl03_20211228_165850_5037546906_600_800.png,/scratch/parceirosbr/bigoilict/share/BigOil/document_generator/datasets/documents_2021_12_28/30schl03_20211228_165850_5037546906_600_800.png,30schl03_20211228_165850_5037546906_600_800_mask.png,áreas
11,6,23,12,170,134,193,146,170,134,193,134,193,146,170,146,sub_line_text,table_text,table_1,roboto,regular,9.0,30schl03_20211228_165850_5037546906_600_800.png,/scratch/parceirosbr/bigoilict/share/BigOil/document_generator/datasets/documents_2021_12_28/30schl03_20211228_165850_5037546906_600_800.png,30schl03_20211228_165850_5037546906_600_800_mask.png,áreas
11,6,23,12,170,148,193,160,170,148,193,148,193,160,170,160,text,table_text,table_1,roboto,regular,9.0,30schl03_20211228_165850_5037546906_600_800.png,/scratch/parceirosbr/bigoilict/share/BigOil/document_generator/datasets/documents_2021_12_28/30schl03_20211228_165850_5037546906_600_800.png,30schl03_20211228_165850_5037546906_600_800_mask.png,neste
11,6,23,12,170,148,193,160,170,148,193,148,193,160,170,160,sub_line_text,table_text,table_1,roboto,regular,9.0,30schl03_20211228_165850_5037546906_600_800.png,/scratch/parceirosbr/bigoilict/share/BigOil/document_generator/datasets/documents_2021_12_28/30schl03_20211228_165850_5037546906_600_800.png,30schl03_20211228_165850_5037546906_600_800_mask.png,neste
9,6,18,12,173,162,191,174,173,162,191,162,191,174,173,174,text,table_text,table_1,roboto,regular,9.0,30schl03_20211228_165850_5037546906_600_800.png,/scratch/parceirosbr/bigoilict/share/BigOil/document_generator/datasets/documents_2021_12_28/30schl03_20211228_165850_5037546906_600_800.png,30schl03_20211228_165850_5037546906_600_800_mask.png,sem
9,6,18,12,173,162,191,174,173,162,191,162,191,174,173,174,sub_line_text,table_text,table_1,roboto,regular,9.0,30schl03_20211228_165850_5037546906_600_800.png,/scratch/parceirosbr/bigoilict/share/BigOil/document_generator/datasets/documents_2021_12_28/30schl03_20211228_165850_5037546906_600_800.png,30schl03_20211228_165850_5037546906_600_800_mask.png,sem
4,6,8,12,178,176,186,188,178,176,186,176,186,188,178,188,text,table_text,table_1,roboto,regular,9.0,30schl03_20211228_165850_5037546906_600_800.png,/scratch/parceirosbr/bigoilict/share/BigOil/document_generator/datasets/documents_2021_12_28/30schl03_20211228_165850_5037546906_600_800.png,30schl03_20211228_165850_5037546906_600_800_mask.png,ar
4,6,8,12,178,176,186,188,178,176,186,176,186,188,178,188,sub_line_text,table_text,table_1,roboto,regular,9.0,30schl03_20211228_165850_5037546906_600_800.png,/scratch/parceirosbr/bigoilict/share/BigOil/document_generator/datasets/documents_2021_12_28/30schl03_20211228_165850_5037546906_600_800.png,30schl03_20211228_165850_5037546906_600_800_mask.png,ar
11,6,23,12,170,190,193,202,170,190,193,190,193,202,170,202,text,table_text,table_1,roboto,regular,9.0,30schl03_20211228_165850_5037546906_600_800.png,/scratch/parceirosbr/bigoilict/share/BigOil/document_generator/datasets/documents_2021_12_28/30schl03_20211228_165850_5037546906_600_800.png,30schl03_20211228_165850_5037546906_600_800_mask.png,sobre
11,6,23,12,170,190,193,202,170,190,193,190,193,202,170,202,sub_line_text,table_text,table_1,roboto,regular,9.0,30schl03_20211228_165850_5037546906_600_800.png,/scratch/parceirosbr/bigoilict/share/BigOil/document_generator/datasets/documents_2021_12_28/30schl03_20211228_165850_5037546906_600_800.png,30schl03_20211228_165850_5037546906_600_800_mask.png,sobre
15,6,31,12,166,204,197,216,166,204,197,204,197,216,166,216,text,table_text,table_1,roboto,regular,9.0,30schl03_20211228_165850_5037546906_600_800.png,/scratch/parceirosbr/bigoilict/share/BigOil/document_generator/datasets/documents_2021_12_28/30schl03_20211228_165850_5037546906_600_800.png,30schl03_20211228_165850_5037546906_600_800_mask.png,elevado
15,6,31,12,166,204,197,216,166,204,197,204,197,216,166,216,sub_line_text,table_text,table_1,roboto,regular,9.0,30schl03_20211228_165850_5037546906_600_800.png,/scratch/parceirosbr/bigoilict/share/BigOil/document_generator/datasets/documents_2021_12_28/30schl03_20211228_165850_5037546906_600_800.png,30schl03_20211228_165850_5037546906_600_800_mask.png,elevado
5,6,10,12,177,218,187,230,177,218,187,218,187,230,177,230,text,table_text,table_1,roboto,regular,9.0,30schl03_20211228_165850_5037546906_600_800.png,/scratch/parceirosbr/bigoilict/share/BigOil/document_generator/datasets/documents_2021_12_28/30schl03_20211228_165850_5037546906_600_800.png,30schl03_20211228_165850_5037546906_600_800_mask.png,do
5,6,10,12,177,218,187,230,177,218,187,218,187,230,177,230,sub_line_text,table_text,table_1,roboto,regular,9.0,30schl03_20211228_165850_5037546906_600_800.png,/scratch/parceirosbr/bigoilict/share/BigOil/document_generator/datasets/documents_2021_12_28/30schl03_20211228_165850_5037546906_600_800.png,30schl03_20211228_165850_5037546906_600_800_mask.png,do
11,6,23,12,169,232,192,244,169,232,192,232,192,244,169,244,text,table_text,table_1,roboto,regular,9.0,30schl03_20211228_165850_5037546906_600_800.png,/scratch/parceirosbr/bigoilict/share/BigOil/document_generator/datasets/documents_2021_12_28/30schl03_20211228_165850_5037546906_600_800.png,30schl03_20211228_165850_5037546906_600_800_mask.png,sobre
11,6,23,12,169,232,192,244,169,232,192,232,192,244,169,244,sub_line_text,table_text,table_1,roboto,regular,9.0,30schl03_20211228_165850_5037546906_600_800.png,/scratch/parceirosbr/bigoilict/share/BigOil/document_generator/datasets/documents_2021_12_28/30schl03_20211228_165850_5037546906_600_800.png,30schl03_20211228_165850_5037546906_600_800_mask.png,sobre
11,6,22,13,170,246,192,259,170,246,192,246,192,259,170,259,text,table_text,table_1,roboto,italic,9.0,30schl03_20211228_165850_5037546906_600_800.png,/scratch/parceirosbr/bigoilict/share/BigOil/document_generator/datasets/documents_2021_12_28/30schl03_20211228_165850_5037546906_600_800.png,30schl03_20211228_165850_5037546906_600_800_mask.png,balão
11,6,22,13,170,246,192,259,170,246,192,246,192,259,170,259,sub_line_text,table_text,table_1,roboto,italic,9.0,30schl03_20211228_165850_5037546906_600_800.png,/scratch/parceirosbr/bigoilict/share/BigOil/document_generator/datasets/documents_2021_12_28/30schl03_20211228_165850_5037546906_600_800.png,30schl03_20211228_165850_5037546906_600_800_mask.png,balão
14,6,28,12,323,93,351,105,323,93,351,93,351,105,323,105,text,table_text,table_1,roboto,bold,9.0,30schl03_20211228_165850_5037546906_600_800.png,/scratch/parceirosbr/bigoilict/share/BigOil/document_generator/datasets/documents_2021_12_28/30schl03_20211228_165850_5037546906_600_800.png,30schl03_20211228_165850_5037546906_600_800_mask.png,virtude
14,6,28,12,323,93,351,105,323,93,351,93,351,105,323,105,sub_line_text,table_text,table_1,roboto,bold,9.0,30schl03_20211228_165850_5037546906_600_800.png,/scratch/parceirosbr/bigoilict/share/BigOil/document_generator/datasets/documents_2021_12_28/30schl03_20211228_165850_5037546906_600_800.png,30schl03_20211228_165850_5037546906_600_800_mask.png,virtude
18,6,37,13,217,106,254,119,217,106,254,107,254,119,217,118,text,table_text,table_1,roboto,regular,9.0,30schl03_20211228_165850_5037546906_600_800.png,/scratch/parceirosbr/bigoilict/share/BigOil/document_generator/datasets/documents_2021_12_28/30schl03_20211228_165850_5037546906_600_800.png,30schl03_20211228_165850_5037546906_600_800_mask.png,30721.56
18,6,37,13,217,106,254,119,217,106,254,107,254,119,217,118,sub_line_text,table_text,table_1,roboto,regular,9.0,30schl03_20211228_165850_5037546906_600_800.png,/scratch/parceirosbr/bigoilict/share/BigOil/document_generator/datasets/documents_2021_12_28/30schl03_20211228_165850_5037546906_600_800.png,30schl03_20211228_165850_5037546906_600_800_mask.png,30721.56
18,6,37,13,217,120,254,133,217,120,254,121,254,133,217,132,text,table_text,table_1,roboto,regular,9.0,30schl03_20211228_165850_5037546906_600_800.png,/scratch/parceirosbr/bigoilict/share/BigOil/document_generator/datasets/documents_2021_12_28/30schl03_20211228_165850_5037546906_600_800.png,30schl03_20211228_165850_5037546906_600_800_mask.png,65751.30
18,6,37,13,217,120,254,133,217,120,254,121,254,133,217,132,sub_line_text,table_text,table_1,roboto,regular,9.0,30schl03_20211228_165850_5037546906_600_800.png,/scratch/parceirosbr/bigoilict/share/BigOil/document_generator/datasets/documents_2021_12_28/30schl03_20211228_165850_5037546906_600_800.png,30schl03_20211228_165850_5037546906_600_800_mask.png,65751.30
18,6,37,13,217,134,254,147,217,134,254,135,254,147,217,146,text,table_text,table_1,roboto,regular,9.0,30schl03_20211228_165850_5037546906_600_800.png,/scratch/parceirosbr/bigoilict/share/BigOil/document_generator/datasets/documents_2021_12_28/30schl03_20211228_165850_5037546906_600_800.png,30schl03_20211228_165850_5037546906_600_800_mask.png,41151.73
18,6,37,13,217,134,254,147,217,134,254,135,254,147,217,146,sub_line_text,table_text,table_1,roboto,regular,9.0,30schl03_20211228_165850_5037546906_600_800.png,/scratch/parceirosbr/bigoilict/share/BigOil/document_generator/datasets/documents_2021_12_28/30schl03_20211228_165850_5037546906_600_800.png,30schl03_20211228_165850_5037546906_600_800_mask.png,41151.73
18,6,37,13,217,148,254,161,217,148,254,149,254,161,217,160,text,table_text,table_1,roboto,regular,9.0,30schl03_20211228_165850_5037546906_600_800.png,/scratch/parceirosbr/bigoilict/share/BigOil/document_generator/datasets/documents_2021_12_28/30schl03_20211228_165850_5037546906_600_800.png,30schl03_20211228_165850_5037546906_600_800_mask.png,46366.89
18,6,37,13,217,148,254,161,217,148,254,149,254,161,217,160,sub_line_text,table_text,table_1,roboto,regular,9.0,30schl03_20211228_165850_5037546906_600_800.png,/scratch/parceirosbr/bigoilict/share/BigOil/document_generator/datasets/documents_2021_12_28/30schl03_20211228_165850_5037546906_600_800.png,30schl03_20211228_165850_5037546906_600_800_mask.png,46366.89
18,6,37,13,217,162,254,175,217,162,254,163,254,175,217,174,text,table_text,table_1,roboto,regular,9.0,30schl03_20211228_165850_5037546906_600_800.png,/scratch/parceirosbr/bigoilict/share/BigOil/document_generator/datasets/documents_2021_12_28/30schl03_20211228_165850_5037546906_600_800.png,30schl03_20211228_165850_5037546906_600_800_mask.png,43056.82
18,6,37,13,217,162,254,175,217,162,254,163,254,175,217,174,sub_line_text,table_text,table_1,roboto,regular,9.0,30schl03_20211228_165850_5037546906_600_800.png,/scratch/parceirosbr/bigoilict/share/BigOil/document_generator/datasets/documents_2021_12_28/30schl03_20211228_165850_5037546906_600_800.png,30schl03_20211228_165850_5037546906_600_800_mask.png,43056.82
18,6,37,13,217,176,254,189,217,176,254,177,254,189,217,188,text,table_text,table_1,roboto,regular,9.0,30schl03_20211228_165850_5037546906_600_800.png,/scratch/parceirosbr/bigoilict/share/BigOil/document_generator/datasets/documents_2021_12_28/30schl03_20211228_165850_5037546906_600_800.png,30schl03_20211228_165850_5037546906_600_800_mask.png,11429.23
18,6,37,13,217,176,254,189,217,176,254,177,254,189,217,188,sub_line_text,table_text,table_1,roboto,regular,9.0,30schl03_20211228_165850_5037546906_600_800.png,/scratch/parceirosbr/bigoilict/share/BigOil/document_generator/datasets/documents_2021_12_28/30schl03_20211228_165850_5037546906_600_800.png,30schl03_20211228_165850_5037546906_600_800_mask.png,11429.23
18,6,37,13,217,190,254,203,217,190,254,191,254,203,217,202,text,table_text,table_1,roboto,regular,9.0,30schl03_20211228_165850_5037546906_600_800.png,/scratch/parceirosbr/bigoilict/share/BigOil/document_generator/datasets/documents_2021_12_28/30schl03_20211228_165850_5037546906_600_800.png,30schl03_20211228_165850_5037546906_600_800_mask.png,52456.33
18,6,37,13,217,190,254,203,217,190,254,191,254,203,217,202,sub_line_text,table_text,table_1,roboto,regular,9.0,30schl03_20211228_165850_5037546906_600_800.png,/scratch/parceirosbr/bigoilict/share/BigOil/document_generator/datasets/documents_2021_12_28/30schl03_20211228_165850_5037546906_600_800.png,30schl03_20211228_165850_5037546906_600_800_mask.png,52456.33
18,6,37,13,217,204,254,217,217,204,254,205,254,217,217,216,text,table_text,table_1,roboto,regular,9.0,30schl03_20211228_165850_5037546906_600_800.png,/scratch/parceirosbr/bigoilict/share/BigOil/document_generator/datasets/documents_2021_12_28/30schl03_20211228_165850_5037546906_600_800.png,30schl03_20211228_165850_5037546906_600_800_mask.png,78886.13
18,6,37,13,217,204,254,217,217,204,254,205,254,217,217,216,sub_line_text,table_text,table_1,roboto,regular,9.0,30schl03_20211228_165850_5037546906_600_800.png,/scratch/parceirosbr/bigoilict/share/BigOil/document_generator/datasets/documents_2021_12_28/30schl03_20211228_165850_5037546906_600_800.png,30schl03_20211228_165850_5037546906_600_800_mask.png,78886.13
18,6,37,13,217,218,254,231,217,218,254,219,254,231,217,230,text,table_text,table_1,roboto,regular,9.0,30schl03_20211228_165850_5037546906_600_800.png,/scratch/parceirosbr/bigoilict/share/BigOil/document_generator/datasets/documents_2021_12_28/30schl03_20211228_165850_5037546906_600_800.png,30schl03_20211228_165850_5037546906_600_800_mask.png,71108.58
18,6,37,13,217,218,254,231,217,218,254,219,254,231,217,230,sub_line_text,table_text,table_1,roboto,regular,9.0,30schl03_20211228_165850_5037546906_600_800.png,/scratch/parceirosbr/bigoilict/share/BigOil/document_generator/datasets/documents_2021_12_28/30schl03_20211228_165850_5037546906_600_800.png,30schl03_20211228_165850_5037546906_600_800_mask.png,71108.58
18,6,37,13,216,232,253,245,216,232,253,233,253,245,216,244,text,table_text,table_1,roboto,regular,9.0,30schl03_20211228_165850_5037546906_600_800.png,/scratch/parceirosbr/bigoilict/share/BigOil/document_generator/datasets/documents_2021_12_28/30schl03_20211228_165850_5037546906_600_800.png,30schl03_20211228_165850_5037546906_600_800_mask.png,95085.93
18,6,37,13,216,232,253,245,216,232,253,233,253,245,216,244,sub_line_text,table_text,table_1,roboto,regular,9.0,30schl03_20211228_165850_5037546906_600_800.png,/scratch/parceirosbr/bigoilict/share/BigOil/document_generator/datasets/documents_2021_12_28/30schl03_20211228_165850_5037546906_600_800.png,30schl03_20211228_165850_5037546906_600_800_mask.png,95085.93
18,7,37,14,216,246,253,260,216,246,253,247,253,260,216,259,text,table_text,table_1,roboto,italic,9.0,30schl03_20211228_165850_5037546906_600_800.png,/scratch/parceirosbr/bigoilict/share/BigOil/document_generator/datasets/documents_2021_12_28/30schl03_20211228_165850_5037546906_600_800.png,30schl03_20211228_165850_5037546906_600_800_mask.png,19708.84
18,7,37,14,216,246,253,260,216,246,253,247,253,260,216,259,sub_line_text,table_text,table_1,roboto,italic,9.0,30schl03_20211228_165850_5037546906_600_800.png,/scratch/parceirosbr/bigoilict/share/BigOil/document_generator/datasets/documents_2021_12_28/30schl03_20211228_165850_5037546906_600_800.png,30schl03_20211228_165850_5037546906_600_800_mask.png,19708.84
28,6,57,12,294,107,351,119,294,107,351,107,351,119,294,119,text,table_text,table_1,roboto,regular,9.0,30schl03_20211228_165850_5037546906_600_800.png,/scratch/parceirosbr/bigoilict/share/BigOil/document_generator/datasets/documents_2021_12_28/30schl03_20211228_165850_5037546906_600_800.png,30schl03_20211228_165850_5037546906_600_800_mask.png,9157808.0177
28,6,57,12,294,107,351,119,294,107,351,107,351,119,294,119,sub_line_text,table_text,table_1,roboto,regular,9.0,30schl03_20211228_165850_5037546906_600_800.png,/scratch/parceirosbr/bigoilict/share/BigOil/document_generator/datasets/documents_2021_12_28/30schl03_20211228_165850_5037546906_600_800.png,30schl03_20211228_165850_5037546906_600_800_mask.png,9157808.0177
28,6,57,12,294,121,351,133,294,121,351,121,351,133,294,133,text,table_text,table_1,roboto,regular,9.0,30schl03_20211228_165850_5037546906_600_800.png,/scratch/parceirosbr/bigoilict/share/BigOil/document_generator/datasets/documents_2021_12_28/30schl03_20211228_165850_5037546906_600_800.png,30schl03_20211228_165850_5037546906_600_800_mask.png,4321234.0827
28,6,57,12,294,121,351,133,294,121,351,121,351,133,294,133,sub_line_text,table_text,table_1,roboto,regular,9.0,30schl03_20211228_165850_5037546906_600_800.png,/scratch/parceirosbr/bigoilict/share/BigOil/document_generator/datasets/documents_2021_12_28/30schl03_20211228_165850_5037546906_600_800.png,30schl03_20211228_165850_5037546906_600_800_mask.png,4321234.0827
21,6,42,12,309,135,351,147,309,135,351,135,351,147,309,147,text,table_text,table_1,roboto,regular,9.0,30schl03_20211228_165850_5037546906_600_800.png,/scratch/parceirosbr/bigoilict/share/BigOil/document_generator/datasets/documents_2021_12_28/30schl03_20211228_165850_5037546906_600_800.png,30schl03_20211228_165850_5037546906_600_800_mask.png,6573.3315
21,6,42,12,309,135,351,147,309,135,351,135,351,147,309,147,sub_line_text,table_text,table_1,roboto,regular,9.0,30schl03_20211228_165850_5037546906_600_800.png,/scratch/parceirosbr/bigoilict/share/BigOil/document_generator/datasets/documents_2021_12_28/30schl03_20211228_165850_5037546906_600_800.png,30schl03_20211228_165850_5037546906_600_800_mask.png,6573.3315
26,6,52,12,299,149,351,161,299,149,351,149,351,161,299,161,text,table_text,table_1,roboto,regular,9.0,30schl03_20211228_165850_5037546906_600_800.png,/scratch/parceirosbr/bigoilict/share/BigOil/document_generator/datasets/documents_2021_12_28/30schl03_20211228_165850_5037546906_600_800.png,30schl03_20211228_165850_5037546906_600_800_mask.png,439704.8882
26,6,52,12,299,149,351,161,299,149,351,149,351,161,299,161,sub_line_text,table_text,table_1,roboto,regular,9.0,30schl03_20211228_165850_5037546906_600_800.png,/scratch/parceirosbr/bigoilict/share/BigOil/document_generator/datasets/documents_2021_12_28/30schl03_20211228_165850_5037546906_600_800.png,30schl03_20211228_165850_5037546906_600_800_mask.png,439704.8882
26,6,52,12,299,163,351,175,299,163,351,163,351,175,299,175,text,table_text,table_1,roboto,regular,9.0,30schl03_20211228_165850_5037546906_600_800.png,/scratch/parceirosbr/bigoilict/share/BigOil/document_generator/datasets/documents_2021_12_28/30schl03_20211228_165850_5037546906_600_800.png,30schl03_20211228_165850_5037546906_600_800_mask.png,510998.7447
26,6,52,12,299,163,351,175,299,163,351,163,351,175,299,175,sub_line_text,table_text,table_1,roboto,regular,9.0,30schl03_20211228_165850_5037546906_600_800.png,/scratch/parceirosbr/bigoilict/share/BigOil/document_generator/datasets/documents_2021_12_28/30schl03_20211228_165850_5037546906_600_800.png,30schl03_20211228_165850_5037546906_600_800_mask.png,510998.7447
26,6,52,12,299,177,351,189,299,177,351,177,351,189,299,189,text,table_text,table_1,roboto,regular,9.0,30schl03_20211228_165850_5037546906_600_800.png,/scratch/parceirosbr/bigoilict/share/BigOil/document_generator/datasets/documents_2021_12_28/30schl03_20211228_165850_5037546906_600_800.png,30schl03_20211228_165850_5037546906_600_800_mask.png,953203.4779
26,6,52,12,299,177,351,189,299,177,351,177,351,189,299,189,sub_line_text,table_text,table_1,roboto,regular,9.0,30schl03_20211228_165850_5037546906_600_800.png,/scratch/parceirosbr/bigoilict/share/BigOil/document_generator/datasets/documents_2021_12_28/30schl03_20211228_165850_5037546906_600_800.png,30schl03_20211228_165850_5037546906_600_800_mask.png,953203.4779
28,6,57,12,294,191,351,203,294,191,351,191,351,203,294,203,text,table_text,table_1,roboto,regular,9.0,30schl03_20211228_165850_5037546906_600_800.png,/scratch/parceirosbr/bigoilict/share/BigOil/document_generator/datasets/documents_2021_12_28/30schl03_20211228_165850_5037546906_600_800.png,30schl03_20211228_165850_5037546906_600_800_mask.png,3443971.4777
28,6,57,12,294,191,351,203,294,191,351,191,351,203,294,203,sub_line_text,table_text,table_1,roboto,regular,9.0,30schl03_20211228_165850_5037546906_600_800.png,/scratch/parceirosbr/bigoilict/share/BigOil/document_generator/datasets/documents_2021_12_28/30schl03_20211228_165850_5037546906_600_800.png,30schl03_20211228_165850_5037546906_600_800_mask.png,3443971.4777
21,6,42,12,309,205,351,217,309,205,351,205,351,217,309,217,text,table_text,table_1,roboto,regular,9.0,30schl03_20211228_165850_5037546906_600_800.png,/scratch/parceirosbr/bigoilict/share/BigOil/document_generator/datasets/documents_2021_12_28/30schl03_20211228_165850_5037546906_600_800.png,30schl03_20211228_165850_5037546906_600_800_mask.png,3578.0655
21,6,42,12,309,205,351,217,309,205,351,205,351,217,309,217,sub_line_text,table_text,table_1,roboto,regular,9.0,30schl03_20211228_165850_5037546906_600_800.png,/scratch/parceirosbr/bigoilict/share/BigOil/document_generator/datasets/documents_2021_12_28/30schl03_20211228_165850_5037546906_600_800.png,30schl03_20211228_165850_5037546906_600_800_mask.png,3578.0655
23,6,47,12,304,219,351,231,304,219,351,219,351,231,304,231,text,table_text,table_1,roboto,regular,9.0,30schl03_20211228_165850_5037546906_600_800.png,/scratch/parceirosbr/bigoilict/share/BigOil/document_generator/datasets/documents_2021_12_28/30schl03_20211228_165850_5037546906_600_800.png,30schl03_20211228_165850_5037546906_600_800_mask.png,10128.2966
23,6,47,12,304,219,351,231,304,219,351,219,351,231,304,231,sub_line_text,table_text,table_1,roboto,regular,9.0,30schl03_20211228_165850_5037546906_600_800.png,/scratch/parceirosbr/bigoilict/share/BigOil/document_generator/datasets/documents_2021_12_28/30schl03_20211228_165850_5037546906_600_800.png,30schl03_20211228_165850_5037546906_600_800_mask.png,10128.2966
26,6,52,12,298,233,350,245,298,233,350,233,350,245,298,245,text,table_text,table_1,roboto,regular,9.0,30schl03_20211228_165850_5037546906_600_800.png,/scratch/parceirosbr/bigoilict/share/BigOil/document_generator/datasets/documents_2021_12_28/30schl03_20211228_165850_5037546906_600_800.png,30schl03_20211228_165850_5037546906_600_800_mask.png,283904.2572
26,6,52,12,298,233,350,245,298,233,350,233,350,245,298,245,sub_line_text,table_text,table_1,roboto,regular,9.0,30schl03_20211228_165850_5037546906_600_800.png,/scratch/parceirosbr/bigoilict/share/BigOil/document_generator/datasets/documents_2021_12_28/30schl03_20211228_165850_5037546906_600_800.png,30schl03_20211228_165850_5037546906_600_800_mask.png,283904.2572
18,6,37,13,313,247,350,260,313,247,350,247,350,260,313,260,text,table_text,table_1,roboto,italic,9.0,30schl03_20211228_165850_5037546906_600_800.png,/scratch/parceirosbr/bigoilict/share/BigOil/document_generator/datasets/documents_2021_12_28/30schl03_20211228_165850_5037546906_600_800.png,30schl03_20211228_165850_5037546906_600_800_mask.png,695.1941
18,6,37,13,313,247,350,260,313,247,350,247,350,260,313,260,sub_line_text,table_text,table_1,roboto,italic,9.0,30schl03_20211228_165850_5037546906_600_800.png,/scratch/parceirosbr/bigoilict/share/BigOil/document_generator/datasets/documents_2021_12_28/30schl03_20211228_165850_5037546906_600_800.png,30schl03_20211228_165850_5037546906_600_800_mask.png,695.1941
185,6,371,13,3,301,374,314,3,301,374,302,374,314,3,313,sub_line_text,figure_legend,figure_0,arial,regular,9,30schl03_20211228_165850_5037546906_600_800.png,/scratch/parceirosbr/bigoilict/share/BigOil/document_generator/datasets/documents_2021_12_28/30schl03_20211228_165850_5037546906_600_800.png,30schl03_20211228_165850_5037546906_600_800_mask.png,Investigation  of heavy oil refinery wastewater treatment by integrated ozone and activ-
185,6,370,13,3,312,373,325,3,312,373,313,373,325,3,324,sub_line_text,figure_legend,figure_0,arial,regular,9,30schl03_20211228_165850_5037546906_600_800.png,/scratch/parceirosbr/bigoilict/share/BigOil/document_generator/datasets/documents_2021_12_28/30schl03_20211228_165850_5037546906_600_800.png,30schl03_20211228_165850_5037546906_600_800_mask.png,ated carbon -supported manganese oxides.Este último se mostra pior devido ao fato d-
78,6,156,13,3,323,159,336,3,323,159,324,159,336,3,335,sub_line_text,figure_legend,figure_0,arial,regular,9,30schl03_20211228_165850_5037546906_600_800.png,/scratch/parceirosbr/bigoilict/share/BigOil/document_generator/datasets/documents_2021_12_28/30schl03_20211228_165850_5037546906_600_800.png,30schl03_20211228_165850_5037546906_600_800_mask.png,"a água criar canais preferenciais e,."
186,17,372,35,3,301,375,336,3,301,375,302,375,336,3,335,text,figure_legend,figure_1,arial,regular,9,30schl03_20211228_165850_5037546906_600_800.png,/scratch/parceirosbr/bigoilict/share/BigOil/document_generator/datasets/documents_2021_12_28/30schl03_20211228_165850_5037546906_600_800.png,30schl03_20211228_165850_5037546906_600_800_mask.png,
149,100,298,200,40,379,338,579,41,379,338,380,337,579,40,578,image,figure_image,figure_1,,,,30schl03_20211228_165850_5037546906_600_800.png,/scratch/parceirosbr/bigoilict/share/BigOil/document_generator/datasets/documents_2021_12_28/30schl03_20211228_165850_5037546906_600_800.png,30schl03_20211228_165850_5037546906_600_800_mask.png,output/gen_img_20211228_165856_2642932071.png
3,12,7,24,313,402,320,426,319,402,320,425,314,426,313,403,text,figure_text,figure_1,,,,30schl03_20211228_165850_5037546906_600_800.png,/scratch/parceirosbr/bigoilict/share/BigOil/document_generator/datasets/documents_2021_12_28/30schl03_20211228_165850_5037546906_600_800.png,30schl03_20211228_165850_5037546906_600_800_mask.png,-3041.2%
3,12,7,24,313,402,320,426,319,402,320,425,314,426,313,403,sub_line_text,figure_text,figure_1,,,,30schl03_20211228_165850_5037546906_600_800.png,/scratch/parceirosbr/bigoilict/share/BigOil/document_generator/datasets/documents_2021_12_28/30schl03_20211228_165850_5037546906_600_800.png,30schl03_20211228_165850_5037546906_600_800_mask.png,-3041.2%
4,10,8,20,208,458,216,478,214,458,216,476,211,478,208,460,text,figure_text,figure_1,,,,30schl03_20211228_165850_5037546906_600_800.png,/scratch/parceirosbr/bigoilict/share/BigOil/document_generator/datasets/documents_2021_12_28/30schl03_20211228_165850_5037546906_600_800.png,30schl03_20211228_165850_5037546906_600_800_mask.png,-1029.7
4,10,8,20,208,458,216,478,214,458,216,476,211,478,208,460,sub_line_text,figure_text,figure_1,,,,30schl03_20211228_165850_5037546906_600_800.png,/scratch/parceirosbr/bigoilict/share/BigOil/document_generator/datasets/documents_2021_12_28/30schl03_20211228_165850_5037546906_600_800.png,30schl03_20211228_165850_5037546906_600_800_mask.png,-1029.7
5,12,10,25,141,487,151,512,148,487,151,510,145,512,141,488,text,figure_text,figure_1,,,,30schl03_20211228_165850_5037546906_600_800.png,/scratch/parceirosbr/bigoilict/share/BigOil/document_generator/datasets/documents_2021_12_28/30schl03_20211228_165850_5037546906_600_800.png,30schl03_20211228_165850_5037546906_600_800_mask.png,Volume [l]
5,12,10,25,141,487,151,512,148,487,151,510,145,512,141,488,sub_line_text,figure_text,figure_1,,,,30schl03_20211228_165850_5037546906_600_800.png,/scratch/parceirosbr/bigoilict/share/BigOil/document_generator/datasets/documents_2021_12_28/30schl03_20211228_165850_5037546906_600_800.png,30schl03_20211228_165850_5037546906_600_800_mask.png,Volume [l]
3,10,7,21,125,533,132,554,131,533,132,553,126,554,125,534,text,figure_text,figure_1,,,,30schl03_20211228_165850_5037546906_600_800.png,/scratch/parceirosbr/bigoilict/share/BigOil/document_generator/datasets/documents_2021_12_28/30schl03_20211228_165850_5037546906_600_800.png,30schl03_20211228_165850_5037546906_600_800_mask.png,Strength
3,10,7,21,125,533,132,554,131,533,132,553,126,554,125,534,sub_line_text,figure_text,figure_1,,,,30schl03_20211228_165850_5037546906_600_800.png,/scratch/parceirosbr/bigoilict/share/BigOil/document_generator/datasets/documents_2021_12_28/30schl03_20211228_165850_5037546906_600_800.png,30schl03_20211228_165850_5037546906_600_800_mask.png,Strength
5,14,10,28,206,497,216,525,212,497,216,523,211,525,206,499,text,figure_text,figure_1,,,,30schl03_20211228_165850_5037546906_600_800.png,/scratch/parceirosbr/bigoilict/share/BigOil/document_generator/datasets/documents_2021_12_28/30schl03_20211228_165850_5037546906_600_800.png,30schl03_20211228_165850_5037546906_600_800_mask.png,-9822.65%
5,14,10,28,206,497,216,525,212,497,216,523,211,525,206,499,sub_line_text,figure_text,figure_1,,,,30schl03_20211228_165850_5037546906_600_800.png,/scratch/parceirosbr/bigoilict/share/BigOil/document_generator/datasets/documents_2021_12_28/30schl03_20211228_165850_5037546906_600_800.png,30schl03_20211228_165850_5037546906_600_800_mask.png,-9822.65%
3,9,6,19,58,510,64,529,63,510,64,528,59,529,58,511,text,figure_text,figure_1,,,,30schl03_20211228_165850_5037546906_600_800.png,/scratch/parceirosbr/bigoilict/share/BigOil/document_generator/datasets/documents_2021_12_28/30schl03_20211228_165850_5037546906_600_800.png,30schl03_20211228_165850_5037546906_600_800_mask.png,-3968%
3,9,6,19,58,510,64,529,63,510,64,528,59,529,58,511,sub_line_text,figure_text,figure_1,,,,30schl03_20211228_165850_5037546906_600_800.png,/scratch/parceirosbr/bigoilict/share/BigOil/document_generator/datasets/documents_2021_12_28/30schl03_20211228_165850_5037546906_600_800.png,30schl03_20211228_165850_5037546906_600_800_mask.png,-3968%
3,9,7,18,272,516,279,534,278,516,279,533,273,534,272,517,text,figure_text,figure_1,,,,30schl03_20211228_165850_5037546906_600_800.png,/scratch/parceirosbr/bigoilict/share/BigOil/document_generator/datasets/documents_2021_12_28/30schl03_20211228_165850_5037546906_600_800.png,30schl03_20211228_165850_5037546906_600_800_mask.png,Weight
3,9,7,18,272,516,279,534,278,516,279,533,273,534,272,517,sub_line_text,figure_text,figure_1,,,,30schl03_20211228_165850_5037546906_600_800.png,/scratch/parceirosbr/bigoilict/share/BigOil/document_generator/datasets/documents_2021_12_28/30schl03_20211228_165850_5037546906_600_800.png,30schl03_20211228_165850_5037546906_600_800_mask.png,Weight
4,12,9,24,212,546,221,570,217,546,221,568,216,570,212,547,text,figure_text,figure_1,,,,30schl03_20211228_165850_5037546906_600_800.png,/scratch/parceirosbr/bigoilict/share/BigOil/document_generator/datasets/documents_2021_12_28/30schl03_20211228_165850_5037546906_600_800.png,30schl03_20211228_165850_5037546906_600_800_mask.png,-6586.4%
4,12,9,24,212,546,221,570,217,546,221,568,216,570,212,547,sub_line_text,figure_text,figure_1,,,,30schl03_20211228_165850_5037546906_600_800.png,/scratch/parceirosbr/bigoilict/share/BigOil/document_generator/datasets/documents_2021_12_28/30schl03_20211228_165850_5037546906_600_800.png,30schl03_20211228_165850_5037546906_600_800_mask.png,-6586.4%
3,7,7,14,177,382,184,396,182,382,184,394,179,396,177,384,text,figure_text,figure_1,,,,30schl03_20211228_165850_5037546906_600_800.png,/scratch/parceirosbr/bigoilict/share/BigOil/document_generator/datasets/documents_2021_12_28/30schl03_20211228_165850_5037546906_600_800.png,30schl03_20211228_165850_5037546906_600_800_mask.png,Time
3,7,7,14,177,382,184,396,182,382,184,394,179,396,177,384,sub_line_text,figure_text,figure_1,,,,30schl03_20211228_165850_5037546906_600_800.png,/scratch/parceirosbr/bigoilict/share/BigOil/document_generator/datasets/documents_2021_12_28/30schl03_20211228_165850_5037546906_600_800.png,30schl03_20211228_165850_5037546906_600_800_mask.png,Time
2,12,5,25,71,459,76,484,76,459,76,483,71,484,71,460,text,figure_text,figure_1,,,,30schl03_20211228_165850_5037546906_600_800.png,/scratch/parceirosbr/bigoilict/share/BigOil/document_generator/datasets/documents_2021_12_28/30schl03_20211228_165850_5037546906_600_800.png,30schl03_20211228_165850_5037546906_600_800_mask.png,-7030.0%
2,12,5,25,71,459,76,484,76,459,76,483,71,484,71,460,sub_line_text,figure_text,figure_1,,,,30schl03_20211228_165850_5037546906_600_800.png,/scratch/parceirosbr/bigoilict/share/BigOil/document_generator/datasets/documents_2021_12_28/30schl03_20211228_165850_5037546906_600_800.png,30schl03_20211228_165850_5037546906_600_800_mask.png,-7030.0%
4,10,9,20,212,526,221,546,217,526,221,544,216,546,212,528,text,figure_text,figure_1,,,,30schl03_20211228_165850_5037546906_600_800.png,/scratch/parceirosbr/bigoilict/share/BigOil/document_generator/datasets/documents_2021_12_28/30schl03_20211228_165850_5037546906_600_800.png,30schl03_20211228_165850_5037546906_600_800_mask.png,767.7%
4,10,9,20,212,526,221,546,217,526,221,544,216,546,212,528,sub_line_text,figure_text,figure_1,,,,30schl03_20211228_165850_5037546906_600_800.png,/scratch/parceirosbr/bigoilict/share/BigOil/document_generator/datasets/documents_2021_12_28/30schl03_20211228_165850_5037546906_600_800.png,30schl03_20211228_165850_5037546906_600_800_mask.png,767.7%
4,14,8,29,109,407,117,436,114,407,117,434,111,436,109,408,text,figure_text,figure_1,,,,30schl03_20211228_165850_5037546906_600_800.png,/scratch/parceirosbr/bigoilict/share/BigOil/document_generator/datasets/documents_2021_12_28/30schl03_20211228_165850_5037546906_600_800.png,30schl03_20211228_165850_5037546906_600_800_mask.png,Conversion
4,14,8,29,109,407,117,436,114,407,117,434,111,436,109,408,sub_line_text,figure_text,figure_1,,,,30schl03_20211228_165850_5037546906_600_800.png,/scratch/parceirosbr/bigoilict/share/BigOil/document_generator/datasets/documents_2021_12_28/30schl03_20211228_165850_5037546906_600_800.png,30schl03_20211228_165850_5037546906_600_800_mask.png,Conversion
3,10,6,20,101,386,107,406,106,386,107,405,102,406,101,387,text,figure_text,figure_1,,,,30schl03_20211228_165850_5037546906_600_800.png,/scratch/parceirosbr/bigoilict/share/BigOil/document_generator/datasets/documents_2021_12_28/30schl03_20211228_165850_5037546906_600_800.png,30schl03_20211228_165850_5037546906_600_800_mask.png,-8783%
3,10,6,20,101,386,107,406,106,386,107,405,102,406,101,387,sub_line_text,figure_text,figure_1,,,,30schl03_20211228_165850_5037546906_600_800.png,/scratch/parceirosbr/bigoilict/share/BigOil/document_generator/datasets/documents_2021_12_28/30schl03_20211228_165850_5037546906_600_800.png,30schl03_20211228_165850_5037546906_600_800_mask.png,-8783%
4,14,9,29,84,408,93,437,91,408,93,435,87,437,84,410,text,figure_text,figure_1,,,,30schl03_20211228_165850_5037546906_600_800.png,/scratch/parceirosbr/bigoilict/share/BigOil/document_generator/datasets/documents_2021_12_28/30schl03_20211228_165850_5037546906_600_800.png,30schl03_20211228_165850_5037546906_600_800_mask.png,Female [M]
4,14,9,29,84,408,93,437,91,408,93,435,87,437,84,410,sub_line_text,figure_text,figure_1,,,,30schl03_20211228_165850_5037546906_600_800.png,/scratch/parceirosbr/bigoilict/share/BigOil/document_generator/datasets/documents_2021_12_28/30schl03_20211228_165850_5037546906_600_800.png,30schl03_20211228_165850_5037546906_600_800_mask.png,Female [M]
4,16,8,33,201,393,209,426,206,393,209,424,204,426,201,394,text,figure_text,figure_1,,,,30schl03_20211228_165850_5037546906_600_800.png,/scratch/parceirosbr/bigoilict/share/BigOil/document_generator/datasets/documents_2021_12_28/30schl03_20211228_165850_5037546906_600_800.png,30schl03_20211228_165850_5037546906_600_800_mask.png,Performance
4,16,8,33,201,393,209,426,206,393,209,424,204,426,201,394,sub_line_text,figure_text,figure_1,,,,30schl03_20211228_165850_5037546906_600_800.png,/scratch/parceirosbr/bigoilict/share/BigOil/document_generator/datasets/documents_2021_12_28/30schl03_20211228_165850_5037546906_600_800.png,30schl03_20211228_165850_5037546906_600_800_mask.png,Performance
4,5,8,11,144,461,152,472,151,461,152,470,146,472,144,462,text,figure_text,figure_1,,,,30schl03_20211228_165850_5037546906_600_800.png,/scratch/parceirosbr/bigoilict/share/BigOil/document_generator/datasets/documents_2021_12_28/30schl03_20211228_165850_5037546906_600_800.png,30schl03_20211228_165850_5037546906_600_800_mask.png,Age
4,5,8,11,144,461,152,472,151,461,152,470,146,472,144,462,sub_line_text,figure_text,figure_1,,,,30schl03_20211228_165850_5037546906_600_800.png,/scratch/parceirosbr/bigoilict/share/BigOil/document_generator/datasets/documents_2021_12_28/30schl03_20211228_165850_5037546906_600_800.png,30schl03_20211228_165850_5037546906_600_800_mask.png,Age
4,11,8,22,166,508,174,530,171,508,174,529,168,530,166,509,text,figure_text,figure_1,,,,30schl03_20211228_165850_5037546906_600_800.png,/scratch/parceirosbr/bigoilict/share/BigOil/document_generator/datasets/documents_2021_12_28/30schl03_20211228_165850_5037546906_600_800.png,30schl03_20211228_165850_5037546906_600_800_mask.png,-294.466
4,11,8,22,166,508,174,530,171,508,174,529,168,530,166,509,sub_line_text,figure_text,figure_1,,,,30schl03_20211228_165850_5037546906_600_800.png,/scratch/parceirosbr/bigoilict/share/BigOil/document_generator/datasets/documents_2021_12_28/30schl03_20211228_165850_5037546906_600_800.png,30schl03_20211228_165850_5037546906_600_800_mask.png,-294.466
5,15,11,30,196,526,207,556,202,526,207,554,201,556,196,527,text,figure_text,figure_1,,,,30schl03_20211228_165850_5037546906_600_800.png,/scratch/parceirosbr/bigoilict/share/BigOil/document_generator/datasets/documents_2021_12_28/30schl03_20211228_165850_5037546906_600_800.png,30schl03_20211228_165850_5037546906_600_800_mask.png,Quality[MB]
5,15,11,30,196,526,207,556,202,526,207,554,201,556,196,527,sub_line_text,figure_text,figure_1,,,,30schl03_20211228_165850_5037546906_600_800.png,/scratch/parceirosbr/bigoilict/share/BigOil/document_generator/datasets/documents_2021_12_28/30schl03_20211228_165850_5037546906_600_800.png,30schl03_20211228_165850_5037546906_600_800_mask.png,Quality[MB]
4,15,8,30,86,465,94,495,92,465,94,493,88,495,86,466,text,figure_text,figure_1,,,,30schl03_20211228_165850_5037546906_600_800.png,/scratch/parceirosbr/bigoilict/share/BigOil/document_generator/datasets/documents_2021_12_28/30schl03_20211228_165850_5037546906_600_800.png,30schl03_20211228_165850_5037546906_600_800_mask.png,Quality(KB)
4,15,8,30,86,465,94,495,92,465,94,493,88,495,86,466,sub_line_text,figure_text,figure_1,,,,30schl03_20211228_165850_5037546906_600_800.png,/scratch/parceirosbr/bigoilict/share/BigOil/document_generator/datasets/documents_2021_12_28/30schl03_20211228_165850_5037546906_600_800.png,30schl03_20211228_165850_5037546906_600_800_mask.png,Quality(KB)
4,12,9,24,297,394,306,418,302,394,306,417,301,418,297,396,text,figure_text,figure_1,,,,30schl03_20211228_165850_5037546906_600_800.png,/scratch/parceirosbr/bigoilict/share/BigOil/document_generator/datasets/documents_2021_12_28/30schl03_20211228_165850_5037546906_600_800.png,30schl03_20211228_165850_5037546906_600_800_mask.png,-4352.6%
4,12,9,24,297,394,306,418,302,394,306,417,301,418,297,396,sub_line_text,figure_text,figure_1,,,,30schl03_20211228_165850_5037546906_600_800.png,/scratch/parceirosbr/bigoilict/share/BigOil/document_generator/datasets/documents_2021_12_28/30schl03_20211228_165850_5037546906_600_800.png,30schl03_20211228_165850_5037546906_600_800_mask.png,-4352.6%
3,6,6,12,51,483,57,495,56,483,57,494,52,495,51,484,text,figure_text,figure_1,,,,30schl03_20211228_165850_5037546906_600_800.png,/scratch/parceirosbr/bigoilict/share/BigOil/document_generator/datasets/documents_2021_12_28/30schl03_20211228_165850_5037546906_600_800.png,30schl03_20211228_165850_5037546906_600_800_mask.png,Leak
3,6,6,12,51,483,57,495,56,483,57,494,52,495,51,484,sub_line_text,figure_text,figure_1,,,,30schl03_20211228_165850_5037546906_600_800.png,/scratch/parceirosbr/bigoilict/share/BigOil/document_generator/datasets/documents_2021_12_28/30schl03_20211228_165850_5037546906_600_800.png,30schl03_20211228_165850_5037546906_600_800_mask.png,Leak
28,6,57,13,400,14,457,27,400,14,457,14,457,27,400,27,sub_line_text,subtitle,subtitle_0,arial,bold,10,30schl03_20211228_165850_5037546906_600_800.png,/scratch/parceirosbr/bigoilict/share/BigOil/document_generator/datasets/documents_2021_12_28/30schl03_20211228_165850_5037546906_600_800.png,30schl03_20211228_165850_5037546906_600_800_mask.png,Derivados
28,6,57,13,400,14,457,27,400,14,457,14,457,27,400,27,title,subtitle,subtitle_1,arial,bold,10,30schl03_20211228_165850_5037546906_600_800.png,/scratch/parceirosbr/bigoilict/share/BigOil/document_generator/datasets/documents_2021_12_28/30schl03_20211228_165850_5037546906_600_800.png,30schl03_20211228_165850_5037546906_600_800_mask.png,
86,6,173,13,400,33,573,46,400,33,573,34,573,46,400,45,sub_line_text,text,text_0,arial,regular,9,30schl03_20211228_165850_5037546906_600_800.png,/scratch/parceirosbr/bigoilict/share/BigOil/document_generator/datasets/documents_2021_12_28/30schl03_20211228_165850_5037546906_600_800.png,30schl03_20211228_165850_5037546906_600_800_mask.png,"Some  examples can be mentioned, su-"
87,6,174,13,400,44,574,57,400,44,574,45,574,57,400,56,sub_line_text,text,text_0,arial,regular,9,30schl03_20211228_165850_5037546906_600_800.png,/scratch/parceirosbr/bigoilict/share/BigOil/document_generator/datasets/documents_2021_12_28/30schl03_20211228_165850_5037546906_600_800.png,30schl03_20211228_165850_5037546906_600_800_mask.png,ch as the aromatization of monoaromat-
87,6,174,13,400,55,574,68,400,55,574,56,574,68,400,67,sub_line_text,text,text_0,arial,regular,9,30schl03_20211228_165850_5037546906_600_800.png,/scratch/parceirosbr/bigoilict/share/BigOil/document_generator/datasets/documents_2021_12_28/30schl03_20211228_165850_5037546906_600_800.png,30schl03_20211228_165850_5037546906_600_800_mask.png,"ic  steroids to steroids et al., 1980, 198-"
86,6,173,13,400,66,573,79,400,66,573,67,573,79,400,78,sub_line_text,text,text_0,arial,regular,9,30schl03_20211228_165850_5037546906_600_800.png,/scratch/parceirosbr/bigoilict/share/BigOil/document_generator/datasets/documents_2021_12_28/30schl03_20211228_165850_5037546906_600_800.png,30schl03_20211228_165850_5037546906_600_800_mask.png,"1; et al., 1986) that of methyl-phenanth-"
86,6,173,13,400,77,573,90,400,77,573,78,573,90,400,89,sub_line_text,text,text_0,arial,regular,9,30schl03_20211228_165850_5037546906_600_800.png,/scratch/parceirosbr/bigoilict/share/BigOil/document_generator/datasets/documents_2021_12_28/30schl03_20211228_165850_5037546906_600_800.png,30schl03_20211228_165850_5037546906_600_800_mask.png,"rene  RADKE; 1983), and maturation in-"
87,6,174,13,400,88,574,101,400,88,574,89,574,101,400,100,sub_line_text,text,text_0,arial,regular,9,30schl03_20211228_165850_5037546906_600_800.png,/scratch/parceirosbr/bigoilict/share/BigOil/document_generator/datasets/documents_2021_12_28/30schl03_20211228_165850_5037546906_600_800.png,30schl03_20211228_165850_5037546906_600_800_mask.png,dicators based on alkylnaphthalenes an-
86,6,172,13,400,99,572,112,400,99,572,100,572,112,400,111,sub_line_text,text,text_0,arial,regular,9,30schl03_20211228_165850_5037546906_600_800.png,/scratch/parceirosbr/bigoilict/share/BigOil/document_generator/datasets/documents_2021_12_28/30schl03_20211228_165850_5037546906_600_800.png,30schl03_20211228_165850_5037546906_600_800_mask.png,"d alkylphenanthrenes et al., 1986; et al-"
86,6,172,13,400,110,572,123,400,110,572,111,572,123,400,122,sub_line_text,text,text_0,arial,regular,9,30schl03_20211228_165850_5037546906_600_800.png,/scratch/parceirosbr/bigoilict/share/BigOil/document_generator/datasets/documents_2021_12_28/30schl03_20211228_165850_5037546906_600_800.png,30schl03_20211228_165850_5037546906_600_800_mask.png,"., 1986).De ressaltar, quanto ao o núm-"
86,6,172,13,400,121,572,134,400,121,572,122,572,134,400,133,sub_line_text,text,text_0,arial,regular,9,30schl03_20211228_165850_5037546906_600_800.png,/scratch/parceirosbr/bigoilict/share/BigOil/document_generator/datasets/documents_2021_12_28/30schl03_20211228_165850_5037546906_600_800.png,30schl03_20211228_165850_5037546906_600_800_mask.png,ero expressivo de cerca de 7.800 denú-
86,6,173,13,400,132,573,145,400,132,573,133,573,145,400,144,sub_line_text,text,text_0,arial,regular,9,30schl03_20211228_165850_5037546906_600_800.png,/scratch/parceirosbr/bigoilict/share/BigOil/document_generator/datasets/documents_2021_12_28/30schl03_20211228_165850_5037546906_600_800.png,30schl03_20211228_165850_5037546906_600_800_mask.png,ncias atendidas pela.A garantia da qual-
86,6,173,13,400,143,573,156,400,143,573,144,573,156,400,155,sub_line_text,text,text_0,arial,regular,9,30schl03_20211228_165850_5037546906_600_800.png,/scratch/parceirosbr/bigoilict/share/BigOil/document_generator/datasets/documents_2021_12_28/30schl03_20211228_165850_5037546906_600_800.png,30schl03_20211228_165850_5037546906_600_800_mask.png,idade  é um esforço documentado de u-
86,6,173,13,400,154,573,167,400,154,573,155,573,167,400,166,sub_line_text,text,text_0,arial,regular,9,30schl03_20211228_165850_5037546906_600_800.png,/scratch/parceirosbr/bigoilict/share/BigOil/document_generator/datasets/documents_2021_12_28/30schl03_20211228_165850_5037546906_600_800.png,30schl03_20211228_165850_5037546906_600_800_mask.png,"ma empresa, ou instituição, para garan-"
86,6,172,13,400,165,572,178,400,165,572,166,572,178,400,177,sub_line_text,text,text_0,arial,regular,9,30schl03_20211228_165850_5037546906_600_800.png,/scratch/parceirosbr/bigoilict/share/BigOil/document_generator/datasets/documents_2021_12_28/30schl03_20211228_165850_5037546906_600_800.png,30schl03_20211228_165850_5037546906_600_800_mask.png,tir que seus produtos e serviços esteja-
86,6,172,13,400,176,572,189,400,176,572,177,572,189,400,188,sub_line_text,text,text_0,arial,regular,9,30schl03_20211228_165850_5037546906_600_800.png,/scratch/parceirosbr/bigoilict/share/BigOil/document_generator/datasets/documents_2021_12_28/30schl03_20211228_165850_5037546906_600_800.png,30schl03_20211228_165850_5037546906_600_800_mask.png,m dentro de padrões exigidos internam-
67,6,134,13,400,187,534,200,400,187,534,188,534,200,400,199,sub_line_text,text,text_0,arial,regular,9,30schl03_20211228_165850_5037546906_600_800.png,/scratch/parceirosbr/bigoilict/share/BigOil/document_generator/datasets/documents_2021_12_28/30schl03_20211228_165850_5037546906_600_800.png,30schl03_20211228_165850_5037546906_600_800_mask.png,"ente, pela legislação em vigor."
87,83,175,167,400,33,575,200,401,33,575,34,574,200,400,199,text,text,text_1,arial,regular,9,30schl03_20211228_165850_5037546906_600_800.png,/scratch/parceirosbr/bigoilict/share/BigOil/document_generator/datasets/documents_2021_12_28/30schl03_20211228_165850_5037546906_600_800.png,30schl03_20211228_165850_5037546906_600_800_mask.png,
10,6,21,13,400,211,421,224,400,211,421,211,421,224,400,224,sub_line_text,subtitle,subtitle_1,arial,bold,10,30schl03_20211228_165850_5037546906_600_800.png,/scratch/parceirosbr/bigoilict/share/BigOil/document_generator/datasets/documents_2021_12_28/30schl03_20211228_165850_5037546906_600_800.png,30schl03_20211228_165850_5037546906_600_800_mask.png,Os
10,6,21,13,400,211,421,224,400,211,421,211,421,224,400,224,title,subtitle,subtitle_2,arial,bold,10,30schl03_20211228_165850_5037546906_600_800.png,/scratch/parceirosbr/bigoilict/share/BigOil/document_generator/datasets/documents_2021_12_28/30schl03_20211228_165850_5037546906_600_800.png,30schl03_20211228_165850_5037546906_600_800_mask.png,
87,6,175,13,399,227,574,240,400,227,574,228,573,240,399,239,sub_line_text,text,text_1,arial,regular,9,30schl03_20211228_165850_5037546906_600_800.png,/scratch/parceirosbr/bigoilict/share/BigOil/document_generator/datasets/documents_2021_12_28/30schl03_20211228_165850_5037546906_600_800.png,30schl03_20211228_165850_5037546906_600_800_mask.png,As  cinzas estruturais são nutrientes in-
87,6,174,13,399,238,573,251,399,238,573,239,573,251,399,250,sub_line_text,text,text_1,arial,regular,9,30schl03_20211228_165850_5037546906_600_800.png,/scratch/parceirosbr/bigoilict/share/BigOil/document_generator/datasets/documents_2021_12_28/30schl03_20211228_165850_5037546906_600_800.png,30schl03_20211228_165850_5037546906_600_800_mask.png,orgânicos  necessários ao desenvolvim-
86,6,173,13,399,249,572,262,399,249,572,250,572,262,399,261,sub_line_text,text,text_1,arial,regular,9,30schl03_20211228_165850_5037546906_600_800.png,/scratch/parceirosbr/bigoilict/share/BigOil/document_generator/datasets/documents_2021_12_28/30schl03_20211228_165850_5037546906_600_800.png,30schl03_20211228_165850_5037546906_600_800_mask.png,ento da planta e estão unidas na estrut-
86,6,172,13,399,260,571,273,399,260,571,261,571,273,399,272,sub_line_text,text,text_1,arial,regular,9,30schl03_20211228_165850_5037546906_600_800.png,/scratch/parceirosbr/bigoilict/share/BigOil/document_generator/datasets/documents_2021_12_28/30schl03_20211228_165850_5037546906_600_800.png,30schl03_20211228_165850_5037546906_600_800_mask.png,"ura física do bagaço, enquanto as cinz-"
87,6,174,13,399,271,573,284,399,271,573,272,573,284,399,283,sub_line_text,text,text_1,arial,regular,9,30schl03_20211228_165850_5037546906_600_800.png,/scratch/parceirosbr/bigoilict/share/BigOil/document_generator/datasets/documents_2021_12_28/30schl03_20211228_165850_5037546906_600_800.png,30schl03_20211228_165850_5037546906_600_800_mask.png,as  não estruturais se aderem à cana d-
86,6,173,13,399,282,572,295,399,282,572,283,572,295,399,294,sub_line_text,text,text_1,arial,regular,9,30schl03_20211228_165850_5037546906_600_800.png,/scratch/parceirosbr/bigoilict/share/BigOil/document_generator/datasets/documents_2021_12_28/30schl03_20211228_165850_5037546906_600_800.png,30schl03_20211228_165850_5037546906_600_800_mask.png,"urante  a colheita, estocagem ou moag-"
87,6,174,13,399,293,573,306,399,293,573,294,573,306,399,305,sub_line_text,text,text_1,arial,regular,9,30schl03_20211228_165850_5037546906_600_800.png,/scratch/parceirosbr/bigoilict/share/BigOil/document_generator/datasets/documents_2021_12_28/30schl03_20211228_165850_5037546906_600_800.png,30schl03_20211228_165850_5037546906_600_800_mask.png,em  e podem ser extraídas por lavagem
86,6,172,13,399,304,571,317,399,304,571,305,571,317,399,316,sub_line_text,text,text_1,arial,regular,9,30schl03_20211228_165850_5037546906_600_800.png,/scratch/parceirosbr/bigoilict/share/BigOil/document_generator/datasets/documents_2021_12_28/30schl03_20211228_165850_5037546906_600_800.png,30schl03_20211228_165850_5037546906_600_800_mask.png,"do material.Petroleum, was the exclusi-"
87,6,174,13,399,315,573,328,399,315,573,316,573,328,399,327,sub_line_text,text,text_1,arial,regular,9,30schl03_20211228_165850_5037546906_600_800.png,/scratch/parceirosbr/bigoilict/share/BigOil/document_generator/datasets/documents_2021_12_28/30schl03_20211228_165850_5037546906_600_800.png,30schl03_20211228_165850_5037546906_600_800_mask.png,ve company operating the exploration a-
87,6,174,13,399,326,573,339,399,326,573,327,573,339,399,338,sub_line_text,text,text_1,arial,regular,9,30schl03_20211228_165850_5037546906_600_800.png,/scratch/parceirosbr/bigoilict/share/BigOil/document_generator/datasets/documents_2021_12_28/30schl03_20211228_165850_5037546906_600_800.png,30schl03_20211228_165850_5037546906_600_800_mask.png,nd production activities in the country a-
86,6,173,13,399,337,572,350,399,337,572,338,572,350,399,349,sub_line_text,text,text_1,arial,regular,9,30schl03_20211228_165850_5037546906_600_800.png,/scratch/parceirosbr/bigoilict/share/BigOil/document_generator/datasets/documents_2021_12_28/30schl03_20211228_165850_5037546906_600_800.png,30schl03_20211228_165850_5037546906_600_800_mask.png,"nd, therefore, the only one with technic-"
68,6,137,13,399,348,536,361,399,348,536,349,536,361,399,360,sub_line_text,text,text_1,arial,regular,9,30schl03_20211228_165850_5037546906_600_800.png,/scratch/parceirosbr/bigoilict/share/BigOil/document_generator/datasets/documents_2021_12_28/30schl03_20211228_165850_5037546906_600_800.png,30schl03_20211228_165850_5037546906_600_800_mask.png,al and professional capacity to.
87,67,175,134,399,227,574,361,400,227,574,228,573,361,399,360,text,text,text_2,arial,regular,9,30schl03_20211228_165850_5037546906_600_800.png,/scratch/parceirosbr/bigoilict/share/BigOil/document_generator/datasets/documents_2021_12_28/30schl03_20211228_165850_5037546906_600_800.png,30schl03_20211228_165850_5037546906_600_800_mask.png,
10,6,21,13,399,375,420,388,399,375,420,375,420,388,399,388,sub_line_text,subtitle,subtitle_2,arial,bold,10,30schl03_20211228_165850_5037546906_600_800.png,/scratch/parceirosbr/bigoilict/share/BigOil/document_generator/datasets/documents_2021_12_28/30schl03_20211228_165850_5037546906_600_800.png,30schl03_20211228_165850_5037546906_600_800_mask.png,Os
10,6,21,13,399,375,420,388,399,375,420,375,420,388,399,388,title,subtitle,subtitle_3,arial,bold,10,30schl03_20211228_165850_5037546906_600_800.png,/scratch/parceirosbr/bigoilict/share/BigOil/document_generator/datasets/documents_2021_12_28/30schl03_20211228_165850_5037546906_600_800.png,30schl03_20211228_165850_5037546906_600_800_mask.png,
86,6,173,13,399,393,572,406,399,393,572,394,572,406,399,405,sub_line_text,text,text_2,arial,regular,9,30schl03_20211228_165850_5037546906_600_800.png,/scratch/parceirosbr/bigoilict/share/BigOil/document_generator/datasets/documents_2021_12_28/30schl03_20211228_165850_5037546906_600_800.png,30schl03_20211228_165850_5037546906_600_800_mask.png,"Trabalho de do e separação, nas etapa-"
86,6,173,13,399,404,572,417,399,404,572,405,572,417,399,416,sub_line_text,text,text_2,arial,regular,9,30schl03_20211228_165850_5037546906_600_800.png,/scratch/parceirosbr/bigoilict/share/BigOil/document_generator/datasets/documents_2021_12_28/30schl03_20211228_165850_5037546906_600_800.png,30schl03_20211228_165850_5037546906_600_800_mask.png,"s  de  tratamento  e processamento, na"
86,6,172,13,399,415,571,428,399,415,571,416,571,428,399,427,sub_line_text,text,text_2,arial,regular,9,30schl03_20211228_165850_5037546906_600_800.png,/scratch/parceirosbr/bigoilict/share/BigOil/document_generator/datasets/documents_2021_12_28/30schl03_20211228_165850_5037546906_600_800.png,30schl03_20211228_165850_5037546906_600_800_mask.png,"área de segurança operacional, entre o-"
86,6,173,13,399,426,572,439,399,426,572,427,572,439,399,438,sub_line_text,text,text_2,arial,regular,9,30schl03_20211228_165850_5037546906_600_800.png,/scratch/parceirosbr/bigoilict/share/BigOil/document_generator/datasets/documents_2021_12_28/30schl03_20211228_165850_5037546906_600_800.png,30schl03_20211228_165850_5037546906_600_800_mask.png,utras.Regulates the registration of self--
87,6,174,13,399,437,573,450,399,437,573,438,573,450,399,449,sub_line_text,text,text_2,arial,regular,9,30schl03_20211228_165850_5037546906_600_800.png,/scratch/parceirosbr/bigoilict/share/BigOil/document_generator/datasets/documents_2021_12_28/30schl03_20211228_165850_5037546906_600_800.png,30schl03_20211228_165850_5037546906_600_800_mask.png,"producer and auto-importer, provided fo-"
87,6,175,13,398,448,573,461,399,448,573,449,572,461,398,460,sub_line_text,text,text_2,arial,regular,9,30schl03_20211228_165850_5037546906_600_800.png,/scratch/parceirosbr/bigoilict/share/BigOil/document_generator/datasets/documents_2021_12_28/30schl03_20211228_165850_5037546906_600_800.png,30schl03_20211228_165850_5037546906_600_800_mask.png,"r in No. 7,382, of December 2, 2010.21-"
86,6,173,13,398,459,571,472,398,459,571,460,571,472,398,471,sub_line_text,text,text_2,arial,regular,9,30schl03_20211228_165850_5037546906_600_800.png,/scratch/parceirosbr/bigoilict/share/BigOil/document_generator/datasets/documents_2021_12_28/30schl03_20211228_165850_5037546906_600_800.png,30schl03_20211228_165850_5037546906_600_800_mask.png,3.A partir do estabelecimento desta lim-
87,6,174,13,398,470,572,483,398,470,572,471,572,483,398,482,sub_line_text,text,text_2,arial,regular,9,30schl03_20211228_165850_5037546906_600_800.png,/scratch/parceirosbr/bigoilict/share/BigOil/document_generator/datasets/documents_2021_12_28/30schl03_20211228_165850_5037546906_600_800.png,30schl03_20211228_165850_5037546906_600_800_mask.png,"itação,  a reduziu percentualmente suas"
86,6,173,13,398,481,571,494,398,481,571,482,571,494,398,493,sub_line_text,text,text_2,arial,regular,9,30schl03_20211228_165850_5037546906_600_800.png,/scratch/parceirosbr/bigoilict/share/BigOil/document_generator/datasets/documents_2021_12_28/30schl03_20211228_165850_5037546906_600_800.png,30schl03_20211228_165850_5037546906_600_800_mask.png,importações  da.Texture can be defined
87,6,174,13,398,492,572,505,398,492,572,493,572,505,398,504,sub_line_text,text,text_2,arial,regular,9,30schl03_20211228_165850_5037546906_600_800.png,/scratch/parceirosbr/bigoilict/share/BigOil/document_generator/datasets/documents_2021_12_28/30schl03_20211228_165850_5037546906_600_800.png,30schl03_20211228_165850_5037546906_600_800_mask.png,as  the variation of visual data at scales
86,6,173,13,398,503,571,516,398,503,571,504,571,516,398,515,sub_line_text,text,text_2,arial,regular,9,30schl03_20211228_165850_5037546906_600_800.png,/scratch/parceirosbr/bigoilict/share/BigOil/document_generator/datasets/documents_2021_12_28/30schl03_20211228_165850_5037546906_600_800.png,30schl03_20211228_165850_5037546906_600_800_mask.png,smaller  than the observed scale.Para i-
86,6,172,13,398,514,570,527,398,514,570,515,570,527,398,526,sub_line_text,text,text_2,arial,regular,9,30schl03_20211228_165850_5037546906_600_800.png,/scratch/parceirosbr/bigoilict/share/BigOil/document_generator/datasets/documents_2021_12_28/30schl03_20211228_165850_5037546906_600_800.png,30schl03_20211228_165850_5037546906_600_800_mask.png,"sto, foi desenvolvida uma planilha de c-"
87,6,174,13,398,525,572,538,398,525,572,526,572,538,398,537,sub_line_text,text,text_2,arial,regular,9,30schl03_20211228_165850_5037546906_600_800.png,/scratch/parceirosbr/bigoilict/share/BigOil/document_generator/datasets/documents_2021_12_28/30schl03_20211228_165850_5037546906_600_800.png,30schl03_20211228_165850_5037546906_600_800_mask.png,apaz  de reproduzir o cálculo do dano d-
87,6,174,13,398,536,572,549,398,536,572,537,572,549,398,548,sub_line_text,text,text_2,arial,regular,9,30schl03_20211228_165850_5037546906_600_800.png,/scratch/parceirosbr/bigoilict/share/BigOil/document_generator/datasets/documents_2021_12_28/30schl03_20211228_165850_5037546906_600_800.png,30schl03_20211228_165850_5037546906_600_800_mask.png,e  forma  análoga ao software 78.These
86,6,173,13,398,547,571,560,398,547,571,548,571,560,398,559,sub_line_text,text,text_2,arial,regular,9,30schl03_20211228_165850_5037546906_600_800.png,/scratch/parceirosbr/bigoilict/share/BigOil/document_generator/datasets/documents_2021_12_28/30schl03_20211228_165850_5037546906_600_800.png,30schl03_20211228_165850_5037546906_600_800_mask.png,data  are consistent with the color map-
87,6,174,13,398,558,572,571,398,558,572,559,572,571,398,570,sub_line_text,text,text_2,arial,regular,9,30schl03_20211228_165850_5037546906_600_800.png,/scratch/parceirosbr/bigoilict/share/BigOil/document_generator/datasets/documents_2021_12_28/30schl03_20211228_165850_5037546906_600_800.png,30schl03_20211228_165850_5037546906_600_800_mask.png,ping observed in 14.A região está sujeit-
86,6,173,13,398,569,571,582,398,569,571,570,571,582,398,581,sub_line_text,text,text_2,arial,regular,9,30schl03_20211228_165850_5037546906_600_800.png,/scratch/parceirosbr/bigoilict/share/BigOil/document_generator/datasets/documents_2021_12_28/30schl03_20211228_165850_5037546906_600_800.png,30schl03_20211228_165850_5037546906_600_800_mask.png,"a  á atuação da tropical no verão, e infl-"
25,6,50,12,398,580,448,592,398,580,448,580,448,592,398,592,sub_line_text,text,text_2,arial,regular,9,30schl03_20211228_165850_5037546906_600_800.png,/scratch/parceirosbr/bigoilict/share/BigOil/document_generator/datasets/documents_2021_12_28/30schl03_20211228_165850_5037546906_600_800.png,30schl03_20211228_165850_5037546906_600_800_mask.png,uência da.
87,100,175,200,398,393,573,593,399,393,573,394,572,593,398,592,text,text,text_3,arial,regular,9,30schl03_20211228_165850_5037546906_600_800.png,/scratch/parceirosbr/bigoilict/share/BigOil/document_generator/datasets/documents_2021_12_28/30schl03_20211228_165850_5037546906_600_800.png,30schl03_20211228_165850_5037546906_600_800_mask.png,
15,6,30,13,398,614,428,627,398,614,428,614,428,627,398,627,sub_line_text,subtitle,subtitle_3,arial,bold,10,30schl03_20211228_165850_5037546906_600_800.png,/scratch/parceirosbr/bigoilict/share/BigOil/document_generator/datasets/documents_2021_12_28/30schl03_20211228_165850_5037546906_600_800.png,30schl03_20211228_165850_5037546906_600_800_mask.png,Para
15,6,30,13,398,614,428,627,398,614,428,614,428,627,398,627,title,subtitle,subtitle_4,arial,bold,10,30schl03_20211228_165850_5037546906_600_800.png,/scratch/parceirosbr/bigoilict/share/BigOil/document_generator/datasets/documents_2021_12_28/30schl03_20211228_165850_5037546906_600_800.png,30schl03_20211228_165850_5037546906_600_800_mask.png,
87,6,174,13,398,630,572,643,398,630,572,631,572,643,398,642,sub_line_text,text,text_3,arial,regular,9,30schl03_20211228_165850_5037546906_600_800.png,/scratch/parceirosbr/bigoilict/share/BigOil/document_generator/datasets/documents_2021_12_28/30schl03_20211228_165850_5037546906_600_800.png,30schl03_20211228_165850_5037546906_600_800_mask.png,"Com  o  uso da técnica de lógica fuzzy,"
87,6,174,13,398,641,572,654,398,641,572,642,572,654,398,653,sub_line_text,text,text_3,arial,regular,9,30schl03_20211228_165850_5037546906_600_800.png,/scratch/parceirosbr/bigoilict/share/BigOil/document_generator/datasets/documents_2021_12_28/30schl03_20211228_165850_5037546906_600_800.png,30schl03_20211228_165850_5037546906_600_800_mask.png,o reconhecimento das falhas foi possív-
86,6,172,13,398,652,570,665,398,652,570,653,570,665,398,664,sub_line_text,text,text_3,arial,regular,9,30schl03_20211228_165850_5037546906_600_800.png,/scratch/parceirosbr/bigoilict/share/BigOil/document_generator/datasets/documents_2021_12_28/30schl03_20211228_165850_5037546906_600_800.png,30schl03_20211228_165850_5037546906_600_800_mask.png,"el.In  addition,  the products initially for-"
86,6,173,13,398,663,571,676,398,663,571,664,571,676,398,675,sub_line_text,text,text_3,arial,regular,9,30schl03_20211228_165850_5037546906_600_800.png,/scratch/parceirosbr/bigoilict/share/BigOil/document_generator/datasets/documents_2021_12_28/30schl03_20211228_165850_5037546906_600_800.png,30schl03_20211228_165850_5037546906_600_800_mask.png,med  are also transformed into others t-
87,6,174,13,397,674,571,687,398,674,571,675,570,687,397,686,sub_line_text,text,text_3,arial,regular,9,30schl03_20211228_165850_5037546906_600_800.png,/scratch/parceirosbr/bigoilict/share/BigOil/document_generator/datasets/documents_2021_12_28/30schl03_20211228_165850_5037546906_600_800.png,30schl03_20211228_165850_5037546906_600_800_mask.png,hrough  parallel catalytic reactions (201-
87,6,174,13,397,685,571,698,397,685,571,686,571,698,397,697,sub_line_text,text,text_3,arial,regular,9,30schl03_20211228_165850_5037546906_600_800.png,/scratch/parceirosbr/bigoilict/share/BigOil/document_generator/datasets/documents_2021_12_28/30schl03_20211228_165850_5037546906_600_800.png,30schl03_20211228_165850_5037546906_600_800_mask.png,4).Nesse projeto foram escolhidas e int-
86,6,172,13,397,696,569,709,397,696,569,697,569,709,397,708,sub_line_text,text,text_3,arial,regular,9,30schl03_20211228_165850_5037546906_600_800.png,/scratch/parceirosbr/bigoilict/share/BigOil/document_generator/datasets/documents_2021_12_28/30schl03_20211228_165850_5037546906_600_800.png,30schl03_20211228_165850_5037546906_600_800_mask.png,erpretadas  duas linhas sísmicas da ár-
86,6,173,13,397,707,570,720,397,707,570,708,570,720,397,719,sub_line_text,text,text_3,arial,regular,9,30schl03_20211228_165850_5037546906_600_800.png,/scratch/parceirosbr/bigoilict/share/BigOil/document_generator/datasets/documents_2021_12_28/30schl03_20211228_165850_5037546906_600_800.png,30schl03_20211228_165850_5037546906_600_800_mask.png,ea.It  is  also necessary to examine the
86,6,172,13,397,718,569,731,397,718,569,719,569,731,397,730,sub_line_text,text,text_3,arial,regular,9,30schl03_20211228_165850_5037546906_600_800.png,/scratch/parceirosbr/bigoilict/share/BigOil/document_generator/datasets/documents_2021_12_28/30schl03_20211228_165850_5037546906_600_800.png,30schl03_20211228_165850_5037546906_600_800_mask.png,rules applicable to the components of t-
86,6,173,13,397,729,570,742,397,729,570,730,570,742,397,741,sub_line_text,text,text_3,arial,regular,9,30schl03_20211228_165850_5037546906_600_800.png,/scratch/parceirosbr/bigoilict/share/BigOil/document_generator/datasets/documents_2021_12_28/30schl03_20211228_165850_5037546906_600_800.png,30schl03_20211228_165850_5037546906_600_800_mask.png,"he  vehicular natural gas system, which"
83,6,167,13,397,740,564,753,397,740,564,741,564,753,397,752,sub_line_text,text,text_3,arial,regular,9,30schl03_20211228_165850_5037546906_600_800.png,/scratch/parceirosbr/bigoilict/share/BigOil/document_generator/datasets/documents_2021_12_28/30schl03_20211228_165850_5037546906_600_800.png,30schl03_20211228_165850_5037546906_600_800_mask.png,"can be harmonized, so that parts that."
87,61,175,123,397,630,572,753,398,630,572,631,571,753,397,752,text,text,text_4,arial,regular,9,30schl03_20211228_165850_5037546906_600_800.png,/scratch/parceirosbr/bigoilict/share/BigOil/document_generator/datasets/documents_2021_12_28/30schl03_20211228_165850_5037546906_600_800.png,30schl03_20211228_165850_5037546906_600_800_mask.png,
