center_x,center_y,width,height,xmin,ymin,xmax,ymax,top_left_x,top_left_y,top_right_x,top_right_y,bottom_right_x,bottom_right_y,bottom_left_x,bottom_left_y,label,grouplabel,group,text_font,text_style,size_font,filename,path,filename_mask,content
300,400,600,800,0,0,600,800,0,0,600,0,600,800,0,800,document,,,,,,30schl03_20211228_165901_3915613219_600_800.png,/scratch/parceirosbr/bigoilict/share/BigOil/document_generator/datasets/documents_2021_12_28/30schl03_20211228_165901_3915613219_600_800.png,30schl03_20211228_165901_3915613219_600_800_mask.png,
186,6,372,12,7,12,379,24,7,12,379,12,379,24,7,24,sub_line_text,table_legend,table_0,arial,regular,10,30schl03_20211228_165901_3915613219_600_800.png,/scratch/parceirosbr/bigoilict/share/BigOil/document_generator/datasets/documents_2021_12_28/30schl03_20211228_165901_3915613219_600_800.png,30schl03_20211228_165901_3915613219_600_800_mask.png,"reflect,  each in its own way, the multiplicity of possible uses and views of this t-"
185,6,371,12,7,24,378,36,7,24,378,24,378,36,7,36,sub_line_text,table_legend,table_0,arial,regular,10,30schl03_20211228_165901_3915613219_600_800.png,/scratch/parceirosbr/bigoilict/share/BigOil/document_generator/datasets/documents_2021_12_28/30schl03_20211228_165901_3915613219_600_800.png,30schl03_20211228_165901_3915613219_600_800_mask.png,echnology  and point to an interdisciplinary perspective of its use.A distribuição
186,6,373,12,7,36,380,48,7,36,380,36,380,48,7,48,sub_line_text,table_legend,table_0,arial,regular,10,30schl03_20211228_165901_3915613219_600_800.png,/scratch/parceirosbr/bigoilict/share/BigOil/document_generator/datasets/documents_2021_12_28/30schl03_20211228_165901_3915613219_600_800.png,30schl03_20211228_165901_3915613219_600_800_mask.png,de fácies calculada é utilizada para restringir a simulação das propriedades pe-
154,6,309,12,7,48,316,60,7,48,316,48,316,60,7,60,sub_line_text,table_legend,table_0,arial,regular,10,30schl03_20211228_165901_3915613219_600_800.png,/scratch/parceirosbr/bigoilict/share/BigOil/document_generator/datasets/documents_2021_12_28/30schl03_20211228_165901_3915613219_600_800.png,30schl03_20211228_165901_3915613219_600_800_mask.png,"trofísicas, tais como porosidade e permeabilidade, nos intervalos."
186,24,373,48,7,12,380,60,7,12,380,12,380,60,7,60,text,table_legend,table_1,arial,regular,10,30schl03_20211228_165901_3915613219_600_800.png,/scratch/parceirosbr/bigoilict/share/BigOil/document_generator/datasets/documents_2021_12_28/30schl03_20211228_165901_3915613219_600_800.png,30schl03_20211228_165901_3915613219_600_800_mask.png,
156,83,312,166,38,109,350,275,38,109,350,109,350,275,38,275,table,table_image,table_1,,,,30schl03_20211228_165901_3915613219_600_800.png,/scratch/parceirosbr/bigoilict/share/BigOil/document_generator/datasets/documents_2021_12_28/30schl03_20211228_165901_3915613219_600_800.png,30schl03_20211228_165901_3915613219_600_800_mask.png,output/gen_tab_20211228_165904_5064933296.png
33,6,66,12,52,114,118,126,52,114,118,114,118,126,52,126,text,table_text,table_1,raleway,bold,10.0,30schl03_20211228_165901_3915613219_600_800.png,/scratch/parceirosbr/bigoilict/share/BigOil/document_generator/datasets/documents_2021_12_28/30schl03_20211228_165901_3915613219_600_800.png,30schl03_20211228_165901_3915613219_600_800_mask.png,catalisadores
33,6,66,12,52,114,118,126,52,114,118,114,118,126,52,126,sub_line_text,table_text,table_1,raleway,bold,10.0,30schl03_20211228_165901_3915613219_600_800.png,/scratch/parceirosbr/bigoilict/share/BigOil/document_generator/datasets/documents_2021_12_28/30schl03_20211228_165901_3915613219_600_800.png,30schl03_20211228_165901_3915613219_600_800_mask.png,catalisadores
29,6,59,12,56,129,115,141,56,129,115,129,115,141,56,141,text,table_text,table_1,raleway,italic,10.0,30schl03_20211228_165901_3915613219_600_800.png,/scratch/parceirosbr/bigoilict/share/BigOil/document_generator/datasets/documents_2021_12_28/30schl03_20211228_165901_3915613219_600_800.png,30schl03_20211228_165901_3915613219_600_800_mask.png,combustíveis
29,6,59,12,56,129,115,141,56,129,115,129,115,141,56,141,sub_line_text,table_text,table_1,raleway,italic,10.0,30schl03_20211228_165901_3915613219_600_800.png,/scratch/parceirosbr/bigoilict/share/BigOil/document_generator/datasets/documents_2021_12_28/30schl03_20211228_165901_3915613219_600_800.png,30schl03_20211228_165901_3915613219_600_800_mask.png,combustíveis
14,6,28,12,71,144,99,156,71,144,99,144,99,156,71,156,text,table_text,table_1,raleway,italic,10.0,30schl03_20211228_165901_3915613219_600_800.png,/scratch/parceirosbr/bigoilict/share/BigOil/document_generator/datasets/documents_2021_12_28/30schl03_20211228_165901_3915613219_600_800.png,30schl03_20211228_165901_3915613219_600_800_mask.png,forma
14,6,28,12,71,144,99,156,71,144,99,144,99,156,71,156,sub_line_text,table_text,table_1,raleway,italic,10.0,30schl03_20211228_165901_3915613219_600_800.png,/scratch/parceirosbr/bigoilict/share/BigOil/document_generator/datasets/documents_2021_12_28/30schl03_20211228_165901_3915613219_600_800.png,30schl03_20211228_165901_3915613219_600_800_mask.png,forma
24,6,48,12,61,159,109,171,61,159,109,159,109,171,61,171,text,table_text,table_1,raleway,italic,10.0,30schl03_20211228_165901_3915613219_600_800.png,/scratch/parceirosbr/bigoilict/share/BigOil/document_generator/datasets/documents_2021_12_28/30schl03_20211228_165901_3915613219_600_800.png,30schl03_20211228_165901_3915613219_600_800_mask.png,destacado
24,6,48,12,61,159,109,171,61,159,109,159,109,171,61,171,sub_line_text,table_text,table_1,raleway,italic,10.0,30schl03_20211228_165901_3915613219_600_800.png,/scratch/parceirosbr/bigoilict/share/BigOil/document_generator/datasets/documents_2021_12_28/30schl03_20211228_165901_3915613219_600_800.png,30schl03_20211228_165901_3915613219_600_800_mask.png,destacado
16,6,32,12,69,174,101,186,69,174,101,174,101,186,69,186,text,table_text,table_1,raleway,italic,10.0,30schl03_20211228_165901_3915613219_600_800.png,/scratch/parceirosbr/bigoilict/share/BigOil/document_generator/datasets/documents_2021_12_28/30schl03_20211228_165901_3915613219_600_800.png,30schl03_20211228_165901_3915613219_600_800_mask.png,apesar
16,6,32,12,69,174,101,186,69,174,101,174,101,186,69,186,sub_line_text,table_text,table_1,raleway,italic,10.0,30schl03_20211228_165901_3915613219_600_800.png,/scratch/parceirosbr/bigoilict/share/BigOil/document_generator/datasets/documents_2021_12_28/30schl03_20211228_165901_3915613219_600_800.png,30schl03_20211228_165901_3915613219_600_800_mask.png,apesar
18,6,37,12,66,189,103,201,66,189,103,189,103,201,66,201,text,table_text,table_1,raleway,italic,10.0,30schl03_20211228_165901_3915613219_600_800.png,/scratch/parceirosbr/bigoilict/share/BigOil/document_generator/datasets/documents_2021_12_28/30schl03_20211228_165901_3915613219_600_800.png,30schl03_20211228_165901_3915613219_600_800_mask.png,resultou
18,6,37,12,66,189,103,201,66,189,103,189,103,201,66,201,sub_line_text,table_text,table_1,raleway,italic,10.0,30schl03_20211228_165901_3915613219_600_800.png,/scratch/parceirosbr/bigoilict/share/BigOil/document_generator/datasets/documents_2021_12_28/30schl03_20211228_165901_3915613219_600_800.png,30schl03_20211228_165901_3915613219_600_800_mask.png,resultou
19,6,39,12,66,204,105,216,66,204,105,204,105,216,66,216,text,table_text,table_1,raleway,italic,10.0,30schl03_20211228_165901_3915613219_600_800.png,/scratch/parceirosbr/bigoilict/share/BigOil/document_generator/datasets/documents_2021_12_28/30schl03_20211228_165901_3915613219_600_800.png,30schl03_20211228_165901_3915613219_600_800_mask.png,medidas
19,6,39,12,66,204,105,216,66,204,105,204,105,216,66,216,sub_line_text,table_text,table_1,raleway,italic,10.0,30schl03_20211228_165901_3915613219_600_800.png,/scratch/parceirosbr/bigoilict/share/BigOil/document_generator/datasets/documents_2021_12_28/30schl03_20211228_165901_3915613219_600_800.png,30schl03_20211228_165901_3915613219_600_800_mask.png,medidas
13,6,26,12,72,219,98,231,72,219,98,219,98,231,72,231,text,table_text,table_1,raleway,italic,10.0,30schl03_20211228_165901_3915613219_600_800.png,/scratch/parceirosbr/bigoilict/share/BigOil/document_generator/datasets/documents_2021_12_28/30schl03_20211228_165901_3915613219_600_800.png,30schl03_20211228_165901_3915613219_600_800_mask.png,julho
13,6,26,12,72,219,98,231,72,219,98,219,98,231,72,231,sub_line_text,table_text,table_1,raleway,italic,10.0,30schl03_20211228_165901_3915613219_600_800.png,/scratch/parceirosbr/bigoilict/share/BigOil/document_generator/datasets/documents_2021_12_28/30schl03_20211228_165901_3915613219_600_800.png,30schl03_20211228_165901_3915613219_600_800_mask.png,julho
29,6,58,12,56,234,114,246,56,234,114,234,114,246,56,246,text,table_text,table_1,raleway,italic,10.0,30schl03_20211228_165901_3915613219_600_800.png,/scratch/parceirosbr/bigoilict/share/BigOil/document_generator/datasets/documents_2021_12_28/30schl03_20211228_165901_3915613219_600_800.png,30schl03_20211228_165901_3915613219_600_800_mask.png,pelasalturas
29,6,58,12,56,234,114,246,56,234,114,234,114,246,56,246,sub_line_text,table_text,table_1,raleway,italic,10.0,30schl03_20211228_165901_3915613219_600_800.png,/scratch/parceirosbr/bigoilict/share/BigOil/document_generator/datasets/documents_2021_12_28/30schl03_20211228_165901_3915613219_600_800.png,30schl03_20211228_165901_3915613219_600_800_mask.png,pelasalturas
24,6,48,12,61,249,109,261,61,249,109,249,109,261,61,261,text,table_text,table_1,raleway,regular,10.0,30schl03_20211228_165901_3915613219_600_800.png,/scratch/parceirosbr/bigoilict/share/BigOil/document_generator/datasets/documents_2021_12_28/30schl03_20211228_165901_3915613219_600_800.png,30schl03_20211228_165901_3915613219_600_800_mask.png,explicação
24,6,48,12,61,249,109,261,61,249,109,249,109,261,61,261,sub_line_text,table_text,table_1,raleway,regular,10.0,30schl03_20211228_165901_3915613219_600_800.png,/scratch/parceirosbr/bigoilict/share/BigOil/document_generator/datasets/documents_2021_12_28/30schl03_20211228_165901_3915613219_600_800.png,30schl03_20211228_165901_3915613219_600_800_mask.png,explicação
18,6,37,12,154,114,191,126,154,114,191,114,191,126,154,126,text,table_text,table_1,raleway,bold,10.0,30schl03_20211228_165901_3915613219_600_800.png,/scratch/parceirosbr/bigoilict/share/BigOil/document_generator/datasets/documents_2021_12_28/30schl03_20211228_165901_3915613219_600_800.png,30schl03_20211228_165901_3915613219_600_800_mask.png,distinto
18,6,37,12,154,114,191,126,154,114,191,114,191,126,154,126,sub_line_text,table_text,table_1,raleway,bold,10.0,30schl03_20211228_165901_3915613219_600_800.png,/scratch/parceirosbr/bigoilict/share/BigOil/document_generator/datasets/documents_2021_12_28/30schl03_20211228_165901_3915613219_600_800.png,30schl03_20211228_165901_3915613219_600_800_mask.png,distinto
14,6,28,12,158,129,186,141,158,129,186,129,186,141,158,141,text,table_text,table_1,raleway,italic,10.0,30schl03_20211228_165901_3915613219_600_800.png,/scratch/parceirosbr/bigoilict/share/BigOil/document_generator/datasets/documents_2021_12_28/30schl03_20211228_165901_3915613219_600_800.png,30schl03_20211228_165901_3915613219_600_800_mask.png,forma
14,6,28,12,158,129,186,141,158,129,186,129,186,141,158,141,sub_line_text,table_text,table_1,raleway,italic,10.0,30schl03_20211228_165901_3915613219_600_800.png,/scratch/parceirosbr/bigoilict/share/BigOil/document_generator/datasets/documents_2021_12_28/30schl03_20211228_165901_3915613219_600_800.png,30schl03_20211228_165901_3915613219_600_800_mask.png,forma
18,6,37,12,154,144,191,156,154,144,191,144,191,156,154,156,text,table_text,table_1,raleway,italic,10.0,30schl03_20211228_165901_3915613219_600_800.png,/scratch/parceirosbr/bigoilict/share/BigOil/document_generator/datasets/documents_2021_12_28/30schl03_20211228_165901_3915613219_600_800.png,30schl03_20211228_165901_3915613219_600_800_mask.png,diversas
18,6,37,12,154,144,191,156,154,144,191,144,191,156,154,156,sub_line_text,table_text,table_1,raleway,italic,10.0,30schl03_20211228_165901_3915613219_600_800.png,/scratch/parceirosbr/bigoilict/share/BigOil/document_generator/datasets/documents_2021_12_28/30schl03_20211228_165901_3915613219_600_800.png,30schl03_20211228_165901_3915613219_600_800_mask.png,diversas
39,6,78,12,134,159,212,171,134,159,212,159,212,171,134,171,text,table_text,table_1,raleway,italic,10.0,30schl03_20211228_165901_3915613219_600_800.png,/scratch/parceirosbr/bigoilict/share/BigOil/document_generator/datasets/documents_2021_12_28/30schl03_20211228_165901_3915613219_600_800.png,30schl03_20211228_165901_3915613219_600_800_mask.png,comportamentos
39,6,78,12,134,159,212,171,134,159,212,159,212,171,134,171,sub_line_text,table_text,table_1,raleway,italic,10.0,30schl03_20211228_165901_3915613219_600_800.png,/scratch/parceirosbr/bigoilict/share/BigOil/document_generator/datasets/documents_2021_12_28/30schl03_20211228_165901_3915613219_600_800.png,30schl03_20211228_165901_3915613219_600_800_mask.png,comportamentos
14,6,28,12,158,174,186,186,158,174,186,174,186,186,158,186,text,table_text,table_1,raleway,italic,10.0,30schl03_20211228_165901_3915613219_600_800.png,/scratch/parceirosbr/bigoilict/share/BigOil/document_generator/datasets/documents_2021_12_28/30schl03_20211228_165901_3915613219_600_800.png,30schl03_20211228_165901_3915613219_600_800_mask.png,fundo
14,6,28,12,158,174,186,186,158,174,186,174,186,186,158,186,sub_line_text,table_text,table_1,raleway,italic,10.0,30schl03_20211228_165901_3915613219_600_800.png,/scratch/parceirosbr/bigoilict/share/BigOil/document_generator/datasets/documents_2021_12_28/30schl03_20211228_165901_3915613219_600_800.png,30schl03_20211228_165901_3915613219_600_800_mask.png,fundo
11,6,22,12,162,189,184,201,162,189,184,189,184,201,162,201,text,table_text,table_1,raleway,italic,10.0,30schl03_20211228_165901_3915613219_600_800.png,/scratch/parceirosbr/bigoilict/share/BigOil/document_generator/datasets/documents_2021_12_28/30schl03_20211228_165901_3915613219_600_800.png,30schl03_20211228_165901_3915613219_600_800_mask.png,caso
11,6,22,12,162,189,184,201,162,189,184,189,184,201,162,201,sub_line_text,table_text,table_1,raleway,italic,10.0,30schl03_20211228_165901_3915613219_600_800.png,/scratch/parceirosbr/bigoilict/share/BigOil/document_generator/datasets/documents_2021_12_28/30schl03_20211228_165901_3915613219_600_800.png,30schl03_20211228_165901_3915613219_600_800_mask.png,caso
12,6,25,12,160,204,185,216,160,204,185,204,185,216,160,216,text,table_text,table_1,raleway,italic,10.0,30schl03_20211228_165901_3915613219_600_800.png,/scratch/parceirosbr/bigoilict/share/BigOil/document_generator/datasets/documents_2021_12_28/30schl03_20211228_165901_3915613219_600_800.png,30schl03_20211228_165901_3915613219_600_800_mask.png,refino
12,6,25,12,160,204,185,216,160,204,185,204,185,216,160,216,sub_line_text,table_text,table_1,raleway,italic,10.0,30schl03_20211228_165901_3915613219_600_800.png,/scratch/parceirosbr/bigoilict/share/BigOil/document_generator/datasets/documents_2021_12_28/30schl03_20211228_165901_3915613219_600_800.png,30schl03_20211228_165901_3915613219_600_800_mask.png,refino
12,6,25,12,160,219,185,231,160,219,185,219,185,231,160,231,text,table_text,table_1,raleway,italic,10.0,30schl03_20211228_165901_3915613219_600_800.png,/scratch/parceirosbr/bigoilict/share/BigOil/document_generator/datasets/documents_2021_12_28/30schl03_20211228_165901_3915613219_600_800.png,30schl03_20211228_165901_3915613219_600_800_mask.png,vezes
12,6,25,12,160,219,185,231,160,219,185,219,185,231,160,231,sub_line_text,table_text,table_1,raleway,italic,10.0,30schl03_20211228_165901_3915613219_600_800.png,/scratch/parceirosbr/bigoilict/share/BigOil/document_generator/datasets/documents_2021_12_28/30schl03_20211228_165901_3915613219_600_800.png,30schl03_20211228_165901_3915613219_600_800_mask.png,vezes
18,6,37,12,154,234,191,246,154,234,191,234,191,246,154,246,text,table_text,table_1,raleway,italic,10.0,30schl03_20211228_165901_3915613219_600_800.png,/scratch/parceirosbr/bigoilict/share/BigOil/document_generator/datasets/documents_2021_12_28/30schl03_20211228_165901_3915613219_600_800.png,30schl03_20211228_165901_3915613219_600_800_mask.png,produto
18,6,37,12,154,234,191,246,154,234,191,234,191,246,154,246,sub_line_text,table_text,table_1,raleway,italic,10.0,30schl03_20211228_165901_3915613219_600_800.png,/scratch/parceirosbr/bigoilict/share/BigOil/document_generator/datasets/documents_2021_12_28/30schl03_20211228_165901_3915613219_600_800.png,30schl03_20211228_165901_3915613219_600_800_mask.png,produto
27,6,54,12,146,249,200,261,146,249,200,249,200,261,146,261,text,table_text,table_1,raleway,regular,10.0,30schl03_20211228_165901_3915613219_600_800.png,/scratch/parceirosbr/bigoilict/share/BigOil/document_generator/datasets/documents_2021_12_28/30schl03_20211228_165901_3915613219_600_800.png,30schl03_20211228_165901_3915613219_600_800_mask.png,intervenção
27,6,54,12,146,249,200,261,146,249,200,249,200,261,146,261,sub_line_text,table_text,table_1,raleway,regular,10.0,30schl03_20211228_165901_3915613219_600_800.png,/scratch/parceirosbr/bigoilict/share/BigOil/document_generator/datasets/documents_2021_12_28/30schl03_20211228_165901_3915613219_600_800.png,30schl03_20211228_165901_3915613219_600_800_mask.png,intervenção
18,6,37,12,308,114,345,126,308,114,345,114,345,126,308,126,text,table_text,table_1,raleway,bold,10.0,30schl03_20211228_165901_3915613219_600_800.png,/scratch/parceirosbr/bigoilict/share/BigOil/document_generator/datasets/documents_2021_12_28/30schl03_20211228_165901_3915613219_600_800.png,30schl03_20211228_165901_3915613219_600_800_mask.png,reunião
18,6,37,12,308,114,345,126,308,114,345,114,345,126,308,126,sub_line_text,table_text,table_1,raleway,bold,10.0,30schl03_20211228_165901_3915613219_600_800.png,/scratch/parceirosbr/bigoilict/share/BigOil/document_generator/datasets/documents_2021_12_28/30schl03_20211228_165901_3915613219_600_800.png,30schl03_20211228_165901_3915613219_600_800_mask.png,reunião
14,6,28,12,317,129,345,141,317,129,345,129,345,141,317,141,text,table_text,table_1,raleway,italic,10.0,30schl03_20211228_165901_3915613219_600_800.png,/scratch/parceirosbr/bigoilict/share/BigOil/document_generator/datasets/documents_2021_12_28/30schl03_20211228_165901_3915613219_600_800.png,30schl03_20211228_165901_3915613219_600_800_mask.png,19.199
14,6,28,12,317,129,345,141,317,129,345,129,345,141,317,141,sub_line_text,table_text,table_1,raleway,italic,10.0,30schl03_20211228_165901_3915613219_600_800.png,/scratch/parceirosbr/bigoilict/share/BigOil/document_generator/datasets/documents_2021_12_28/30schl03_20211228_165901_3915613219_600_800.png,30schl03_20211228_165901_3915613219_600_800_mask.png,19.199
14,6,29,12,316,144,345,156,316,144,345,144,345,156,316,156,text,table_text,table_1,raleway,italic,10.0,30schl03_20211228_165901_3915613219_600_800.png,/scratch/parceirosbr/bigoilict/share/BigOil/document_generator/datasets/documents_2021_12_28/30schl03_20211228_165901_3915613219_600_800.png,30schl03_20211228_165901_3915613219_600_800_mask.png,57.823
14,6,29,12,316,144,345,156,316,144,345,144,345,156,316,156,sub_line_text,table_text,table_1,raleway,italic,10.0,30schl03_20211228_165901_3915613219_600_800.png,/scratch/parceirosbr/bigoilict/share/BigOil/document_generator/datasets/documents_2021_12_28/30schl03_20211228_165901_3915613219_600_800.png,30schl03_20211228_165901_3915613219_600_800_mask.png,57.823
11,6,23,12,322,159,345,171,322,159,345,159,345,171,322,171,text,table_text,table_1,raleway,italic,10.0,30schl03_20211228_165901_3915613219_600_800.png,/scratch/parceirosbr/bigoilict/share/BigOil/document_generator/datasets/documents_2021_12_28/30schl03_20211228_165901_3915613219_600_800.png,30schl03_20211228_165901_3915613219_600_800_mask.png,2.012
11,6,23,12,322,159,345,171,322,159,345,159,345,171,322,171,sub_line_text,table_text,table_1,raleway,italic,10.0,30schl03_20211228_165901_3915613219_600_800.png,/scratch/parceirosbr/bigoilict/share/BigOil/document_generator/datasets/documents_2021_12_28/30schl03_20211228_165901_3915613219_600_800.png,30schl03_20211228_165901_3915613219_600_800_mask.png,2.012
18,6,36,12,309,174,345,186,309,174,345,174,345,186,309,186,text,table_text,table_1,raleway,italic,10.0,30schl03_20211228_165901_3915613219_600_800.png,/scratch/parceirosbr/bigoilict/share/BigOil/document_generator/datasets/documents_2021_12_28/30schl03_20211228_165901_3915613219_600_800.png,30schl03_20211228_165901_3915613219_600_800_mask.png,976.629
18,6,36,12,309,174,345,186,309,174,345,174,345,186,309,186,sub_line_text,table_text,table_1,raleway,italic,10.0,30schl03_20211228_165901_3915613219_600_800.png,/scratch/parceirosbr/bigoilict/share/BigOil/document_generator/datasets/documents_2021_12_28/30schl03_20211228_165901_3915613219_600_800.png,30schl03_20211228_165901_3915613219_600_800_mask.png,976.629
17,6,35,12,310,189,345,201,310,189,345,189,345,201,310,201,text,table_text,table_1,raleway,italic,10.0,30schl03_20211228_165901_3915613219_600_800.png,/scratch/parceirosbr/bigoilict/share/BigOil/document_generator/datasets/documents_2021_12_28/30schl03_20211228_165901_3915613219_600_800.png,30schl03_20211228_165901_3915613219_600_800_mask.png,942.057
17,6,35,12,310,189,345,201,310,189,345,189,345,201,310,201,sub_line_text,table_text,table_1,raleway,italic,10.0,30schl03_20211228_165901_3915613219_600_800.png,/scratch/parceirosbr/bigoilict/share/BigOil/document_generator/datasets/documents_2021_12_28/30schl03_20211228_165901_3915613219_600_800.png,30schl03_20211228_165901_3915613219_600_800_mask.png,942.057
18,6,36,12,309,204,345,216,309,204,345,204,345,216,309,216,text,table_text,table_1,raleway,italic,10.0,30schl03_20211228_165901_3915613219_600_800.png,/scratch/parceirosbr/bigoilict/share/BigOil/document_generator/datasets/documents_2021_12_28/30schl03_20211228_165901_3915613219_600_800.png,30schl03_20211228_165901_3915613219_600_800_mask.png,502.655
18,6,36,12,309,204,345,216,309,204,345,204,345,216,309,216,sub_line_text,table_text,table_1,raleway,italic,10.0,30schl03_20211228_165901_3915613219_600_800.png,/scratch/parceirosbr/bigoilict/share/BigOil/document_generator/datasets/documents_2021_12_28/30schl03_20211228_165901_3915613219_600_800.png,30schl03_20211228_165901_3915613219_600_800_mask.png,502.655
16,6,32,12,313,219,345,231,313,219,345,219,345,231,313,231,text,table_text,table_1,raleway,italic,10.0,30schl03_20211228_165901_3915613219_600_800.png,/scratch/parceirosbr/bigoilict/share/BigOil/document_generator/datasets/documents_2021_12_28/30schl03_20211228_165901_3915613219_600_800.png,30schl03_20211228_165901_3915613219_600_800_mask.png,952.371
16,6,32,12,313,219,345,231,313,219,345,219,345,231,313,231,sub_line_text,table_text,table_1,raleway,italic,10.0,30schl03_20211228_165901_3915613219_600_800.png,/scratch/parceirosbr/bigoilict/share/BigOil/document_generator/datasets/documents_2021_12_28/30schl03_20211228_165901_3915613219_600_800.png,30schl03_20211228_165901_3915613219_600_800_mask.png,952.371
18,6,36,12,309,234,345,246,309,234,345,234,345,246,309,246,text,table_text,table_1,raleway,italic,10.0,30schl03_20211228_165901_3915613219_600_800.png,/scratch/parceirosbr/bigoilict/share/BigOil/document_generator/datasets/documents_2021_12_28/30schl03_20211228_165901_3915613219_600_800.png,30schl03_20211228_165901_3915613219_600_800_mask.png,983.207
18,6,36,12,309,234,345,246,309,234,345,234,345,246,309,246,sub_line_text,table_text,table_1,raleway,italic,10.0,30schl03_20211228_165901_3915613219_600_800.png,/scratch/parceirosbr/bigoilict/share/BigOil/document_generator/datasets/documents_2021_12_28/30schl03_20211228_165901_3915613219_600_800.png,30schl03_20211228_165901_3915613219_600_800_mask.png,983.207
15,6,30,12,315,249,345,261,315,249,345,249,345,261,315,261,text,table_text,table_1,raleway,regular,10.0,30schl03_20211228_165901_3915613219_600_800.png,/scratch/parceirosbr/bigoilict/share/BigOil/document_generator/datasets/documents_2021_12_28/30schl03_20211228_165901_3915613219_600_800.png,30schl03_20211228_165901_3915613219_600_800_mask.png,91.898
15,6,30,12,315,249,345,261,315,249,345,249,345,261,315,261,sub_line_text,table_text,table_1,raleway,regular,10.0,30schl03_20211228_165901_3915613219_600_800.png,/scratch/parceirosbr/bigoilict/share/BigOil/document_generator/datasets/documents_2021_12_28/30schl03_20211228_165901_3915613219_600_800.png,30schl03_20211228_165901_3915613219_600_800_mask.png,91.898
186,6,373,12,7,304,380,316,7,304,380,304,380,316,7,316,sub_line_text,table_legend,table_2,arial,regular,10,30schl03_20211228_165901_3915613219_600_800.png,/scratch/parceirosbr/bigoilict/share/BigOil/document_generator/datasets/documents_2021_12_28/30schl03_20211228_165901_3915613219_600_800.png,30schl03_20211228_165901_3915613219_600_800_mask.png,These requirements speak of the need for the laboratory to clearly define a qu-
185,6,371,12,7,316,378,328,7,316,378,316,378,328,7,328,sub_line_text,table_legend,table_2,arial,regular,10,30schl03_20211228_165901_3915613219_600_800.png,/scratch/parceirosbr/bigoilict/share/BigOil/document_generator/datasets/documents_2021_12_28/30schl03_20211228_165901_3915613219_600_800.png,30schl03_20211228_165901_3915613219_600_800_mask.png,ality  policy  and how it can be done.Estas instabilidades na velocidade de giro
39,6,78,12,7,328,85,340,7,328,85,328,85,340,7,340,sub_line_text,table_legend,table_2,arial,regular,10,30schl03_20211228_165901_3915613219_600_800.png,/scratch/parceirosbr/bigoilict/share/BigOil/document_generator/datasets/documents_2021_12_28/30schl03_20211228_165901_3915613219_600_800.png,30schl03_20211228_165901_3915613219_600_800_mask.png,da broca pode.
186,18,373,36,7,304,380,340,7,304,380,304,380,340,7,340,text,table_legend,table_3,arial,regular,10,30schl03_20211228_165901_3915613219_600_800.png,/scratch/parceirosbr/bigoilict/share/BigOil/document_generator/datasets/documents_2021_12_28/30schl03_20211228_165901_3915613219_600_800.png,30schl03_20211228_165901_3915613219_600_800_mask.png,
138,94,276,189,56,391,332,580,56,391,332,391,332,580,56,580,table,table_image,table_4,,,,30schl03_20211228_165901_3915613219_600_800.png,/scratch/parceirosbr/bigoilict/share/BigOil/document_generator/datasets/documents_2021_12_28/30schl03_20211228_165901_3915613219_600_800.png,30schl03_20211228_165901_3915613219_600_800_mask.png,output/gen_tab_20211228_165908_3379782658.png
17,5,35,11,111,395,146,406,111,395,146,395,146,406,111,406,text,table_text,table_4,times,italic,10.0,30schl03_20211228_165901_3915613219_600_800.png,/scratch/parceirosbr/bigoilict/share/BigOil/document_generator/datasets/documents_2021_12_28/30schl03_20211228_165901_3915613219_600_800.png,30schl03_20211228_165901_3915613219_600_800_mask.png,consumo
17,5,35,11,111,395,146,406,111,395,146,395,146,406,111,406,sub_line_text,table_text,table_4,times,italic,10.0,30schl03_20211228_165901_3915613219_600_800.png,/scratch/parceirosbr/bigoilict/share/BigOil/document_generator/datasets/documents_2021_12_28/30schl03_20211228_165901_3915613219_600_800.png,30schl03_20211228_165901_3915613219_600_800_mask.png,consumo
29,5,58,11,88,409,146,420,88,409,146,409,146,420,88,420,text,table_text,table_4,times,bold,10.0,30schl03_20211228_165901_3915613219_600_800.png,/scratch/parceirosbr/bigoilict/share/BigOil/document_generator/datasets/documents_2021_12_28/30schl03_20211228_165901_3915613219_600_800.png,30schl03_20211228_165901_3915613219_600_800_mask.png,719405346.63
29,5,58,11,88,409,146,420,88,409,146,409,146,420,88,420,sub_line_text,table_text,table_4,times,bold,10.0,30schl03_20211228_165901_3915613219_600_800.png,/scratch/parceirosbr/bigoilict/share/BigOil/document_generator/datasets/documents_2021_12_28/30schl03_20211228_165901_3915613219_600_800.png,30schl03_20211228_165901_3915613219_600_800_mask.png,719405346.63
29,5,58,11,88,423,146,434,88,423,146,423,146,434,88,434,text,table_text,table_4,times,bold,10.0,30schl03_20211228_165901_3915613219_600_800.png,/scratch/parceirosbr/bigoilict/share/BigOil/document_generator/datasets/documents_2021_12_28/30schl03_20211228_165901_3915613219_600_800.png,30schl03_20211228_165901_3915613219_600_800_mask.png,741565553.48
29,5,58,11,88,423,146,434,88,423,146,423,146,434,88,434,sub_line_text,table_text,table_4,times,bold,10.0,30schl03_20211228_165901_3915613219_600_800.png,/scratch/parceirosbr/bigoilict/share/BigOil/document_generator/datasets/documents_2021_12_28/30schl03_20211228_165901_3915613219_600_800.png,30schl03_20211228_165901_3915613219_600_800_mask.png,741565553.48
29,5,58,11,88,437,146,448,88,437,146,437,146,448,88,448,text,table_text,table_4,times,bold,10.0,30schl03_20211228_165901_3915613219_600_800.png,/scratch/parceirosbr/bigoilict/share/BigOil/document_generator/datasets/documents_2021_12_28/30schl03_20211228_165901_3915613219_600_800.png,30schl03_20211228_165901_3915613219_600_800_mask.png,240473840.61
29,5,58,11,88,437,146,448,88,437,146,437,146,448,88,448,sub_line_text,table_text,table_4,times,bold,10.0,30schl03_20211228_165901_3915613219_600_800.png,/scratch/parceirosbr/bigoilict/share/BigOil/document_generator/datasets/documents_2021_12_28/30schl03_20211228_165901_3915613219_600_800.png,30schl03_20211228_165901_3915613219_600_800_mask.png,240473840.61
29,5,58,11,88,451,146,462,88,451,146,451,146,462,88,462,text,table_text,table_4,times,bold,10.0,30schl03_20211228_165901_3915613219_600_800.png,/scratch/parceirosbr/bigoilict/share/BigOil/document_generator/datasets/documents_2021_12_28/30schl03_20211228_165901_3915613219_600_800.png,30schl03_20211228_165901_3915613219_600_800_mask.png,719990862.61
29,5,58,11,88,451,146,462,88,451,146,451,146,462,88,462,sub_line_text,table_text,table_4,times,bold,10.0,30schl03_20211228_165901_3915613219_600_800.png,/scratch/parceirosbr/bigoilict/share/BigOil/document_generator/datasets/documents_2021_12_28/30schl03_20211228_165901_3915613219_600_800.png,30schl03_20211228_165901_3915613219_600_800_mask.png,719990862.61
29,5,58,11,88,465,146,476,88,465,146,465,146,476,88,476,text,table_text,table_4,times,bold,10.0,30schl03_20211228_165901_3915613219_600_800.png,/scratch/parceirosbr/bigoilict/share/BigOil/document_generator/datasets/documents_2021_12_28/30schl03_20211228_165901_3915613219_600_800.png,30schl03_20211228_165901_3915613219_600_800_mask.png,922726909.09
29,5,58,11,88,465,146,476,88,465,146,465,146,476,88,476,sub_line_text,table_text,table_4,times,bold,10.0,30schl03_20211228_165901_3915613219_600_800.png,/scratch/parceirosbr/bigoilict/share/BigOil/document_generator/datasets/documents_2021_12_28/30schl03_20211228_165901_3915613219_600_800.png,30schl03_20211228_165901_3915613219_600_800_mask.png,922726909.09
29,5,58,11,88,479,146,490,88,479,146,479,146,490,88,490,text,table_text,table_4,times,bold,10.0,30schl03_20211228_165901_3915613219_600_800.png,/scratch/parceirosbr/bigoilict/share/BigOil/document_generator/datasets/documents_2021_12_28/30schl03_20211228_165901_3915613219_600_800.png,30schl03_20211228_165901_3915613219_600_800_mask.png,231031505.71
29,5,58,11,88,479,146,490,88,479,146,479,146,490,88,490,sub_line_text,table_text,table_4,times,bold,10.0,30schl03_20211228_165901_3915613219_600_800.png,/scratch/parceirosbr/bigoilict/share/BigOil/document_generator/datasets/documents_2021_12_28/30schl03_20211228_165901_3915613219_600_800.png,30schl03_20211228_165901_3915613219_600_800_mask.png,231031505.71
29,5,58,11,88,493,146,504,88,493,146,493,146,504,88,504,text,table_text,table_4,times,bold,10.0,30schl03_20211228_165901_3915613219_600_800.png,/scratch/parceirosbr/bigoilict/share/BigOil/document_generator/datasets/documents_2021_12_28/30schl03_20211228_165901_3915613219_600_800.png,30schl03_20211228_165901_3915613219_600_800_mask.png,982958220.34
29,5,58,11,88,493,146,504,88,493,146,493,146,504,88,504,sub_line_text,table_text,table_4,times,bold,10.0,30schl03_20211228_165901_3915613219_600_800.png,/scratch/parceirosbr/bigoilict/share/BigOil/document_generator/datasets/documents_2021_12_28/30schl03_20211228_165901_3915613219_600_800.png,30schl03_20211228_165901_3915613219_600_800_mask.png,982958220.34
29,5,58,11,88,507,146,518,88,507,146,507,146,518,88,518,text,table_text,table_4,times,bold,10.0,30schl03_20211228_165901_3915613219_600_800.png,/scratch/parceirosbr/bigoilict/share/BigOil/document_generator/datasets/documents_2021_12_28/30schl03_20211228_165901_3915613219_600_800.png,30schl03_20211228_165901_3915613219_600_800_mask.png,939368960.31
29,5,58,11,88,507,146,518,88,507,146,507,146,518,88,518,sub_line_text,table_text,table_4,times,bold,10.0,30schl03_20211228_165901_3915613219_600_800.png,/scratch/parceirosbr/bigoilict/share/BigOil/document_generator/datasets/documents_2021_12_28/30schl03_20211228_165901_3915613219_600_800.png,30schl03_20211228_165901_3915613219_600_800_mask.png,939368960.31
29,5,58,11,88,521,146,532,88,521,146,521,146,532,88,532,text,table_text,table_4,times,bold,10.0,30schl03_20211228_165901_3915613219_600_800.png,/scratch/parceirosbr/bigoilict/share/BigOil/document_generator/datasets/documents_2021_12_28/30schl03_20211228_165901_3915613219_600_800.png,30schl03_20211228_165901_3915613219_600_800_mask.png,114345823.16
29,5,58,11,88,521,146,532,88,521,146,521,146,532,88,532,sub_line_text,table_text,table_4,times,bold,10.0,30schl03_20211228_165901_3915613219_600_800.png,/scratch/parceirosbr/bigoilict/share/BigOil/document_generator/datasets/documents_2021_12_28/30schl03_20211228_165901_3915613219_600_800.png,30schl03_20211228_165901_3915613219_600_800_mask.png,114345823.16
29,5,58,11,88,535,146,546,88,535,146,535,146,546,88,546,text,table_text,table_4,times,bold,10.0,30schl03_20211228_165901_3915613219_600_800.png,/scratch/parceirosbr/bigoilict/share/BigOil/document_generator/datasets/documents_2021_12_28/30schl03_20211228_165901_3915613219_600_800.png,30schl03_20211228_165901_3915613219_600_800_mask.png,445147126.01
29,5,58,11,88,535,146,546,88,535,146,535,146,546,88,546,sub_line_text,table_text,table_4,times,bold,10.0,30schl03_20211228_165901_3915613219_600_800.png,/scratch/parceirosbr/bigoilict/share/BigOil/document_generator/datasets/documents_2021_12_28/30schl03_20211228_165901_3915613219_600_800.png,30schl03_20211228_165901_3915613219_600_800_mask.png,445147126.01
29,5,58,11,88,549,146,560,88,549,146,549,146,560,88,560,text,table_text,table_4,times,bold,10.0,30schl03_20211228_165901_3915613219_600_800.png,/scratch/parceirosbr/bigoilict/share/BigOil/document_generator/datasets/documents_2021_12_28/30schl03_20211228_165901_3915613219_600_800.png,30schl03_20211228_165901_3915613219_600_800_mask.png,553131210.47
29,5,58,11,88,549,146,560,88,549,146,549,146,560,88,560,sub_line_text,table_text,table_4,times,bold,10.0,30schl03_20211228_165901_3915613219_600_800.png,/scratch/parceirosbr/bigoilict/share/BigOil/document_generator/datasets/documents_2021_12_28/30schl03_20211228_165901_3915613219_600_800.png,30schl03_20211228_165901_3915613219_600_800_mask.png,553131210.47
29,5,58,11,269,563,327,574,269,563,327,563,327,574,269,574,text,table_text,table_4,times,italic,10.0,30schl03_20211228_165901_3915613219_600_800.png,/scratch/parceirosbr/bigoilict/share/BigOil/document_generator/datasets/documents_2021_12_28/30schl03_20211228_165901_3915613219_600_800.png,30schl03_20211228_165901_3915613219_600_800_mask.png,854776536.13
29,5,58,11,269,563,327,574,269,563,327,563,327,574,269,574,sub_line_text,table_text,table_4,times,italic,10.0,30schl03_20211228_165901_3915613219_600_800.png,/scratch/parceirosbr/bigoilict/share/BigOil/document_generator/datasets/documents_2021_12_28/30schl03_20211228_165901_3915613219_600_800.png,30schl03_20211228_165901_3915613219_600_800_mask.png,854776536.13
16,5,33,11,189,395,222,406,189,395,222,395,222,406,189,406,text,table_text,table_4,times,italic,10.0,30schl03_20211228_165901_3915613219_600_800.png,/scratch/parceirosbr/bigoilict/share/BigOil/document_generator/datasets/documents_2021_12_28/30schl03_20211228_165901_3915613219_600_800.png,30schl03_20211228_165901_3915613219_600_800_mask.png,diversas
16,5,33,11,189,395,222,406,189,395,222,395,222,406,189,406,sub_line_text,table_text,table_4,times,italic,10.0,30schl03_20211228_165901_3915613219_600_800.png,/scratch/parceirosbr/bigoilict/share/BigOil/document_generator/datasets/documents_2021_12_28/30schl03_20211228_165901_3915613219_600_800.png,30schl03_20211228_165901_3915613219_600_800_mask.png,diversas
12,5,25,11,197,409,222,420,197,409,222,409,222,420,197,420,text,table_text,table_4,times,bold,10.0,30schl03_20211228_165901_3915613219_600_800.png,/scratch/parceirosbr/bigoilict/share/BigOil/document_generator/datasets/documents_2021_12_28/30schl03_20211228_165901_3915613219_600_800.png,30schl03_20211228_165901_3915613219_600_800_mask.png,95744
12,5,25,11,197,409,222,420,197,409,222,409,222,420,197,420,sub_line_text,table_text,table_4,times,bold,10.0,30schl03_20211228_165901_3915613219_600_800.png,/scratch/parceirosbr/bigoilict/share/BigOil/document_generator/datasets/documents_2021_12_28/30schl03_20211228_165901_3915613219_600_800.png,30schl03_20211228_165901_3915613219_600_800_mask.png,95744
17,5,35,11,187,423,222,434,187,423,222,423,222,434,187,434,text,table_text,table_4,times,bold,10.0,30schl03_20211228_165901_3915613219_600_800.png,/scratch/parceirosbr/bigoilict/share/BigOil/document_generator/datasets/documents_2021_12_28/30schl03_20211228_165901_3915613219_600_800.png,30schl03_20211228_165901_3915613219_600_800_mask.png,9712868
17,5,35,11,187,423,222,434,187,423,222,423,222,434,187,434,sub_line_text,table_text,table_4,times,bold,10.0,30schl03_20211228_165901_3915613219_600_800.png,/scratch/parceirosbr/bigoilict/share/BigOil/document_generator/datasets/documents_2021_12_28/30schl03_20211228_165901_3915613219_600_800.png,30schl03_20211228_165901_3915613219_600_800_mask.png,9712868
15,5,30,11,192,437,222,448,192,437,222,437,222,448,192,448,text,table_text,table_4,times,bold,10.0,30schl03_20211228_165901_3915613219_600_800.png,/scratch/parceirosbr/bigoilict/share/BigOil/document_generator/datasets/documents_2021_12_28/30schl03_20211228_165901_3915613219_600_800.png,30schl03_20211228_165901_3915613219_600_800_mask.png,589280
15,5,30,11,192,437,222,448,192,437,222,437,222,448,192,448,sub_line_text,table_text,table_4,times,bold,10.0,30schl03_20211228_165901_3915613219_600_800.png,/scratch/parceirosbr/bigoilict/share/BigOil/document_generator/datasets/documents_2021_12_28/30schl03_20211228_165901_3915613219_600_800.png,30schl03_20211228_165901_3915613219_600_800_mask.png,589280
15,5,30,11,192,451,222,462,192,451,222,451,222,462,192,462,text,table_text,table_4,times,bold,10.0,30schl03_20211228_165901_3915613219_600_800.png,/scratch/parceirosbr/bigoilict/share/BigOil/document_generator/datasets/documents_2021_12_28/30schl03_20211228_165901_3915613219_600_800.png,30schl03_20211228_165901_3915613219_600_800_mask.png,443702
15,5,30,11,192,451,222,462,192,451,222,451,222,462,192,462,sub_line_text,table_text,table_4,times,bold,10.0,30schl03_20211228_165901_3915613219_600_800.png,/scratch/parceirosbr/bigoilict/share/BigOil/document_generator/datasets/documents_2021_12_28/30schl03_20211228_165901_3915613219_600_800.png,30schl03_20211228_165901_3915613219_600_800_mask.png,443702
15,5,30,11,192,465,222,476,192,465,222,465,222,476,192,476,text,table_text,table_4,times,bold,10.0,30schl03_20211228_165901_3915613219_600_800.png,/scratch/parceirosbr/bigoilict/share/BigOil/document_generator/datasets/documents_2021_12_28/30schl03_20211228_165901_3915613219_600_800.png,30schl03_20211228_165901_3915613219_600_800_mask.png,625071
15,5,30,11,192,465,222,476,192,465,222,465,222,476,192,476,sub_line_text,table_text,table_4,times,bold,10.0,30schl03_20211228_165901_3915613219_600_800.png,/scratch/parceirosbr/bigoilict/share/BigOil/document_generator/datasets/documents_2021_12_28/30schl03_20211228_165901_3915613219_600_800.png,30schl03_20211228_165901_3915613219_600_800_mask.png,625071
17,5,35,11,187,479,222,490,187,479,222,479,222,490,187,490,text,table_text,table_4,times,bold,10.0,30schl03_20211228_165901_3915613219_600_800.png,/scratch/parceirosbr/bigoilict/share/BigOil/document_generator/datasets/documents_2021_12_28/30schl03_20211228_165901_3915613219_600_800.png,30schl03_20211228_165901_3915613219_600_800_mask.png,7629919
17,5,35,11,187,479,222,490,187,479,222,479,222,490,187,490,sub_line_text,table_text,table_4,times,bold,10.0,30schl03_20211228_165901_3915613219_600_800.png,/scratch/parceirosbr/bigoilict/share/BigOil/document_generator/datasets/documents_2021_12_28/30schl03_20211228_165901_3915613219_600_800.png,30schl03_20211228_165901_3915613219_600_800_mask.png,7629919
15,5,30,11,192,493,222,504,192,493,222,493,222,504,192,504,text,table_text,table_4,times,bold,10.0,30schl03_20211228_165901_3915613219_600_800.png,/scratch/parceirosbr/bigoilict/share/BigOil/document_generator/datasets/documents_2021_12_28/30schl03_20211228_165901_3915613219_600_800.png,30schl03_20211228_165901_3915613219_600_800_mask.png,258208
15,5,30,11,192,493,222,504,192,493,222,493,222,504,192,504,sub_line_text,table_text,table_4,times,bold,10.0,30schl03_20211228_165901_3915613219_600_800.png,/scratch/parceirosbr/bigoilict/share/BigOil/document_generator/datasets/documents_2021_12_28/30schl03_20211228_165901_3915613219_600_800.png,30schl03_20211228_165901_3915613219_600_800_mask.png,258208
12,5,25,11,197,507,222,518,197,507,222,507,222,518,197,518,text,table_text,table_4,times,bold,10.0,30schl03_20211228_165901_3915613219_600_800.png,/scratch/parceirosbr/bigoilict/share/BigOil/document_generator/datasets/documents_2021_12_28/30schl03_20211228_165901_3915613219_600_800.png,30schl03_20211228_165901_3915613219_600_800_mask.png,69507
12,5,25,11,197,507,222,518,197,507,222,507,222,518,197,518,sub_line_text,table_text,table_4,times,bold,10.0,30schl03_20211228_165901_3915613219_600_800.png,/scratch/parceirosbr/bigoilict/share/BigOil/document_generator/datasets/documents_2021_12_28/30schl03_20211228_165901_3915613219_600_800.png,30schl03_20211228_165901_3915613219_600_800_mask.png,69507
15,5,30,11,192,521,222,532,192,521,222,521,222,532,192,532,text,table_text,table_4,times,bold,10.0,30schl03_20211228_165901_3915613219_600_800.png,/scratch/parceirosbr/bigoilict/share/BigOil/document_generator/datasets/documents_2021_12_28/30schl03_20211228_165901_3915613219_600_800.png,30schl03_20211228_165901_3915613219_600_800_mask.png,628609
15,5,30,11,192,521,222,532,192,521,222,521,222,532,192,532,sub_line_text,table_text,table_4,times,bold,10.0,30schl03_20211228_165901_3915613219_600_800.png,/scratch/parceirosbr/bigoilict/share/BigOil/document_generator/datasets/documents_2021_12_28/30schl03_20211228_165901_3915613219_600_800.png,30schl03_20211228_165901_3915613219_600_800_mask.png,628609
12,5,25,11,197,535,222,546,197,535,222,535,222,546,197,546,text,table_text,table_4,times,bold,10.0,30schl03_20211228_165901_3915613219_600_800.png,/scratch/parceirosbr/bigoilict/share/BigOil/document_generator/datasets/documents_2021_12_28/30schl03_20211228_165901_3915613219_600_800.png,30schl03_20211228_165901_3915613219_600_800_mask.png,67911
12,5,25,11,197,535,222,546,197,535,222,535,222,546,197,546,sub_line_text,table_text,table_4,times,bold,10.0,30schl03_20211228_165901_3915613219_600_800.png,/scratch/parceirosbr/bigoilict/share/BigOil/document_generator/datasets/documents_2021_12_28/30schl03_20211228_165901_3915613219_600_800.png,30schl03_20211228_165901_3915613219_600_800_mask.png,67911
12,5,25,11,197,549,222,560,197,549,222,549,222,560,197,560,text,table_text,table_4,times,bold,10.0,30schl03_20211228_165901_3915613219_600_800.png,/scratch/parceirosbr/bigoilict/share/BigOil/document_generator/datasets/documents_2021_12_28/30schl03_20211228_165901_3915613219_600_800.png,30schl03_20211228_165901_3915613219_600_800_mask.png,80020
12,5,25,11,197,549,222,560,197,549,222,549,222,560,197,560,sub_line_text,table_text,table_4,times,bold,10.0,30schl03_20211228_165901_3915613219_600_800.png,/scratch/parceirosbr/bigoilict/share/BigOil/document_generator/datasets/documents_2021_12_28/30schl03_20211228_165901_3915613219_600_800.png,30schl03_20211228_165901_3915613219_600_800_mask.png,80020
25,5,51,11,276,395,327,406,276,395,327,395,327,406,276,406,text,table_text,table_4,times,italic,10.0,30schl03_20211228_165901_3915613219_600_800.png,/scratch/parceirosbr/bigoilict/share/BigOil/document_generator/datasets/documents_2021_12_28/30schl03_20211228_165901_3915613219_600_800.png,30schl03_20211228_165901_3915613219_600_800_mask.png,componentes
25,5,51,11,276,395,327,406,276,395,327,395,327,406,276,406,sub_line_text,table_text,table_4,times,italic,10.0,30schl03_20211228_165901_3915613219_600_800.png,/scratch/parceirosbr/bigoilict/share/BigOil/document_generator/datasets/documents_2021_12_28/30schl03_20211228_165901_3915613219_600_800.png,30schl03_20211228_165901_3915613219_600_800_mask.png,componentes
27,5,55,11,272,409,327,420,272,409,327,409,327,420,272,420,text,table_text,table_4,times,bold,10.0,30schl03_20211228_165901_3915613219_600_800.png,/scratch/parceirosbr/bigoilict/share/BigOil/document_generator/datasets/documents_2021_12_28/30schl03_20211228_165901_3915613219_600_800.png,30schl03_20211228_165901_3915613219_600_800_mask.png,74888369034
27,5,55,11,272,409,327,420,272,409,327,409,327,420,272,420,sub_line_text,table_text,table_4,times,bold,10.0,30schl03_20211228_165901_3915613219_600_800.png,/scratch/parceirosbr/bigoilict/share/BigOil/document_generator/datasets/documents_2021_12_28/30schl03_20211228_165901_3915613219_600_800.png,30schl03_20211228_165901_3915613219_600_800_mask.png,74888369034
27,5,55,11,272,423,327,434,272,423,327,423,327,434,272,434,text,table_text,table_4,times,bold,10.0,30schl03_20211228_165901_3915613219_600_800.png,/scratch/parceirosbr/bigoilict/share/BigOil/document_generator/datasets/documents_2021_12_28/30schl03_20211228_165901_3915613219_600_800.png,30schl03_20211228_165901_3915613219_600_800_mask.png,67268213460
27,5,55,11,272,423,327,434,272,423,327,423,327,434,272,434,sub_line_text,table_text,table_4,times,bold,10.0,30schl03_20211228_165901_3915613219_600_800.png,/scratch/parceirosbr/bigoilict/share/BigOil/document_generator/datasets/documents_2021_12_28/30schl03_20211228_165901_3915613219_600_800.png,30schl03_20211228_165901_3915613219_600_800_mask.png,67268213460
25,5,50,11,277,437,327,448,277,437,327,437,327,448,277,448,text,table_text,table_4,times,bold,10.0,30schl03_20211228_165901_3915613219_600_800.png,/scratch/parceirosbr/bigoilict/share/BigOil/document_generator/datasets/documents_2021_12_28/30schl03_20211228_165901_3915613219_600_800.png,30schl03_20211228_165901_3915613219_600_800_mask.png,6365246489
25,5,50,11,277,437,327,448,277,437,327,437,327,448,277,448,sub_line_text,table_text,table_4,times,bold,10.0,30schl03_20211228_165901_3915613219_600_800.png,/scratch/parceirosbr/bigoilict/share/BigOil/document_generator/datasets/documents_2021_12_28/30schl03_20211228_165901_3915613219_600_800.png,30schl03_20211228_165901_3915613219_600_800_mask.png,6365246489
25,5,50,11,277,451,327,462,277,451,327,451,327,462,277,462,text,table_text,table_4,times,bold,10.0,30schl03_20211228_165901_3915613219_600_800.png,/scratch/parceirosbr/bigoilict/share/BigOil/document_generator/datasets/documents_2021_12_28/30schl03_20211228_165901_3915613219_600_800.png,30schl03_20211228_165901_3915613219_600_800_mask.png,2279984446
25,5,50,11,277,451,327,462,277,451,327,451,327,462,277,462,sub_line_text,table_text,table_4,times,bold,10.0,30schl03_20211228_165901_3915613219_600_800.png,/scratch/parceirosbr/bigoilict/share/BigOil/document_generator/datasets/documents_2021_12_28/30schl03_20211228_165901_3915613219_600_800.png,30schl03_20211228_165901_3915613219_600_800_mask.png,2279984446
22,5,45,11,282,465,327,476,282,465,327,465,327,476,282,476,text,table_text,table_4,times,bold,10.0,30schl03_20211228_165901_3915613219_600_800.png,/scratch/parceirosbr/bigoilict/share/BigOil/document_generator/datasets/documents_2021_12_28/30schl03_20211228_165901_3915613219_600_800.png,30schl03_20211228_165901_3915613219_600_800_mask.png,268680063
22,5,45,11,282,465,327,476,282,465,327,465,327,476,282,476,sub_line_text,table_text,table_4,times,bold,10.0,30schl03_20211228_165901_3915613219_600_800.png,/scratch/parceirosbr/bigoilict/share/BigOil/document_generator/datasets/documents_2021_12_28/30schl03_20211228_165901_3915613219_600_800.png,30schl03_20211228_165901_3915613219_600_800_mask.png,268680063
25,5,50,11,277,479,327,490,277,479,327,479,327,490,277,490,text,table_text,table_4,times,bold,10.0,30schl03_20211228_165901_3915613219_600_800.png,/scratch/parceirosbr/bigoilict/share/BigOil/document_generator/datasets/documents_2021_12_28/30schl03_20211228_165901_3915613219_600_800.png,30schl03_20211228_165901_3915613219_600_800_mask.png,5300289489
25,5,50,11,277,479,327,490,277,479,327,479,327,490,277,490,sub_line_text,table_text,table_4,times,bold,10.0,30schl03_20211228_165901_3915613219_600_800.png,/scratch/parceirosbr/bigoilict/share/BigOil/document_generator/datasets/documents_2021_12_28/30schl03_20211228_165901_3915613219_600_800.png,30schl03_20211228_165901_3915613219_600_800_mask.png,5300289489
22,5,45,11,282,493,327,504,282,493,327,493,327,504,282,504,text,table_text,table_4,times,bold,10.0,30schl03_20211228_165901_3915613219_600_800.png,/scratch/parceirosbr/bigoilict/share/BigOil/document_generator/datasets/documents_2021_12_28/30schl03_20211228_165901_3915613219_600_800.png,30schl03_20211228_165901_3915613219_600_800_mask.png,848604452
22,5,45,11,282,493,327,504,282,493,327,493,327,504,282,504,sub_line_text,table_text,table_4,times,bold,10.0,30schl03_20211228_165901_3915613219_600_800.png,/scratch/parceirosbr/bigoilict/share/BigOil/document_generator/datasets/documents_2021_12_28/30schl03_20211228_165901_3915613219_600_800.png,30schl03_20211228_165901_3915613219_600_800_mask.png,848604452
25,5,50,11,277,507,327,518,277,507,327,507,327,518,277,518,text,table_text,table_4,times,bold,10.0,30schl03_20211228_165901_3915613219_600_800.png,/scratch/parceirosbr/bigoilict/share/BigOil/document_generator/datasets/documents_2021_12_28/30schl03_20211228_165901_3915613219_600_800.png,30schl03_20211228_165901_3915613219_600_800_mask.png,7263003782
25,5,50,11,277,507,327,518,277,507,327,507,327,518,277,518,sub_line_text,table_text,table_4,times,bold,10.0,30schl03_20211228_165901_3915613219_600_800.png,/scratch/parceirosbr/bigoilict/share/BigOil/document_generator/datasets/documents_2021_12_28/30schl03_20211228_165901_3915613219_600_800.png,30schl03_20211228_165901_3915613219_600_800_mask.png,7263003782
27,5,55,11,272,521,327,532,272,521,327,521,327,532,272,532,text,table_text,table_4,times,bold,10.0,30schl03_20211228_165901_3915613219_600_800.png,/scratch/parceirosbr/bigoilict/share/BigOil/document_generator/datasets/documents_2021_12_28/30schl03_20211228_165901_3915613219_600_800.png,30schl03_20211228_165901_3915613219_600_800_mask.png,72540672099
27,5,55,11,272,521,327,532,272,521,327,521,327,532,272,532,sub_line_text,table_text,table_4,times,bold,10.0,30schl03_20211228_165901_3915613219_600_800.png,/scratch/parceirosbr/bigoilict/share/BigOil/document_generator/datasets/documents_2021_12_28/30schl03_20211228_165901_3915613219_600_800.png,30schl03_20211228_165901_3915613219_600_800_mask.png,72540672099
25,5,50,11,277,535,327,546,277,535,327,535,327,546,277,546,text,table_text,table_4,times,bold,10.0,30schl03_20211228_165901_3915613219_600_800.png,/scratch/parceirosbr/bigoilict/share/BigOil/document_generator/datasets/documents_2021_12_28/30schl03_20211228_165901_3915613219_600_800.png,30schl03_20211228_165901_3915613219_600_800_mask.png,3080130004
25,5,50,11,277,535,327,546,277,535,327,535,327,546,277,546,sub_line_text,table_text,table_4,times,bold,10.0,30schl03_20211228_165901_3915613219_600_800.png,/scratch/parceirosbr/bigoilict/share/BigOil/document_generator/datasets/documents_2021_12_28/30schl03_20211228_165901_3915613219_600_800.png,30schl03_20211228_165901_3915613219_600_800_mask.png,3080130004
27,5,55,11,272,549,327,560,272,549,327,549,327,560,272,560,text,table_text,table_4,times,bold,10.0,30schl03_20211228_165901_3915613219_600_800.png,/scratch/parceirosbr/bigoilict/share/BigOil/document_generator/datasets/documents_2021_12_28/30schl03_20211228_165901_3915613219_600_800.png,30schl03_20211228_165901_3915613219_600_800_mask.png,30657372537
27,5,55,11,272,549,327,560,272,549,327,549,327,560,272,560,sub_line_text,table_text,table_4,times,bold,10.0,30schl03_20211228_165901_3915613219_600_800.png,/scratch/parceirosbr/bigoilict/share/BigOil/document_generator/datasets/documents_2021_12_28/30schl03_20211228_165901_3915613219_600_800.png,30schl03_20211228_165901_3915613219_600_800_mask.png,30657372537
8,6,17,12,395,12,412,24,395,12,412,12,412,24,395,24,sub_line_text,subtitle,subtitle_0,arial,bold,11,30schl03_20211228_165901_3915613219_600_800.png,/scratch/parceirosbr/bigoilict/share/BigOil/document_generator/datasets/documents_2021_12_28/30schl03_20211228_165901_3915613219_600_800.png,30schl03_20211228_165901_3915613219_600_800_mask.png,In
8,6,17,12,395,12,412,24,395,12,412,12,412,24,395,24,title,subtitle,subtitle_1,arial,bold,11,30schl03_20211228_165901_3915613219_600_800.png,/scratch/parceirosbr/bigoilict/share/BigOil/document_generator/datasets/documents_2021_12_28/30schl03_20211228_165901_3915613219_600_800.png,30schl03_20211228_165901_3915613219_600_800_mask.png,
89,6,179,12,395,31,574,43,395,31,574,31,574,43,395,43,sub_line_text,text,text_0,arial,regular,10,30schl03_20211228_165901_3915613219_600_800.png,/scratch/parceirosbr/bigoilict/share/BigOil/document_generator/datasets/documents_2021_12_28/30schl03_20211228_165901_3915613219_600_800.png,30schl03_20211228_165901_3915613219_600_800_mask.png,A  segunda  parametrização originou
89,6,178,12,395,43,573,55,395,43,573,43,573,55,395,55,sub_line_text,text,text_0,arial,regular,10,30schl03_20211228_165901_3915613219_600_800.png,/scratch/parceirosbr/bigoilict/share/BigOil/document_generator/datasets/documents_2021_12_28/30schl03_20211228_165901_3915613219_600_800.png,30schl03_20211228_165901_3915613219_600_800_mask.png,"melhores  resultados  que a primeira,"
88,6,177,12,395,55,572,67,395,55,572,55,572,67,395,67,sub_line_text,text,text_0,arial,regular,10,30schl03_20211228_165901_3915613219_600_800.png,/scratch/parceirosbr/bigoilict/share/BigOil/document_generator/datasets/documents_2021_12_28/30schl03_20211228_165901_3915613219_600_800.png,30schl03_20211228_165901_3915613219_600_800_mask.png,"utilizando  600coecientes,  resultado"
88,6,177,12,395,67,572,79,395,67,572,67,572,79,395,79,sub_line_text,text,text_0,arial,regular,10,30schl03_20211228_165901_3915613219_600_800.png,/scratch/parceirosbr/bigoilict/share/BigOil/document_generator/datasets/documents_2021_12_28/30schl03_20211228_165901_3915613219_600_800.png,30schl03_20211228_165901_3915613219_600_800_mask.png,que  já  era  esperado pelo aumento
89,6,179,12,395,79,574,91,395,79,574,79,574,91,395,91,sub_line_text,text,text_0,arial,regular,10,30schl03_20211228_165901_3915613219_600_800.png,/scratch/parceirosbr/bigoilict/share/BigOil/document_generator/datasets/documents_2021_12_28/30schl03_20211228_165901_3915613219_600_800.png,30schl03_20211228_165901_3915613219_600_800_mask.png,da quantidade de parâmetros.Estab-
88,6,177,12,395,91,572,103,395,91,572,91,572,103,395,103,sub_line_text,text,text_0,arial,regular,10,30schl03_20211228_165901_3915613219_600_800.png,/scratch/parceirosbr/bigoilict/share/BigOil/document_generator/datasets/documents_2021_12_28/30schl03_20211228_165901_3915613219_600_800.png,30schl03_20211228_165901_3915613219_600_800_mask.png,elece  os preços mínimos dos petról-
89,6,178,12,395,103,573,115,395,103,573,103,573,115,395,115,sub_line_text,text,text_0,arial,regular,10,30schl03_20211228_165901_3915613219_600_800.png,/scratch/parceirosbr/bigoilict/share/BigOil/document_generator/datasets/documents_2021_12_28/30schl03_20211228_165901_3915613219_600_800.png,30schl03_20211228_165901_3915613219_600_800_mask.png,eos produzidos no mês de agosto d-
89,6,178,12,395,115,573,127,395,115,573,115,573,127,395,127,sub_line_text,text,text_0,arial,regular,10,30schl03_20211228_165901_3915613219_600_800.png,/scratch/parceirosbr/bigoilict/share/BigOil/document_generator/datasets/documents_2021_12_28/30schl03_20211228_165901_3915613219_600_800.png,30schl03_20211228_165901_3915613219_600_800_mask.png,"e  2016, nos campos das áreas con-"
89,6,178,12,395,127,573,139,395,127,573,127,573,139,395,139,sub_line_text,text,text_0,arial,regular,10,30schl03_20211228_165901_3915613219_600_800.png,/scratch/parceirosbr/bigoilict/share/BigOil/document_generator/datasets/documents_2021_12_28/30schl03_20211228_165901_3915613219_600_800.png,30schl03_20211228_165901_3915613219_600_800_mask.png,cedidas  pela para exploração e pro-
88,6,177,12,395,139,572,151,395,139,572,139,572,151,395,151,sub_line_text,text,text_0,arial,regular,10,30schl03_20211228_165901_3915613219_600_800.png,/scratch/parceirosbr/bigoilict/share/BigOil/document_generator/datasets/documents_2021_12_28/30schl03_20211228_165901_3915613219_600_800.png,30schl03_20211228_165901_3915613219_600_800_mask.png,"dução  de  petróleo  e gás natural, a"
89,6,178,12,395,151,573,163,395,151,573,151,573,163,395,163,sub_line_text,text,text_0,arial,regular,10,30schl03_20211228_165901_3915613219_600_800.png,/scratch/parceirosbr/bigoilict/share/BigOil/document_generator/datasets/documents_2021_12_28/30schl03_20211228_165901_3915613219_600_800.png,30schl03_20211228_165901_3915613219_600_800_mask.png,serem  adotados para fins de cálculo
89,6,178,12,395,163,573,175,395,163,573,163,573,175,395,175,sub_line_text,text,text_0,arial,regular,10,30schl03_20211228_165901_3915613219_600_800.png,/scratch/parceirosbr/bigoilict/share/BigOil/document_generator/datasets/documents_2021_12_28/30schl03_20211228_165901_3915613219_600_800.png,30schl03_20211228_165901_3915613219_600_800_mask.png,das  participações governa-mentais.-
89,6,178,12,395,175,573,187,395,175,573,175,573,187,395,187,sub_line_text,text,text_0,arial,regular,10,30schl03_20211228_165901_3915613219_600_800.png,/scratch/parceirosbr/bigoilict/share/BigOil/document_generator/datasets/documents_2021_12_28/30schl03_20211228_165901_3915613219_600_800.png,30schl03_20211228_165901_3915613219_600_800_mask.png,A  área alvo está localizada na porç-
89,6,178,12,395,187,573,199,395,187,573,187,573,199,395,199,sub_line_text,text,text_0,arial,regular,10,30schl03_20211228_165901_3915613219_600_800.png,/scratch/parceirosbr/bigoilict/share/BigOil/document_generator/datasets/documents_2021_12_28/30schl03_20211228_165901_3915613219_600_800.png,30schl03_20211228_165901_3915613219_600_800_mask.png,ão  centro-oriental  da  do em meio à
37,6,74,12,395,199,469,211,395,199,469,199,469,211,395,211,sub_line_text,text,text_0,arial,regular,10,30schl03_20211228_165901_3915613219_600_800.png,/scratch/parceirosbr/bigoilict/share/BigOil/document_generator/datasets/documents_2021_12_28/30schl03_20211228_165901_3915613219_600_800.png,30schl03_20211228_165901_3915613219_600_800_mask.png,depressão do.
89,90,179,180,395,31,574,211,395,31,574,31,574,211,395,211,text,text,text_1,arial,regular,10,30schl03_20211228_165901_3915613219_600_800.png,/scratch/parceirosbr/bigoilict/share/BigOil/document_generator/datasets/documents_2021_12_28/30schl03_20211228_165901_3915613219_600_800.png,30schl03_20211228_165901_3915613219_600_800_mask.png,
11,6,22,12,395,233,417,245,395,233,417,233,417,245,395,245,sub_line_text,subtitle,subtitle_1,arial,bold,11,30schl03_20211228_165901_3915613219_600_800.png,/scratch/parceirosbr/bigoilict/share/BigOil/document_generator/datasets/documents_2021_12_28/30schl03_20211228_165901_3915613219_600_800.png,30schl03_20211228_165901_3915613219_600_800_mask.png,No
11,6,22,12,395,233,417,245,395,233,417,233,417,245,395,245,title,subtitle,subtitle_2,arial,bold,11,30schl03_20211228_165901_3915613219_600_800.png,/scratch/parceirosbr/bigoilict/share/BigOil/document_generator/datasets/documents_2021_12_28/30schl03_20211228_165901_3915613219_600_800.png,30schl03_20211228_165901_3915613219_600_800_mask.png,
89,6,179,12,395,249,574,261,395,249,574,249,574,261,395,261,sub_line_text,text,text_1,arial,regular,10,30schl03_20211228_165901_3915613219_600_800.png,/scratch/parceirosbr/bigoilict/share/BigOil/document_generator/datasets/documents_2021_12_28/30schl03_20211228_165901_3915613219_600_800.png,30schl03_20211228_165901_3915613219_600_800_mask.png,A  distância  média  de transporte de
88,6,177,12,395,261,572,273,395,261,572,261,572,273,395,273,sub_line_text,text,text_1,arial,regular,10,30schl03_20211228_165901_3915613219_600_800.png,/scratch/parceirosbr/bigoilict/share/BigOil/document_generator/datasets/documents_2021_12_28/30schl03_20211228_165901_3915613219_600_800.png,30schl03_20211228_165901_3915613219_600_800_mask.png,óleo  de soja até à usina de biodies-
89,6,179,12,395,273,574,285,395,273,574,273,574,285,395,285,sub_line_text,text,text_1,arial,regular,10,30schl03_20211228_165901_3915613219_600_800.png,/scratch/parceirosbr/bigoilict/share/BigOil/document_generator/datasets/documents_2021_12_28/30schl03_20211228_165901_3915613219_600_800.png,30schl03_20211228_165901_3915613219_600_800_mask.png,"el  de.Assim, metodologias de proce-"
89,6,179,12,395,285,574,297,395,285,574,285,574,297,395,297,sub_line_text,text,text_1,arial,regular,10,30schl03_20211228_165901_3915613219_600_800.png,/scratch/parceirosbr/bigoilict/share/BigOil/document_generator/datasets/documents_2021_12_28/30schl03_20211228_165901_3915613219_600_800.png,30schl03_20211228_165901_3915613219_600_800_mask.png,ssamento digital devem ser aplicada-
89,6,178,12,395,297,573,309,395,297,573,297,573,309,395,309,sub_line_text,text,text_1,arial,regular,10,30schl03_20211228_165901_3915613219_600_800.png,/scratch/parceirosbr/bigoilict/share/BigOil/document_generator/datasets/documents_2021_12_28/30schl03_20211228_165901_3915613219_600_800.png,30schl03_20211228_165901_3915613219_600_800_mask.png,s  a esses dados com a finalidade d-
89,6,178,12,395,309,573,321,395,309,573,309,573,321,395,321,sub_line_text,text,text_1,arial,regular,10,30schl03_20211228_165901_3915613219_600_800.png,/scratch/parceirosbr/bigoilict/share/BigOil/document_generator/datasets/documents_2021_12_28/30schl03_20211228_165901_3915613219_600_800.png,30schl03_20211228_165901_3915613219_600_800_mask.png,e  facilitar  a  extração da informação
89,6,179,12,395,321,574,333,395,321,574,321,574,333,395,333,sub_line_text,text,text_1,arial,regular,10,30schl03_20211228_165901_3915613219_600_800.png,/scratch/parceirosbr/bigoilict/share/BigOil/document_generator/datasets/documents_2021_12_28/30schl03_20211228_165901_3915613219_600_800.png,30schl03_20211228_165901_3915613219_600_800_mask.png,contida nas imagens e sua subsequ-
89,6,179,12,395,333,574,345,395,333,574,333,574,345,395,345,sub_line_text,text,text_1,arial,regular,10,30schl03_20211228_165901_3915613219_600_800.png,/scratch/parceirosbr/bigoilict/share/BigOil/document_generator/datasets/documents_2021_12_28/30schl03_20211228_165901_3915613219_600_800.png,30schl03_20211228_165901_3915613219_600_800_mask.png,ente  interpretação.We have to be p-
88,6,177,12,395,345,572,357,395,345,572,345,572,357,395,357,sub_line_text,text,text_1,arial,regular,10,30schl03_20211228_165901_3915613219_600_800.png,/scratch/parceirosbr/bigoilict/share/BigOil/document_generator/datasets/documents_2021_12_28/30schl03_20211228_165901_3915613219_600_800.png,30schl03_20211228_165901_3915613219_600_800_mask.png,repared for this scenario. technologi-
89,6,179,12,395,357,574,369,395,357,574,357,574,369,395,369,sub_line_text,text,text_1,arial,regular,10,30schl03_20211228_165901_3915613219_600_800.png,/scratch/parceirosbr/bigoilict/share/BigOil/document_generator/datasets/documents_2021_12_28/30schl03_20211228_165901_3915613219_600_800.png,30schl03_20211228_165901_3915613219_600_800_mask.png,cal  terms to the oil and natural gas i-
89,6,178,12,395,369,573,381,395,369,573,369,573,381,395,381,sub_line_text,text,text_1,arial,regular,10,30schl03_20211228_165901_3915613219_600_800.png,/scratch/parceirosbr/bigoilict/share/BigOil/document_generator/datasets/documents_2021_12_28/30schl03_20211228_165901_3915613219_600_800.png,30schl03_20211228_165901_3915613219_600_800_mask.png,ndustry ?.So I think she wants to ha-
88,6,177,12,395,381,572,393,395,381,572,381,572,393,395,393,sub_line_text,text,text_1,arial,regular,10,30schl03_20211228_165901_3915613219_600_800.png,/scratch/parceirosbr/bigoilict/share/BigOil/document_generator/datasets/documents_2021_12_28/30schl03_20211228_165901_3915613219_600_800.png,30schl03_20211228_165901_3915613219_600_800_mask.png,ve  that  power  in hand to show that
89,6,179,12,395,393,574,405,395,393,574,393,574,405,395,405,sub_line_text,text,text_1,arial,regular,10,30schl03_20211228_165901_3915613219_600_800.png,/scratch/parceirosbr/bigoilict/share/BigOil/document_generator/datasets/documents_2021_12_28/30schl03_20211228_165901_3915613219_600_800.png,30schl03_20211228_165901_3915613219_600_800_mask.png,she is the guy.The remuneration of t-
89,6,179,12,395,405,574,417,395,405,574,405,574,417,395,417,sub_line_text,text,text_1,arial,regular,10,30schl03_20211228_165901_3915613219_600_800.png,/scratch/parceirosbr/bigoilict/share/BigOil/document_generator/datasets/documents_2021_12_28/30schl03_20211228_165901_3915613219_600_800.png,30schl03_20211228_165901_3915613219_600_800_mask.png,he energy supplier for electric mobilit-
12,6,25,12,395,417,420,429,395,417,420,417,420,429,395,429,sub_line_text,text,text_1,arial,regular,10,30schl03_20211228_165901_3915613219_600_800.png,/scratch/parceirosbr/bigoilict/share/BigOil/document_generator/datasets/documents_2021_12_28/30schl03_20211228_165901_3915613219_600_800.png,30schl03_20211228_165901_3915613219_600_800_mask.png,y is.
89,90,179,180,395,249,574,429,395,249,574,249,574,429,395,429,text,text,text_2,arial,regular,10,30schl03_20211228_165901_3915613219_600_800.png,/scratch/parceirosbr/bigoilict/share/BigOil/document_generator/datasets/documents_2021_12_28/30schl03_20211228_165901_3915613219_600_800.png,30schl03_20211228_165901_3915613219_600_800_mask.png,
15,6,30,12,395,442,425,454,395,442,425,442,425,454,395,454,sub_line_text,subtitle,subtitle_2,arial,bold,11,30schl03_20211228_165901_3915613219_600_800.png,/scratch/parceirosbr/bigoilict/share/BigOil/document_generator/datasets/documents_2021_12_28/30schl03_20211228_165901_3915613219_600_800.png,30schl03_20211228_165901_3915613219_600_800_mask.png,This
15,6,30,12,395,442,425,454,395,442,425,442,425,454,395,454,title,subtitle,subtitle_3,arial,bold,11,30schl03_20211228_165901_3915613219_600_800.png,/scratch/parceirosbr/bigoilict/share/BigOil/document_generator/datasets/documents_2021_12_28/30schl03_20211228_165901_3915613219_600_800.png,30schl03_20211228_165901_3915613219_600_800_mask.png,
89,6,178,12,395,458,573,470,395,458,573,458,573,470,395,470,sub_line_text,text,text_2,arial,regular,10,30schl03_20211228_165901_3915613219_600_800.png,/scratch/parceirosbr/bigoilict/share/BigOil/document_generator/datasets/documents_2021_12_28/30schl03_20211228_165901_3915613219_600_800.png,30schl03_20211228_165901_3915613219_600_800_mask.png,"Seu mecanismo de formação, embo-"
89,6,179,12,395,470,574,482,395,470,574,470,574,482,395,482,sub_line_text,text,text_2,arial,regular,10,30schl03_20211228_165901_3915613219_600_800.png,/scratch/parceirosbr/bigoilict/share/BigOil/document_generator/datasets/documents_2021_12_28/30schl03_20211228_165901_3915613219_600_800.png,30schl03_20211228_165901_3915613219_600_800_mask.png,"ra  conhecido, ainda dispõe de pont-"
89,6,179,12,395,482,574,494,395,482,574,482,574,494,395,494,sub_line_text,text,text_2,arial,regular,10,30schl03_20211228_165901_3915613219_600_800.png,/scratch/parceirosbr/bigoilict/share/BigOil/document_generator/datasets/documents_2021_12_28/30schl03_20211228_165901_3915613219_600_800.png,30schl03_20211228_165901_3915613219_600_800_mask.png,os importantes a serem esclarecidos-
89,6,179,12,395,494,574,506,395,494,574,494,574,506,395,506,sub_line_text,text,text_2,arial,regular,10,30schl03_20211228_165901_3915613219_600_800.png,/scratch/parceirosbr/bigoilict/share/BigOil/document_generator/datasets/documents_2021_12_28/30schl03_20211228_165901_3915613219_600_800.png,30schl03_20211228_165901_3915613219_600_800_mask.png,", como a possível inibição da formaç-"
89,6,178,12,395,506,573,518,395,506,573,506,573,518,395,518,sub_line_text,text,text_2,arial,regular,10,30schl03_20211228_165901_3915613219_600_800.png,/scratch/parceirosbr/bigoilict/share/BigOil/document_generator/datasets/documents_2021_12_28/30schl03_20211228_165901_3915613219_600_800.png,30schl03_20211228_165901_3915613219_600_800_mask.png,ão  dos depósitos mediante molécul-
89,6,178,12,395,518,573,530,395,518,573,518,573,530,395,530,sub_line_text,text,text_2,arial,regular,10,30schl03_20211228_165901_3915613219_600_800.png,/scratch/parceirosbr/bigoilict/share/BigOil/document_generator/datasets/documents_2021_12_28/30schl03_20211228_165901_3915613219_600_800.png,30schl03_20211228_165901_3915613219_600_800_mask.png,"as presentes no petróleo cru, os asf-"
89,6,178,12,395,530,573,542,395,530,573,530,573,542,395,542,sub_line_text,text,text_2,arial,regular,10,30schl03_20211228_165901_3915613219_600_800.png,/scratch/parceirosbr/bigoilict/share/BigOil/document_generator/datasets/documents_2021_12_28/30schl03_20211228_165901_3915613219_600_800.png,30schl03_20211228_165901_3915613219_600_800_mask.png,altenos. 1 2 3 4.Os próximos capítul-
89,6,179,12,395,542,574,554,395,542,574,542,574,554,395,554,sub_line_text,text,text_2,arial,regular,10,30schl03_20211228_165901_3915613219_600_800.png,/scratch/parceirosbr/bigoilict/share/BigOil/document_generator/datasets/documents_2021_12_28/30schl03_20211228_165901_3915613219_600_800.png,30schl03_20211228_165901_3915613219_600_800_mask.png,os  deste  livro  debruçar-se-ão ainda
88,6,177,12,395,554,572,566,395,554,572,554,572,566,395,566,sub_line_text,text,text_2,arial,regular,10,30schl03_20211228_165901_3915613219_600_800.png,/scratch/parceirosbr/bigoilict/share/BigOil/document_generator/datasets/documents_2021_12_28/30schl03_20211228_165901_3915613219_600_800.png,30schl03_20211228_165901_3915613219_600_800_mask.png,com mais cuidado sobre tais questõ-
89,6,178,12,395,566,573,578,395,566,573,566,573,578,395,578,sub_line_text,text,text_2,arial,regular,10,30schl03_20211228_165901_3915613219_600_800.png,/scratch/parceirosbr/bigoilict/share/BigOil/document_generator/datasets/documents_2021_12_28/30schl03_20211228_165901_3915613219_600_800.png,30schl03_20211228_165901_3915613219_600_800_mask.png,"es, especialmente o capítulo seguin-"
88,6,177,12,395,578,572,590,395,578,572,578,572,590,395,590,sub_line_text,text,text_2,arial,regular,10,30schl03_20211228_165901_3915613219_600_800.png,/scratch/parceirosbr/bigoilict/share/BigOil/document_generator/datasets/documents_2021_12_28/30schl03_20211228_165901_3915613219_600_800.png,30schl03_20211228_165901_3915613219_600_800_mask.png,te que trata da fundamentação teór-
89,6,179,12,395,590,574,602,395,590,574,590,574,602,395,602,sub_line_text,text,text_2,arial,regular,10,30schl03_20211228_165901_3915613219_600_800.png,/scratch/parceirosbr/bigoilict/share/BigOil/document_generator/datasets/documents_2021_12_28/30schl03_20211228_165901_3915613219_600_800.png,30schl03_20211228_165901_3915613219_600_800_mask.png,ica  das  indústrias de rede. 8 apróxi-
88,6,177,12,395,602,572,614,395,602,572,602,572,614,395,614,sub_line_text,text,text_2,arial,regular,10,30schl03_20211228_165901_3915613219_600_800.png,/scratch/parceirosbr/bigoilict/share/BigOil/document_generator/datasets/documents_2021_12_28/30schl03_20211228_165901_3915613219_600_800.png,30schl03_20211228_165901_3915613219_600_800_mask.png,madécada  9.As informações releva-
89,6,178,12,395,614,573,626,395,614,573,614,573,626,395,626,sub_line_text,text,text_2,arial,regular,10,30schl03_20211228_165901_3915613219_600_800.png,/scratch/parceirosbr/bigoilict/share/BigOil/document_generator/datasets/documents_2021_12_28/30schl03_20211228_165901_3915613219_600_800.png,30schl03_20211228_165901_3915613219_600_800_mask.png,"ntes  ao  trabalho  foram filtradas, do"
89,6,178,12,395,626,573,638,395,626,573,626,573,638,395,638,sub_line_text,text,text_2,arial,regular,10,30schl03_20211228_165901_3915613219_600_800.png,/scratch/parceirosbr/bigoilict/share/BigOil/document_generator/datasets/documents_2021_12_28/30schl03_20211228_165901_3915613219_600_800.png,30schl03_20211228_165901_3915613219_600_800_mask.png,universo  de dados brutos adquirido-
89,6,178,12,395,638,573,650,395,638,573,638,573,650,395,650,sub_line_text,text,text_2,arial,regular,10,30schl03_20211228_165901_3915613219_600_800.png,/scratch/parceirosbr/bigoilict/share/BigOil/document_generator/datasets/documents_2021_12_28/30schl03_20211228_165901_3915613219_600_800.png,30schl03_20211228_165901_3915613219_600_800_mask.png,"s, com a utilização de uma rotina de-"
88,6,177,12,395,650,572,662,395,650,572,650,572,662,395,662,sub_line_text,text,text_2,arial,regular,10,30schl03_20211228_165901_3915613219_600_800.png,/scratch/parceirosbr/bigoilict/share/BigOil/document_generator/datasets/documents_2021_12_28/30schl03_20211228_165901_3915613219_600_800.png,30schl03_20211228_165901_3915613219_600_800_mask.png,senvolvida  na linguagem de progra-
89,6,179,12,395,662,574,674,395,662,574,662,574,674,395,674,sub_line_text,text,text_2,arial,regular,10,30schl03_20211228_165901_3915613219_600_800.png,/scratch/parceirosbr/bigoilict/share/BigOil/document_generator/datasets/documents_2021_12_28/30schl03_20211228_165901_3915613219_600_800.png,30schl03_20211228_165901_3915613219_600_800_mask.png,"mação  5.1  et  al.,  2006).The fusion"
88,6,177,12,395,674,572,686,395,674,572,674,572,686,395,686,sub_line_text,text,text_2,arial,regular,10,30schl03_20211228_165901_3915613219_600_800.png,/scratch/parceirosbr/bigoilict/share/BigOil/document_generator/datasets/documents_2021_12_28/30schl03_20211228_165901_3915613219_600_800.png,30schl03_20211228_165901_3915613219_600_800_mask.png,process of the images brings togeth-
89,6,178,12,395,686,573,698,395,686,573,686,573,698,395,698,sub_line_text,text,text_2,arial,regular,10,30schl03_20211228_165901_3915613219_600_800.png,/scratch/parceirosbr/bigoilict/share/BigOil/document_generator/datasets/documents_2021_12_28/30schl03_20211228_165901_3915613219_600_800.png,30schl03_20211228_165901_3915613219_600_800_mask.png,"er, in a single product, the best spat-"
89,6,178,12,395,698,573,710,395,698,573,698,573,710,395,710,sub_line_text,text,text_2,arial,regular,10,30schl03_20211228_165901_3915613219_600_800.png,/scratch/parceirosbr/bigoilict/share/BigOil/document_generator/datasets/documents_2021_12_28/30schl03_20211228_165901_3915613219_600_800.png,30schl03_20211228_165901_3915613219_600_800_mask.png,ial  resolution inherent to the panchr-
45,6,91,12,395,710,486,722,395,710,486,710,486,722,395,722,sub_line_text,text,text_2,arial,regular,10,30schl03_20211228_165901_3915613219_600_800.png,/scratch/parceirosbr/bigoilict/share/BigOil/document_generator/datasets/documents_2021_12_28/30schl03_20211228_165901_3915613219_600_800.png,30schl03_20211228_165901_3915613219_600_800_mask.png,"omatic band, with."
89,132,179,264,395,458,574,722,395,458,574,458,574,722,395,722,text,text,text_3,arial,regular,10,30schl03_20211228_165901_3915613219_600_800.png,/scratch/parceirosbr/bigoilict/share/BigOil/document_generator/datasets/documents_2021_12_28/30schl03_20211228_165901_3915613219_600_800.png,30schl03_20211228_165901_3915613219_600_800_mask.png,
