center_x,center_y,width,height,xmin,ymin,xmax,ymax,top_left_x,top_left_y,top_right_x,top_right_y,bottom_right_x,bottom_right_y,bottom_left_x,bottom_left_y,label,grouplabel,group,text_font,text_style,size_font,filename,path,filename_mask,content
300,400,600,800,0,0,600,800,0,0,600,0,600,800,0,800,document,,,,,,31schl04_20211228_165931_1242717811_600_800.png,/scratch/parceirosbr/bigoilict/share/BigOil/document_generator/datasets/documents_2021_12_28/31schl04_20211228_165931_1242717811_600_800.png,31schl04_20211228_165931_1242717811_600_800_mask.png,
20,7,41,14,13,30,54,44,13,31,54,30,54,43,13,44,sub_line_text,subtitle,subtitle_0,times,bold,11,31schl04_20211228_165931_1242717811_600_800.png,/scratch/parceirosbr/bigoilict/share/BigOil/document_generator/datasets/documents_2021_12_28/31schl04_20211228_165931_1242717811_600_800.png,31schl04_20211228_165931_1242717811_600_800_mask.png,Apesar
20,7,41,14,13,30,54,44,13,31,54,30,54,43,13,44,title,subtitle,subtitle_1,times,bold,11,31schl04_20211228_165931_1242717811_600_800.png,/scratch/parceirosbr/bigoilict/share/BigOil/document_generator/datasets/documents_2021_12_28/31schl04_20211228_165931_1242717811_600_800.png,31schl04_20211228_165931_1242717811_600_800_mask.png,
85,7,171,15,13,45,184,60,13,48,184,45,184,57,13,60,sub_line_text,text,text_0,times,regular,10,31schl04_20211228_165931_1242717811_600_800.png,/scratch/parceirosbr/bigoilict/share/BigOil/document_generator/datasets/documents_2021_12_28/31schl04_20211228_165931_1242717811_600_800.png,31schl04_20211228_165931_1242717811_600_800_mask.png,A  atuação  direta do através de empresas
86,7,173,15,13,56,186,71,13,59,185,56,186,68,14,71,sub_line_text,text,text_0,times,regular,10,31schl04_20211228_165931_1242717811_600_800.png,/scratch/parceirosbr/bigoilict/share/BigOil/document_generator/datasets/documents_2021_12_28/31schl04_20211228_165931_1242717811_600_800.png,31schl04_20211228_165931_1242717811_600_800_mask.png,"estatais  de  petróleo, está inserida dentro"
85,7,170,15,14,67,184,82,14,70,184,67,184,79,14,82,sub_line_text,text,text_0,times,regular,10,31schl04_20211228_165931_1242717811_600_800.png,/scratch/parceirosbr/bigoilict/share/BigOil/document_generator/datasets/documents_2021_12_28/31schl04_20211228_165931_1242717811_600_800.png,31schl04_20211228_165931_1242717811_600_800_mask.png,de  uma lógica geral de intervenção na e-
86,7,172,15,14,78,186,93,14,81,186,78,186,90,14,93,sub_line_text,text,text_0,times,regular,10,31schl04_20211228_165931_1242717811_600_800.png,/scratch/parceirosbr/bigoilict/share/BigOil/document_generator/datasets/documents_2021_12_28/31schl04_20211228_165931_1242717811_600_800.png,31schl04_20211228_165931_1242717811_600_800_mask.png,"conomia,  tendo diversas motivações.Im-"
85,7,171,15,14,89,185,104,14,92,185,89,185,101,14,104,sub_line_text,text,text_0,times,regular,10,31schl04_20211228_165931_1242717811_600_800.png,/scratch/parceirosbr/bigoilict/share/BigOil/document_generator/datasets/documents_2021_12_28/31schl04_20211228_165931_1242717811_600_800.png,31schl04_20211228_165931_1242717811_600_800_mask.png,age  of the southeastern region of July 1-
86,7,172,15,14,100,186,115,14,103,186,100,186,112,14,115,sub_line_text,text,text_0,times,regular,10,31schl04_20211228_165931_1242717811_600_800.png,/scratch/parceirosbr/bigoilict/share/BigOil/document_generator/datasets/documents_2021_12_28/31schl04_20211228_165931_1242717811_600_800.png,31schl04_20211228_165931_1242717811_600_800_mask.png,993;  (b) September 1996; (c) July 1997.
86,7,172,15,14,111,186,126,14,114,186,111,186,123,14,126,sub_line_text,text,text_0,times,regular,10,31schl04_20211228_165931_1242717811_600_800.png,/scratch/parceirosbr/bigoilict/share/BigOil/document_generator/datasets/documents_2021_12_28/31schl04_20211228_165931_1242717811_600_800.png,31schl04_20211228_165931_1242717811_600_800_mask.png,"undulations,  which were edited with the"
86,7,173,15,14,122,187,137,14,125,186,122,187,134,15,137,sub_line_text,text,text_0,times,regular,10,31schl04_20211228_165931_1242717811_600_800.png,/scratch/parceirosbr/bigoilict/share/BigOil/document_generator/datasets/documents_2021_12_28/31schl04_20211228_165931_1242717811_600_800.png,31schl04_20211228_165931_1242717811_600_800_mask.png,direction  of rotation of the meanders (V-
86,7,172,15,15,133,187,148,15,136,187,133,187,145,15,148,sub_line_text,text,text_0,times,regular,10,31schl04_20211228_165931_1242717811_600_800.png,/scratch/parceirosbr/bigoilict/share/BigOil/document_generator/datasets/documents_2021_12_28/31schl04_20211228_165931_1242717811_600_800.png,31schl04_20211228_165931_1242717811_600_800_mask.png,elhote  apud  2001)  16. 151.61.71.8 das
85,7,171,15,15,144,186,159,15,147,186,144,186,156,15,159,sub_line_text,text,text_0,times,regular,10,31schl04_20211228_165931_1242717811_600_800.png,/scratch/parceirosbr/bigoilict/share/BigOil/document_generator/datasets/documents_2021_12_28/31schl04_20211228_165931_1242717811_600_800.png,31schl04_20211228_165931_1242717811_600_800_mask.png,do  and on the Brazilian coast.Conforme
85,7,171,15,15,155,186,170,15,158,186,155,186,167,15,170,sub_line_text,text,text_0,times,regular,10,31schl04_20211228_165931_1242717811_600_800.png,/scratch/parceirosbr/bigoilict/share/BigOil/document_generator/datasets/documents_2021_12_28/31schl04_20211228_165931_1242717811_600_800.png,31schl04_20211228_165931_1242717811_600_800_mask.png,apresentado na seção a análise da compo-
85,7,171,15,15,166,186,181,15,169,186,166,186,178,15,181,sub_line_text,text,text_0,times,regular,10,31schl04_20211228_165931_1242717811_600_800.png,/scratch/parceirosbr/bigoilict/share/BigOil/document_generator/datasets/documents_2021_12_28/31schl04_20211228_165931_1242717811_600_800.png,31schl04_20211228_165931_1242717811_600_800_mask.png,sição  química da amostra iniciou-se pel-
85,7,171,15,15,177,186,192,15,180,185,177,186,189,16,192,sub_line_text,text,text_0,times,regular,10,31schl04_20211228_165931_1242717811_600_800.png,/scratch/parceirosbr/bigoilict/share/BigOil/document_generator/datasets/documents_2021_12_28/31schl04_20211228_165931_1242717811_600_800.png,31schl04_20211228_165931_1242717811_600_800_mask.png,a determinação de seu teor de água.Seco-
85,7,170,15,16,188,186,203,16,191,186,188,186,200,16,203,sub_line_text,text,text_0,times,regular,10,31schl04_20211228_165931_1242717811_600_800.png,/scratch/parceirosbr/bigoilict/share/BigOil/document_generator/datasets/documents_2021_12_28/31schl04_20211228_165931_1242717811_600_800.png,31schl04_20211228_165931_1242717811_600_800_mask.png,"nd, by signing the cooperation letter, th-"
85,7,171,15,16,199,187,214,16,202,187,199,187,211,16,214,sub_line_text,text,text_0,times,regular,10,31schl04_20211228_165931_1242717811_600_800.png,/scratch/parceirosbr/bigoilict/share/BigOil/document_generator/datasets/documents_2021_12_28/31schl04_20211228_165931_1242717811_600_800.png,31schl04_20211228_165931_1242717811_600_800_mask.png,e  Chinese  government not only opened
85,7,171,15,16,210,187,225,16,213,187,210,187,222,16,225,sub_line_text,text,text_0,times,regular,10,31schl04_20211228_165931_1242717811_600_800.png,/scratch/parceirosbr/bigoilict/share/BigOil/document_generator/datasets/documents_2021_12_28/31schl04_20211228_165931_1242717811_600_800.png,31schl04_20211228_165931_1242717811_600_800_mask.png,up  the  market for the company but also
85,7,171,15,16,221,187,236,16,224,187,221,187,233,16,236,sub_line_text,text,text_0,times,regular,10,31schl04_20211228_165931_1242717811_600_800.png,/scratch/parceirosbr/bigoilict/share/BigOil/document_generator/datasets/documents_2021_12_28/31schl04_20211228_165931_1242717811_600_800.png,31schl04_20211228_165931_1242717811_600_800_mask.png,guaranteed  the existence of the market f-
86,7,172,15,16,232,188,247,16,235,188,232,188,244,16,247,sub_line_text,text,text_0,times,regular,10,31schl04_20211228_165931_1242717811_600_800.png,/scratch/parceirosbr/bigoilict/share/BigOil/document_generator/datasets/documents_2021_12_28/31schl04_20211228_165931_1242717811_600_800.png,31schl04_20211228_165931_1242717811_600_800_mask.png,or  the one produced with the technology
86,7,172,15,16,243,188,258,16,246,187,243,188,255,17,258,sub_line_text,text,text_0,times,regular,10,31schl04_20211228_165931_1242717811_600_800.png,/scratch/parceirosbr/bigoilict/share/BigOil/document_generator/datasets/documents_2021_12_28/31schl04_20211228_165931_1242717811_600_800.png,31schl04_20211228_165931_1242717811_600_800_mask.png,thus  characterizing the market formation
85,7,171,15,17,254,188,269,17,257,188,254,188,266,17,269,sub_line_text,text,text_0,times,regular,10,31schl04_20211228_165931_1242717811_600_800.png,/scratch/parceirosbr/bigoilict/share/BigOil/document_generator/datasets/documents_2021_12_28/31schl04_20211228_165931_1242717811_600_800.png,31schl04_20211228_165931_1242717811_600_800_mask.png,function.Europe)  on  the permitting and
86,7,172,15,17,265,189,280,17,268,189,265,189,277,17,280,sub_line_text,text,text_0,times,regular,10,31schl04_20211228_165931_1242717811_600_800.png,/scratch/parceirosbr/bigoilict/share/BigOil/document_generator/datasets/documents_2021_12_28/31schl04_20211228_165931_1242717811_600_800.png,31schl04_20211228_165931_1242717811_600_800_mask.png,licensing of shale gas extraction in vario-
40,6,80,13,17,278,97,291,17,279,97,278,97,290,17,291,sub_line_text,text,text_0,times,regular,10,31schl04_20211228_165931_1242717811_600_800.png,/scratch/parceirosbr/bigoilict/share/BigOil/document_generator/datasets/documents_2021_12_28/31schl04_20211228_165931_1242717811_600_800.png,31schl04_20211228_165931_1242717811_600_800_mask.png,us work provided.
88,123,176,246,11,45,187,291,11,48,183,45,187,288,15,291,text,text,text_1,times,regular,10,31schl04_20211228_165931_1242717811_600_800.png,/scratch/parceirosbr/bigoilict/share/BigOil/document_generator/datasets/documents_2021_12_28/31schl04_20211228_165931_1242717811_600_800.png,31schl04_20211228_165931_1242717811_600_800_mask.png,
9,6,19,13,207,28,226,41,207,28,226,28,226,41,207,41,sub_line_text,subtitle,subtitle_1,times,bold,11,31schl04_20211228_165931_1242717811_600_800.png,/scratch/parceirosbr/bigoilict/share/BigOil/document_generator/datasets/documents_2021_12_28/31schl04_20211228_165931_1242717811_600_800.png,31schl04_20211228_165931_1242717811_600_800_mask.png,As
9,6,19,13,207,28,226,41,207,28,226,28,226,41,207,41,title,subtitle,subtitle_2,times,bold,11,31schl04_20211228_165931_1242717811_600_800.png,/scratch/parceirosbr/bigoilict/share/BigOil/document_generator/datasets/documents_2021_12_28/31schl04_20211228_165931_1242717811_600_800.png,31schl04_20211228_165931_1242717811_600_800_mask.png,
85,7,171,15,207,45,378,60,207,48,378,45,378,57,207,60,sub_line_text,text,text_1,times,regular,10,31schl04_20211228_165931_1242717811_600_800.png,/scratch/parceirosbr/bigoilict/share/BigOil/document_generator/datasets/documents_2021_12_28/31schl04_20211228_165931_1242717811_600_800.png,31schl04_20211228_165931_1242717811_600_800_mask.png,"Initially, the rapid transformation of tria-"
86,7,173,15,207,56,380,71,207,59,379,56,380,68,208,71,sub_line_text,text,text_1,times,regular,10,31schl04_20211228_165931_1242717811_600_800.png,/scratch/parceirosbr/bigoilict/share/BigOil/document_generator/datasets/documents_2021_12_28/31schl04_20211228_165931_1242717811_600_800.png,31schl04_20211228_165931_1242717811_600_800_mask.png,cylglycerides  into  diacylglycerides  and
86,7,172,15,208,67,380,82,208,70,380,67,380,79,208,82,sub_line_text,text,text_1,times,regular,10,31schl04_20211228_165931_1242717811_600_800.png,/scratch/parceirosbr/bigoilict/share/BigOil/document_generator/datasets/documents_2021_12_28/31schl04_20211228_165931_1242717811_600_800.png,31schl04_20211228_165931_1242717811_600_800_mask.png,monoacylglycerides  occurs.Neste sentid-
85,7,171,15,208,78,379,93,208,81,379,78,379,90,208,93,sub_line_text,text,text_1,times,regular,10,31schl04_20211228_165931_1242717811_600_800.png,/scratch/parceirosbr/bigoilict/share/BigOil/document_generator/datasets/documents_2021_12_28/31schl04_20211228_165931_1242717811_600_800.png,31schl04_20211228_165931_1242717811_600_800_mask.png,"o, é importante lembrar que, além do rit-"
85,7,170,15,208,89,378,104,208,92,378,89,378,101,208,104,sub_line_text,text,text_1,times,regular,10,31schl04_20211228_165931_1242717811_600_800.png,/scratch/parceirosbr/bigoilict/share/BigOil/document_generator/datasets/documents_2021_12_28/31schl04_20211228_165931_1242717811_600_800.png,31schl04_20211228_165931_1242717811_600_800_mask.png,"mo de aproveitamento das reservas, as c-"
85,7,170,15,208,100,378,115,208,103,378,100,378,112,208,115,sub_line_text,text,text_1,times,regular,10,31schl04_20211228_165931_1242717811_600_800.png,/scratch/parceirosbr/bigoilict/share/BigOil/document_generator/datasets/documents_2021_12_28/31schl04_20211228_165931_1242717811_600_800.png,31schl04_20211228_165931_1242717811_600_800_mask.png,aracterísticas  e  os incentivos do regime
86,7,172,15,208,111,380,126,208,114,380,111,380,123,208,126,sub_line_text,text,text_1,times,regular,10,31schl04_20211228_165931_1242717811_600_800.png,/scratch/parceirosbr/bigoilict/share/BigOil/document_generator/datasets/documents_2021_12_28/31schl04_20211228_165931_1242717811_600_800.png,31schl04_20211228_165931_1242717811_600_800_mask.png,fiscal  aplicado às atividades de exploraç-
85,7,171,15,208,122,379,137,208,125,378,122,379,134,209,137,sub_line_text,text,text_1,times,regular,10,31schl04_20211228_165931_1242717811_600_800.png,/scratch/parceirosbr/bigoilict/share/BigOil/document_generator/datasets/documents_2021_12_28/31schl04_20211228_165931_1242717811_600_800.png,31schl04_20211228_165931_1242717811_600_800_mask.png,ão  e produção de petróleo e gás são fun-
85,7,170,15,209,133,379,148,209,136,379,133,379,145,209,148,sub_line_text,text,text_1,times,regular,10,31schl04_20211228_165931_1242717811_600_800.png,/scratch/parceirosbr/bigoilict/share/BigOil/document_generator/datasets/documents_2021_12_28/31schl04_20211228_165931_1242717811_600_800.png,31schl04_20211228_165931_1242717811_600_800_mask.png,damentais para evitar efeitos indesejávei-
85,7,170,15,209,144,379,159,209,147,379,144,379,156,209,159,sub_line_text,text,text_1,times,regular,10,31schl04_20211228_165931_1242717811_600_800.png,/scratch/parceirosbr/bigoilict/share/BigOil/document_generator/datasets/documents_2021_12_28/31schl04_20211228_165931_1242717811_600_800.png,31schl04_20211228_165931_1242717811_600_800_mask.png,"s à economia do país, como o esgotame-"
85,7,171,15,209,155,380,170,209,158,380,155,380,167,209,170,sub_line_text,text,text_1,times,regular,10,31schl04_20211228_165931_1242717811_600_800.png,/scratch/parceirosbr/bigoilict/share/BigOil/document_generator/datasets/documents_2021_12_28/31schl04_20211228_165931_1242717811_600_800.png,31schl04_20211228_165931_1242717811_600_800_mask.png,nto  precoce das reservas ou a redução da
85,7,171,15,209,166,380,181,209,169,380,166,380,178,209,181,sub_line_text,text,text_1,times,regular,10,31schl04_20211228_165931_1242717811_600_800.png,/scratch/parceirosbr/bigoilict/share/BigOil/document_generator/datasets/documents_2021_12_28/31schl04_20211228_165931_1242717811_600_800.png,31schl04_20211228_165931_1242717811_600_800_mask.png,competitividade dos demais setores da e-
85,7,171,15,209,177,380,192,209,180,379,177,380,189,210,192,sub_line_text,text,text_1,times,regular,10,31schl04_20211228_165931_1242717811_600_800.png,/scratch/parceirosbr/bigoilict/share/BigOil/document_generator/datasets/documents_2021_12_28/31schl04_20211228_165931_1242717811_600_800.png,31schl04_20211228_165931_1242717811_600_800_mask.png,"conomia,  o que caracterizaria a chamada"
86,7,172,15,210,188,382,203,210,191,382,188,382,200,210,203,sub_line_text,text,text_1,times,regular,10,31schl04_20211228_165931_1242717811_600_800.png,/scratch/parceirosbr/bigoilict/share/BigOil/document_generator/datasets/documents_2021_12_28/31schl04_20211228_165931_1242717811_600_800.png,31schl04_20211228_165931_1242717811_600_800_mask.png,doença  holandesa25.Part of deployed m-
85,7,171,15,210,199,381,214,210,202,381,199,381,211,210,214,sub_line_text,text,text_1,times,regular,10,31schl04_20211228_165931_1242717811_600_800.png,/scratch/parceirosbr/bigoilict/share/BigOil/document_generator/datasets/documents_2021_12_28/31schl04_20211228_165931_1242717811_600_800.png,31schl04_20211228_165931_1242717811_600_800_mask.png,"ussels  (Mytilus edulis), semi-permeable"
86,7,172,15,210,210,382,225,210,213,382,210,382,222,210,225,sub_line_text,text,text_1,times,regular,10,31schl04_20211228_165931_1242717811_600_800.png,/scratch/parceirosbr/bigoilict/share/BigOil/document_generator/datasets/documents_2021_12_28/31schl04_20211228_165931_1242717811_600_800.png,31schl04_20211228_165931_1242717811_600_800_mask.png,"membrane  devices, and the model predi-"
86,7,172,15,210,221,382,236,210,224,382,221,382,233,210,236,sub_line_text,text,text_1,times,regular,10,31schl04_20211228_165931_1242717811_600_800.png,/scratch/parceirosbr/bigoilict/share/BigOil/document_generator/datasets/documents_2021_12_28/31schl04_20211228_165931_1242717811_600_800.png,31schl04_20211228_165931_1242717811_600_800_mask.png,ctions to estimate the dispersion of poly-
86,7,172,15,210,232,382,247,210,235,382,232,382,244,210,247,sub_line_text,text,text_1,times,regular,10,31schl04_20211228_165931_1242717811_600_800.png,/scratch/parceirosbr/bigoilict/share/BigOil/document_generator/datasets/documents_2021_12_28/31schl04_20211228_165931_1242717811_600_800.png,31schl04_20211228_165931_1242717811_600_800_mask.png,cyclic  aromatic hydrocarbons.Os resulta-
85,7,171,15,210,243,381,258,210,246,380,243,381,255,211,258,sub_line_text,text,text_1,times,regular,10,31schl04_20211228_165931_1242717811_600_800.png,/scratch/parceirosbr/bigoilict/share/BigOil/document_generator/datasets/documents_2021_12_28/31schl04_20211228_165931_1242717811_600_800.png,31schl04_20211228_165931_1242717811_600_800_mask.png,dos de e de indicam aumento após o cre-
85,7,171,15,211,254,382,269,211,257,382,254,382,266,211,269,sub_line_text,text,text_1,times,regular,10,31schl04_20211228_165931_1242717811_600_800.png,/scratch/parceirosbr/bigoilict/share/BigOil/document_generator/datasets/documents_2021_12_28/31schl04_20211228_165931_1242717811_600_800.png,31schl04_20211228_165931_1242717811_600_800_mask.png,scimento  dos fungos nos substratos.Du-
85,7,170,15,211,265,381,280,211,268,381,265,381,277,211,280,sub_line_text,text,text_1,times,regular,10,31schl04_20211228_165931_1242717811_600_800.png,/scratch/parceirosbr/bigoilict/share/BigOil/document_generator/datasets/documents_2021_12_28/31schl04_20211228_165931_1242717811_600_800.png,31schl04_20211228_165931_1242717811_600_800_mask.png,e to the mechanism performed by the jo-
29,6,59,13,211,277,270,290,211,278,270,277,270,289,211,290,sub_line_text,text,text_1,times,regular,10,31schl04_20211228_165931_1242717811_600_800.png,/scratch/parceirosbr/bigoilict/share/BigOil/document_generator/datasets/documents_2021_12_28/31schl04_20211228_165931_1242717811_600_800.png,31schl04_20211228_165931_1242717811_600_800_mask.png,int action of.
88,123,176,246,205,45,381,291,205,48,377,45,381,288,209,291,text,text,text_2,times,regular,10,31schl04_20211228_165931_1242717811_600_800.png,/scratch/parceirosbr/bigoilict/share/BigOil/document_generator/datasets/documents_2021_12_28/31schl04_20211228_165931_1242717811_600_800.png,31schl04_20211228_165931_1242717811_600_800_mask.png,
85,7,171,14,401,24,572,38,401,26,572,24,572,36,401,38,sub_line_text,text,text_2,times,regular,10,31schl04_20211228_165931_1242717811_600_800.png,/scratch/parceirosbr/bigoilict/share/BigOil/document_generator/datasets/documents_2021_12_28/31schl04_20211228_165931_1242717811_600_800.png,31schl04_20211228_165931_1242717811_600_800_mask.png,Obrigada. haver alguma coisa de semelh-
85,7,171,14,401,35,572,49,401,37,572,35,572,47,401,49,sub_line_text,text,text_2,times,regular,10,31schl04_20211228_165931_1242717811_600_800.png,/scratch/parceirosbr/bigoilict/share/BigOil/document_generator/datasets/documents_2021_12_28/31schl04_20211228_165931_1242717811_600_800.png,31schl04_20211228_165931_1242717811_600_800_mask.png,ante entre a por assim dizer eterna e o jo-
85,7,171,14,401,46,572,60,401,48,572,46,572,58,401,60,sub_line_text,text,text_2,times,regular,10,31schl04_20211228_165931_1242717811_600_800.png,/scratch/parceirosbr/bigoilict/share/BigOil/document_generator/datasets/documents_2021_12_28/31schl04_20211228_165931_1242717811_600_800.png,31schl04_20211228_165931_1242717811_600_800_mask.png,vem e ainda verde.Regarding the produc-
86,7,172,14,401,57,573,71,401,59,572,57,573,69,402,71,sub_line_text,text,text_2,times,regular,10,31schl04_20211228_165931_1242717811_600_800.png,/scratch/parceirosbr/bigoilict/share/BigOil/document_generator/datasets/documents_2021_12_28/31schl04_20211228_165931_1242717811_600_800.png,31schl04_20211228_165931_1242717811_600_800_mask.png,"t  label,  according to n 10/2007, proble-"
86,7,172,14,402,68,574,82,402,70,574,68,574,80,402,82,sub_line_text,text,text_2,times,regular,10,31schl04_20211228_165931_1242717811_600_800.png,/scratch/parceirosbr/bigoilict/share/BigOil/document_generator/datasets/documents_2021_12_28/31schl04_20211228_165931_1242717811_600_800.png,31schl04_20211228_165931_1242717811_600_800_mask.png,ms  were observed in 9.3% of the sampl-
86,7,172,14,402,79,574,93,402,81,574,79,574,91,402,93,sub_line_text,text,text_2,times,regular,10,31schl04_20211228_165931_1242717811_600_800.png,/scratch/parceirosbr/bigoilict/share/BigOil/document_generator/datasets/documents_2021_12_28/31schl04_20211228_165931_1242717811_600_800.png,31schl04_20211228_165931_1242717811_600_800_mask.png,es.Next  came marine fuel oil and aircraf-
85,7,170,14,402,90,572,104,402,92,572,90,572,102,402,104,sub_line_text,text,text_2,times,regular,10,31schl04_20211228_165931_1242717811_600_800.png,/scratch/parceirosbr/bigoilict/share/BigOil/document_generator/datasets/documents_2021_12_28/31schl04_20211228_165931_1242717811_600_800.png,31schl04_20211228_165931_1242717811_600_800_mask.png,"t fuels, with 30.8% and 16.9%, respecti-"
86,7,172,14,402,101,574,115,402,103,574,101,574,113,402,115,sub_line_text,text,text_2,times,regular,10,31schl04_20211228_165931_1242717811_600_800.png,/scratch/parceirosbr/bigoilict/share/BigOil/document_generator/datasets/documents_2021_12_28/31schl04_20211228_165931_1242717811_600_800.png,31schl04_20211228_165931_1242717811_600_800_mask.png,"vely,  of what was exported.A solução d-"
85,7,170,14,402,112,572,126,402,114,572,112,572,124,403,126,sub_line_text,text,text_2,times,regular,10,31schl04_20211228_165931_1242717811_600_800.png,/scratch/parceirosbr/bigoilict/share/BigOil/document_generator/datasets/documents_2021_12_28/31schl04_20211228_165931_1242717811_600_800.png,31schl04_20211228_165931_1242717811_600_800_mask.png,estes sistemas perpassa pela satisfação d-
86,7,172,14,403,123,575,137,403,125,574,123,575,135,403,137,sub_line_text,text,text_2,times,regular,10,31schl04_20211228_165931_1242717811_600_800.png,/scratch/parceirosbr/bigoilict/share/BigOil/document_generator/datasets/documents_2021_12_28/31schl04_20211228_165931_1242717811_600_800.png,31schl04_20211228_165931_1242717811_600_800_mask.png,e  3critérios:  sistema linear deve possuir
85,7,170,14,403,134,573,148,403,136,573,134,573,146,403,148,sub_line_text,text,text_2,times,regular,10,31schl04_20211228_165931_1242717811_600_800.png,/scratch/parceirosbr/bigoilict/share/BigOil/document_generator/datasets/documents_2021_12_28/31schl04_20211228_165931_1242717811_600_800.png,31schl04_20211228_165931_1242717811_600_800_mask.png,solução; solução deve ser única.For a gi-
85,7,171,14,403,145,574,159,403,147,574,145,574,157,403,159,sub_line_text,text,text_2,times,regular,10,31schl04_20211228_165931_1242717811_600_800.png,/scratch/parceirosbr/bigoilict/share/BigOil/document_generator/datasets/documents_2021_12_28/31schl04_20211228_165931_1242717811_600_800.png,31schl04_20211228_165931_1242717811_600_800_mask.png,ven  company to be qualified as C and t-
85,7,171,14,403,156,574,170,403,158,574,156,574,168,403,170,sub_line_text,text,text_2,times,regular,10,31schl04_20211228_165931_1242717811_600_800.png,/scratch/parceirosbr/bigoilict/share/BigOil/document_generator/datasets/documents_2021_12_28/31schl04_20211228_165931_1242717811_600_800.png,31schl04_20211228_165931_1242717811_600_800_mask.png,o  operate in the new blocks located in (-
86,7,172,14,403,167,575,181,403,169,575,167,575,179,403,181,sub_line_text,text,text_2,times,regular,10,31schl04_20211228_165931_1242717811_600_800.png,/scratch/parceirosbr/bigoilict/share/BigOil/document_generator/datasets/documents_2021_12_28/31schl04_20211228_165931_1242717811_600_800.png,31schl04_20211228_165931_1242717811_600_800_mask.png,"non-remote  areas) of, it must prove a gr-"
86,7,172,14,403,178,575,192,403,180,574,178,575,190,404,192,sub_line_text,text,text_2,times,regular,10,31schl04_20211228_165931_1242717811_600_800.png,/scratch/parceirosbr/bigoilict/share/BigOil/document_generator/datasets/documents_2021_12_28/31schl04_20211228_165931_1242717811_600_800.png,31schl04_20211228_165931_1242717811_600_800_mask.png,"eater  or equal to 3,800,000.00. 14.Whe-"
85,7,171,14,404,189,575,203,404,191,575,189,575,201,404,203,sub_line_text,text,text_2,times,regular,10,31schl04_20211228_165931_1242717811_600_800.png,/scratch/parceirosbr/bigoilict/share/BigOil/document_generator/datasets/documents_2021_12_28/31schl04_20211228_165931_1242717811_600_800.png,31schl04_20211228_165931_1242717811_600_800_mask.png,n  the  interface  reaches the lower region
85,7,170,14,404,200,574,214,404,202,574,200,574,212,404,214,sub_line_text,text,text_2,times,regular,10,31schl04_20211228_165931_1242717811_600_800.png,/scratch/parceirosbr/bigoilict/share/BigOil/document_generator/datasets/documents_2021_12_28/31schl04_20211228_165931_1242717811_600_800.png,31schl04_20211228_165931_1242717811_600_800_mask.png,"of  the capsule, large bubbles are formed"
85,7,171,14,404,211,575,225,404,213,575,211,575,223,404,225,sub_line_text,text,text_2,times,regular,10,31schl04_20211228_165931_1242717811_600_800.png,/scratch/parceirosbr/bigoilict/share/BigOil/document_generator/datasets/documents_2021_12_28/31schl04_20211228_165931_1242717811_600_800.png,31schl04_20211228_165931_1242717811_600_800_mask.png,"inside it, causing the phenomenon of ga-"
86,7,172,14,404,222,576,236,404,224,576,222,576,234,404,236,sub_line_text,text,text_2,times,regular,10,31schl04_20211228_165931_1242717811_600_800.png,/scratch/parceirosbr/bigoilict/share/BigOil/document_generator/datasets/documents_2021_12_28/31schl04_20211228_165931_1242717811_600_800.png,31schl04_20211228_165931_1242717811_600_800_mask.png,s  lock in the pump. 19.Esta questão ser-
85,7,170,14,404,233,574,247,404,235,574,233,574,245,404,247,sub_line_text,text,text_2,times,regular,10,31schl04_20211228_165931_1242717811_600_800.png,/scratch/parceirosbr/bigoilict/share/BigOil/document_generator/datasets/documents_2021_12_28/31schl04_20211228_165931_1242717811_600_800.png,31schl04_20211228_165931_1242717811_600_800_mask.png,"á tratada mais adiante, na seção 2.5. 2.4-"
86,7,172,14,404,244,576,258,404,246,575,244,576,256,405,258,sub_line_text,text,text_2,times,regular,10,31schl04_20211228_165931_1242717811_600_800.png,/scratch/parceirosbr/bigoilict/share/BigOil/document_generator/datasets/documents_2021_12_28/31schl04_20211228_165931_1242717811_600_800.png,31schl04_20211228_165931_1242717811_600_800_mask.png,.2  técnicos.During the immersion perio-
85,7,171,14,405,255,576,269,405,257,576,255,576,267,405,269,sub_line_text,text,text_2,times,regular,10,31schl04_20211228_165931_1242717811_600_800.png,/scratch/parceirosbr/bigoilict/share/BigOil/document_generator/datasets/documents_2021_12_28/31schl04_20211228_165931_1242717811_600_800.png,31schl04_20211228_165931_1242717811_600_800_mask.png,"d,  the following parameters were monit-"
15,6,30,12,405,267,435,279,405,267,435,267,435,279,405,279,sub_line_text,text,text_2,times,regular,10,31schl04_20211228_165931_1242717811_600_800.png,/scratch/parceirosbr/bigoilict/share/BigOil/document_generator/datasets/documents_2021_12_28/31schl04_20211228_165931_1242717811_600_800.png,31schl04_20211228_165931_1242717811_600_800_mask.png,ored:.
88,128,176,256,399,24,575,280,399,26,571,24,575,278,403,280,text,text,text_3,times,regular,10,31schl04_20211228_165931_1242717811_600_800.png,/scratch/parceirosbr/bigoilict/share/BigOil/document_generator/datasets/documents_2021_12_28/31schl04_20211228_165931_1242717811_600_800.png,31schl04_20211228_165931_1242717811_600_800_mask.png,
189,9,379,18,18,306,397,324,18,312,396,306,397,318,18,324,sub_line_text,table_legend,table_0,times,regular,10,31schl04_20211228_165931_1242717811_600_800.png,/scratch/parceirosbr/bigoilict/share/BigOil/document_generator/datasets/documents_2021_12_28/31schl04_20211228_165931_1242717811_600_800.png,31schl04_20211228_165931_1242717811_600_800_mask.png,Cada  um  desses fatores deve ser considerado ao determi-nar o valor da pressao de ambagem
189,9,379,18,18,317,397,335,18,323,397,317,397,329,18,335,sub_line_text,table_legend,table_0,times,regular,10,31schl04_20211228_165931_1242717811_600_800.png,/scratch/parceirosbr/bigoilict/share/BigOil/document_generator/datasets/documents_2021_12_28/31schl04_20211228_165931_1242717811_600_800.png,31schl04_20211228_165931_1242717811_600_800_mask.png,da estrutura.can contribute to expanding the information base of these mineral resources.Ass-
189,9,378,18,18,328,396,346,18,334,396,328,396,340,18,346,sub_line_text,table_legend,table_0,times,regular,10,31schl04_20211228_165931_1242717811_600_800.png,/scratch/parceirosbr/bigoilict/share/BigOil/document_generator/datasets/documents_2021_12_28/31schl04_20211228_165931_1242717811_600_800.png,31schl04_20211228_165931_1242717811_600_800_mask.png,"im,  de  modo a verificar em que proporção o diferencial de preços observado no produtor se"
41,6,83,13,18,344,101,357,18,345,101,344,101,356,18,357,sub_line_text,table_legend,table_0,times,regular,10,31schl04_20211228_165931_1242717811_600_800.png,/scratch/parceirosbr/bigoilict/share/BigOil/document_generator/datasets/documents_2021_12_28/31schl04_20211228_165931_1242717811_600_800.png,31schl04_20211228_165931_1242717811_600_800_mask.png,apresenta no preço.
190,25,380,51,17,306,397,357,17,312,396,306,397,351,18,357,text,table_legend,table_1,times,regular,10,31schl04_20211228_165931_1242717811_600_800.png,/scratch/parceirosbr/bigoilict/share/BigOil/document_generator/datasets/documents_2021_12_28/31schl04_20211228_165931_1242717811_600_800.png,31schl04_20211228_165931_1242717811_600_800_mask.png,
179,134,358,269,120,387,478,656,120,392,474,387,478,651,124,656,table,table_image,table_1,,,,31schl04_20211228_165931_1242717811_600_800.png,/scratch/parceirosbr/bigoilict/share/BigOil/document_generator/datasets/documents_2021_12_28/31schl04_20211228_165931_1242717811_600_800.png,31schl04_20211228_165931_1242717811_600_800_mask.png,output/gen_tab_20211228_165934_9405265947.png
4,6,9,12,294,395,303,407,294,395,303,395,303,407,294,407,text,table_text,table_1,times,regular,10.0,31schl04_20211228_165931_1242717811_600_800.png,/scratch/parceirosbr/bigoilict/share/BigOil/document_generator/datasets/documents_2021_12_28/31schl04_20211228_165931_1242717811_600_800.png,31schl04_20211228_165931_1242717811_600_800_mask.png,os
4,6,9,12,294,395,303,407,294,395,303,395,303,407,294,407,sub_line_text,table_text,table_1,times,regular,10.0,31schl04_20211228_165931_1242717811_600_800.png,/scratch/parceirosbr/bigoilict/share/BigOil/document_generator/datasets/documents_2021_12_28/31schl04_20211228_165931_1242717811_600_800.png,31schl04_20211228_165931_1242717811_600_800_mask.png,os
7,6,15,12,171,411,186,423,171,411,186,411,186,423,171,423,text,table_text,table_1,times,italic,10.0,31schl04_20211228_165931_1242717811_600_800.png,/scratch/parceirosbr/bigoilict/share/BigOil/document_generator/datasets/documents_2021_12_28/31schl04_20211228_165931_1242717811_600_800.png,31schl04_20211228_165931_1242717811_600_800_mask.png,979
7,6,15,12,171,411,186,423,171,411,186,411,186,423,171,423,sub_line_text,table_text,table_1,times,italic,10.0,31schl04_20211228_165931_1242717811_600_800.png,/scratch/parceirosbr/bigoilict/share/BigOil/document_generator/datasets/documents_2021_12_28/31schl04_20211228_165931_1242717811_600_800.png,31schl04_20211228_165931_1242717811_600_800_mask.png,979
5,6,11,12,176,425,187,437,176,425,186,425,187,437,177,437,text,table_text,table_1,times,italic,10.0,31schl04_20211228_165931_1242717811_600_800.png,/scratch/parceirosbr/bigoilict/share/BigOil/document_generator/datasets/documents_2021_12_28/31schl04_20211228_165931_1242717811_600_800.png,31schl04_20211228_165931_1242717811_600_800_mask.png,81
5,6,11,12,176,425,187,437,176,425,186,425,187,437,177,437,sub_line_text,table_text,table_1,times,italic,10.0,31schl04_20211228_165931_1242717811_600_800.png,/scratch/parceirosbr/bigoilict/share/BigOil/document_generator/datasets/documents_2021_12_28/31schl04_20211228_165931_1242717811_600_800.png,31schl04_20211228_165931_1242717811_600_800_mask.png,81
7,6,15,12,172,439,187,451,172,439,187,439,187,451,172,451,text,table_text,table_1,times,italic,10.0,31schl04_20211228_165931_1242717811_600_800.png,/scratch/parceirosbr/bigoilict/share/BigOil/document_generator/datasets/documents_2021_12_28/31schl04_20211228_165931_1242717811_600_800.png,31schl04_20211228_165931_1242717811_600_800_mask.png,575
7,6,15,12,172,439,187,451,172,439,187,439,187,451,172,451,sub_line_text,table_text,table_1,times,italic,10.0,31schl04_20211228_165931_1242717811_600_800.png,/scratch/parceirosbr/bigoilict/share/BigOil/document_generator/datasets/documents_2021_12_28/31schl04_20211228_165931_1242717811_600_800.png,31schl04_20211228_165931_1242717811_600_800_mask.png,575
7,6,15,12,172,453,187,465,172,453,187,453,187,465,172,465,text,table_text,table_1,times,italic,10.0,31schl04_20211228_165931_1242717811_600_800.png,/scratch/parceirosbr/bigoilict/share/BigOil/document_generator/datasets/documents_2021_12_28/31schl04_20211228_165931_1242717811_600_800.png,31schl04_20211228_165931_1242717811_600_800_mask.png,258
7,6,15,12,172,453,187,465,172,453,187,453,187,465,172,465,sub_line_text,table_text,table_1,times,italic,10.0,31schl04_20211228_165931_1242717811_600_800.png,/scratch/parceirosbr/bigoilict/share/BigOil/document_generator/datasets/documents_2021_12_28/31schl04_20211228_165931_1242717811_600_800.png,31schl04_20211228_165931_1242717811_600_800_mask.png,258
10,6,20,12,167,467,187,479,167,467,187,467,187,479,167,479,text,table_text,table_1,times,italic,10.0,31schl04_20211228_165931_1242717811_600_800.png,/scratch/parceirosbr/bigoilict/share/BigOil/document_generator/datasets/documents_2021_12_28/31schl04_20211228_165931_1242717811_600_800.png,31schl04_20211228_165931_1242717811_600_800_mask.png,1641
10,6,20,12,167,467,187,479,167,467,187,467,187,479,167,479,sub_line_text,table_text,table_1,times,italic,10.0,31schl04_20211228_165931_1242717811_600_800.png,/scratch/parceirosbr/bigoilict/share/BigOil/document_generator/datasets/documents_2021_12_28/31schl04_20211228_165931_1242717811_600_800.png,31schl04_20211228_165931_1242717811_600_800_mask.png,1641
10,6,20,12,167,481,187,493,167,481,187,481,187,493,167,493,text,table_text,table_1,times,italic,10.0,31schl04_20211228_165931_1242717811_600_800.png,/scratch/parceirosbr/bigoilict/share/BigOil/document_generator/datasets/documents_2021_12_28/31schl04_20211228_165931_1242717811_600_800.png,31schl04_20211228_165931_1242717811_600_800_mask.png,2885
10,6,20,12,167,481,187,493,167,481,187,481,187,493,167,493,sub_line_text,table_text,table_1,times,italic,10.0,31schl04_20211228_165931_1242717811_600_800.png,/scratch/parceirosbr/bigoilict/share/BigOil/document_generator/datasets/documents_2021_12_28/31schl04_20211228_165931_1242717811_600_800.png,31schl04_20211228_165931_1242717811_600_800_mask.png,2885
5,6,11,12,177,495,188,507,177,495,187,495,188,507,178,507,text,table_text,table_1,times,italic,10.0,31schl04_20211228_165931_1242717811_600_800.png,/scratch/parceirosbr/bigoilict/share/BigOil/document_generator/datasets/documents_2021_12_28/31schl04_20211228_165931_1242717811_600_800.png,31schl04_20211228_165931_1242717811_600_800_mask.png,93
5,6,11,12,177,495,188,507,177,495,187,495,188,507,178,507,sub_line_text,table_text,table_1,times,italic,10.0,31schl04_20211228_165931_1242717811_600_800.png,/scratch/parceirosbr/bigoilict/share/BigOil/document_generator/datasets/documents_2021_12_28/31schl04_20211228_165931_1242717811_600_800.png,31schl04_20211228_165931_1242717811_600_800_mask.png,93
5,6,10,12,178,509,188,521,178,509,188,509,188,521,178,521,text,table_text,table_1,times,italic,10.0,31schl04_20211228_165931_1242717811_600_800.png,/scratch/parceirosbr/bigoilict/share/BigOil/document_generator/datasets/documents_2021_12_28/31schl04_20211228_165931_1242717811_600_800.png,31schl04_20211228_165931_1242717811_600_800_mask.png,59
5,6,10,12,178,509,188,521,178,509,188,509,188,521,178,521,sub_line_text,table_text,table_1,times,italic,10.0,31schl04_20211228_165931_1242717811_600_800.png,/scratch/parceirosbr/bigoilict/share/BigOil/document_generator/datasets/documents_2021_12_28/31schl04_20211228_165931_1242717811_600_800.png,31schl04_20211228_165931_1242717811_600_800_mask.png,59
10,6,21,12,167,523,188,535,167,523,188,523,188,535,167,535,text,table_text,table_1,times,italic,10.0,31schl04_20211228_165931_1242717811_600_800.png,/scratch/parceirosbr/bigoilict/share/BigOil/document_generator/datasets/documents_2021_12_28/31schl04_20211228_165931_1242717811_600_800.png,31schl04_20211228_165931_1242717811_600_800_mask.png,5887
10,6,21,12,167,523,188,535,167,523,188,523,188,535,167,535,sub_line_text,table_text,table_1,times,italic,10.0,31schl04_20211228_165931_1242717811_600_800.png,/scratch/parceirosbr/bigoilict/share/BigOil/document_generator/datasets/documents_2021_12_28/31schl04_20211228_165931_1242717811_600_800.png,31schl04_20211228_165931_1242717811_600_800_mask.png,5887
2,6,5,12,183,537,188,549,183,537,188,537,188,549,183,549,text,table_text,table_1,times,italic,10.0,31schl04_20211228_165931_1242717811_600_800.png,/scratch/parceirosbr/bigoilict/share/BigOil/document_generator/datasets/documents_2021_12_28/31schl04_20211228_165931_1242717811_600_800.png,31schl04_20211228_165931_1242717811_600_800_mask.png,1
2,6,5,12,183,537,188,549,183,537,188,537,188,549,183,549,sub_line_text,table_text,table_1,times,italic,10.0,31schl04_20211228_165931_1242717811_600_800.png,/scratch/parceirosbr/bigoilict/share/BigOil/document_generator/datasets/documents_2021_12_28/31schl04_20211228_165931_1242717811_600_800.png,31schl04_20211228_165931_1242717811_600_800_mask.png,1
10,6,21,12,168,551,189,563,168,551,188,551,189,563,169,563,text,table_text,table_1,times,italic,10.0,31schl04_20211228_165931_1242717811_600_800.png,/scratch/parceirosbr/bigoilict/share/BigOil/document_generator/datasets/documents_2021_12_28/31schl04_20211228_165931_1242717811_600_800.png,31schl04_20211228_165931_1242717811_600_800_mask.png,3165
10,6,21,12,168,551,189,563,168,551,188,551,189,563,169,563,sub_line_text,table_text,table_1,times,italic,10.0,31schl04_20211228_165931_1242717811_600_800.png,/scratch/parceirosbr/bigoilict/share/BigOil/document_generator/datasets/documents_2021_12_28/31schl04_20211228_165931_1242717811_600_800.png,31schl04_20211228_165931_1242717811_600_800_mask.png,3165
3,6,6,12,183,565,189,577,183,565,189,565,189,577,183,577,text,table_text,table_1,times,italic,10.0,31schl04_20211228_165931_1242717811_600_800.png,/scratch/parceirosbr/bigoilict/share/BigOil/document_generator/datasets/documents_2021_12_28/31schl04_20211228_165931_1242717811_600_800.png,31schl04_20211228_165931_1242717811_600_800_mask.png,6
3,6,6,12,183,565,189,577,183,565,189,565,189,577,183,577,sub_line_text,table_text,table_1,times,italic,10.0,31schl04_20211228_165931_1242717811_600_800.png,/scratch/parceirosbr/bigoilict/share/BigOil/document_generator/datasets/documents_2021_12_28/31schl04_20211228_165931_1242717811_600_800.png,31schl04_20211228_165931_1242717811_600_800_mask.png,6
10,6,20,12,169,579,189,591,169,579,189,579,189,591,169,591,text,table_text,table_1,times,italic,10.0,31schl04_20211228_165931_1242717811_600_800.png,/scratch/parceirosbr/bigoilict/share/BigOil/document_generator/datasets/documents_2021_12_28/31schl04_20211228_165931_1242717811_600_800.png,31schl04_20211228_165931_1242717811_600_800_mask.png,5539
10,6,20,12,169,579,189,591,169,579,189,579,189,591,169,591,sub_line_text,table_text,table_1,times,italic,10.0,31schl04_20211228_165931_1242717811_600_800.png,/scratch/parceirosbr/bigoilict/share/BigOil/document_generator/datasets/documents_2021_12_28/31schl04_20211228_165931_1242717811_600_800.png,31schl04_20211228_165931_1242717811_600_800_mask.png,5539
7,6,15,12,174,593,189,605,174,593,189,593,189,605,174,605,text,table_text,table_1,times,italic,10.0,31schl04_20211228_165931_1242717811_600_800.png,/scratch/parceirosbr/bigoilict/share/BigOil/document_generator/datasets/documents_2021_12_28/31schl04_20211228_165931_1242717811_600_800.png,31schl04_20211228_165931_1242717811_600_800_mask.png,742
7,6,15,12,174,593,189,605,174,593,189,593,189,605,174,605,sub_line_text,table_text,table_1,times,italic,10.0,31schl04_20211228_165931_1242717811_600_800.png,/scratch/parceirosbr/bigoilict/share/BigOil/document_generator/datasets/documents_2021_12_28/31schl04_20211228_165931_1242717811_600_800.png,31schl04_20211228_165931_1242717811_600_800_mask.png,742
7,6,15,12,174,607,189,619,174,607,189,607,189,619,174,619,text,table_text,table_1,times,italic,10.0,31schl04_20211228_165931_1242717811_600_800.png,/scratch/parceirosbr/bigoilict/share/BigOil/document_generator/datasets/documents_2021_12_28/31schl04_20211228_165931_1242717811_600_800.png,31schl04_20211228_165931_1242717811_600_800_mask.png,853
7,6,15,12,174,607,189,619,174,607,189,607,189,619,174,619,sub_line_text,table_text,table_1,times,italic,10.0,31schl04_20211228_165931_1242717811_600_800.png,/scratch/parceirosbr/bigoilict/share/BigOil/document_generator/datasets/documents_2021_12_28/31schl04_20211228_165931_1242717811_600_800.png,31schl04_20211228_165931_1242717811_600_800_mask.png,853
7,6,15,12,175,621,190,633,175,621,190,621,190,633,175,633,text,table_text,table_1,times,italic,10.0,31schl04_20211228_165931_1242717811_600_800.png,/scratch/parceirosbr/bigoilict/share/BigOil/document_generator/datasets/documents_2021_12_28/31schl04_20211228_165931_1242717811_600_800.png,31schl04_20211228_165931_1242717811_600_800_mask.png,209
7,6,15,12,175,621,190,633,175,621,190,621,190,633,175,633,sub_line_text,table_text,table_1,times,italic,10.0,31schl04_20211228_165931_1242717811_600_800.png,/scratch/parceirosbr/bigoilict/share/BigOil/document_generator/datasets/documents_2021_12_28/31schl04_20211228_165931_1242717811_600_800.png,31schl04_20211228_165931_1242717811_600_800_mask.png,209
7,6,15,12,459,630,474,642,459,630,474,630,474,642,459,642,text,table_text,table_1,times,regular,10.0,31schl04_20211228_165931_1242717811_600_800.png,/scratch/parceirosbr/bigoilict/share/BigOil/document_generator/datasets/documents_2021_12_28/31schl04_20211228_165931_1242717811_600_800.png,31schl04_20211228_165931_1242717811_600_800_mask.png,749
7,6,15,12,459,630,474,642,459,630,474,630,474,642,459,642,sub_line_text,table_text,table_1,times,regular,10.0,31schl04_20211228_165931_1242717811_600_800.png,/scratch/parceirosbr/bigoilict/share/BigOil/document_generator/datasets/documents_2021_12_28/31schl04_20211228_165931_1242717811_600_800.png,31schl04_20211228_165931_1242717811_600_800_mask.png,749
16,6,33,13,250,409,283,422,250,410,283,409,283,421,250,422,text,table_text,table_1,times,italic,10.0,31schl04_20211228_165931_1242717811_600_800.png,/scratch/parceirosbr/bigoilict/share/BigOil/document_generator/datasets/documents_2021_12_28/31schl04_20211228_165931_1242717811_600_800.png,31schl04_20211228_165931_1242717811_600_800_mask.png,4078.71
16,6,33,13,250,409,283,422,250,410,283,409,283,421,250,422,sub_line_text,table_text,table_1,times,italic,10.0,31schl04_20211228_165931_1242717811_600_800.png,/scratch/parceirosbr/bigoilict/share/BigOil/document_generator/datasets/documents_2021_12_28/31schl04_20211228_165931_1242717811_600_800.png,31schl04_20211228_165931_1242717811_600_800_mask.png,4078.71
17,6,34,13,250,423,284,436,250,424,283,423,284,435,251,436,text,table_text,table_1,times,italic,10.0,31schl04_20211228_165931_1242717811_600_800.png,/scratch/parceirosbr/bigoilict/share/BigOil/document_generator/datasets/documents_2021_12_28/31schl04_20211228_165931_1242717811_600_800.png,31schl04_20211228_165931_1242717811_600_800_mask.png,3364.80
17,6,34,13,250,423,284,436,250,424,283,423,284,435,251,436,sub_line_text,table_text,table_1,times,italic,10.0,31schl04_20211228_165931_1242717811_600_800.png,/scratch/parceirosbr/bigoilict/share/BigOil/document_generator/datasets/documents_2021_12_28/31schl04_20211228_165931_1242717811_600_800.png,31schl04_20211228_165931_1242717811_600_800_mask.png,3364.80
14,6,28,13,256,437,284,450,256,438,284,437,284,449,256,450,text,table_text,table_1,times,italic,10.0,31schl04_20211228_165931_1242717811_600_800.png,/scratch/parceirosbr/bigoilict/share/BigOil/document_generator/datasets/documents_2021_12_28/31schl04_20211228_165931_1242717811_600_800.png,31schl04_20211228_165931_1242717811_600_800_mask.png,173.83
14,6,28,13,256,437,284,450,256,438,284,437,284,449,256,450,sub_line_text,table_text,table_1,times,italic,10.0,31schl04_20211228_165931_1242717811_600_800.png,/scratch/parceirosbr/bigoilict/share/BigOil/document_generator/datasets/documents_2021_12_28/31schl04_20211228_165931_1242717811_600_800.png,31schl04_20211228_165931_1242717811_600_800_mask.png,173.83
14,6,29,13,255,451,284,464,255,452,284,451,284,463,255,464,text,table_text,table_1,times,italic,10.0,31schl04_20211228_165931_1242717811_600_800.png,/scratch/parceirosbr/bigoilict/share/BigOil/document_generator/datasets/documents_2021_12_28/31schl04_20211228_165931_1242717811_600_800.png,31schl04_20211228_165931_1242717811_600_800_mask.png,967.26
14,6,29,13,255,451,284,464,255,452,284,451,284,463,255,464,sub_line_text,table_text,table_1,times,italic,10.0,31schl04_20211228_165931_1242717811_600_800.png,/scratch/parceirosbr/bigoilict/share/BigOil/document_generator/datasets/documents_2021_12_28/31schl04_20211228_165931_1242717811_600_800.png,31schl04_20211228_165931_1242717811_600_800_mask.png,967.26
11,6,23,13,261,465,284,478,261,466,284,465,284,477,261,478,text,table_text,table_1,times,italic,10.0,31schl04_20211228_165931_1242717811_600_800.png,/scratch/parceirosbr/bigoilict/share/BigOil/document_generator/datasets/documents_2021_12_28/31schl04_20211228_165931_1242717811_600_800.png,31schl04_20211228_165931_1242717811_600_800_mask.png,28.69
11,6,23,13,261,465,284,478,261,466,284,465,284,477,261,478,sub_line_text,table_text,table_1,times,italic,10.0,31schl04_20211228_165931_1242717811_600_800.png,/scratch/parceirosbr/bigoilict/share/BigOil/document_generator/datasets/documents_2021_12_28/31schl04_20211228_165931_1242717811_600_800.png,31schl04_20211228_165931_1242717811_600_800_mask.png,28.69
16,6,33,13,251,479,284,492,251,480,284,479,284,491,251,492,text,table_text,table_1,times,italic,10.0,31schl04_20211228_165931_1242717811_600_800.png,/scratch/parceirosbr/bigoilict/share/BigOil/document_generator/datasets/documents_2021_12_28/31schl04_20211228_165931_1242717811_600_800.png,31schl04_20211228_165931_1242717811_600_800_mask.png,6475.40
16,6,33,13,251,479,284,492,251,480,284,479,284,491,251,492,sub_line_text,table_text,table_1,times,italic,10.0,31schl04_20211228_165931_1242717811_600_800.png,/scratch/parceirosbr/bigoilict/share/BigOil/document_generator/datasets/documents_2021_12_28/31schl04_20211228_165931_1242717811_600_800.png,31schl04_20211228_165931_1242717811_600_800_mask.png,6475.40
14,6,29,13,256,493,285,506,256,494,284,493,285,505,257,506,text,table_text,table_1,times,italic,10.0,31schl04_20211228_165931_1242717811_600_800.png,/scratch/parceirosbr/bigoilict/share/BigOil/document_generator/datasets/documents_2021_12_28/31schl04_20211228_165931_1242717811_600_800.png,31schl04_20211228_165931_1242717811_600_800_mask.png,938.83
14,6,29,13,256,493,285,506,256,494,284,493,285,505,257,506,sub_line_text,table_text,table_1,times,italic,10.0,31schl04_20211228_165931_1242717811_600_800.png,/scratch/parceirosbr/bigoilict/share/BigOil/document_generator/datasets/documents_2021_12_28/31schl04_20211228_165931_1242717811_600_800.png,31schl04_20211228_165931_1242717811_600_800_mask.png,938.83
11,6,23,13,262,507,285,520,262,508,285,507,285,519,262,520,text,table_text,table_1,times,italic,10.0,31schl04_20211228_165931_1242717811_600_800.png,/scratch/parceirosbr/bigoilict/share/BigOil/document_generator/datasets/documents_2021_12_28/31schl04_20211228_165931_1242717811_600_800.png,31schl04_20211228_165931_1242717811_600_800_mask.png,61.62
11,6,23,13,262,507,285,520,262,508,285,507,285,519,262,520,sub_line_text,table_text,table_1,times,italic,10.0,31schl04_20211228_165931_1242717811_600_800.png,/scratch/parceirosbr/bigoilict/share/BigOil/document_generator/datasets/documents_2021_12_28/31schl04_20211228_165931_1242717811_600_800.png,31schl04_20211228_165931_1242717811_600_800_mask.png,61.62
16,6,33,13,252,521,285,534,252,522,285,521,285,533,252,534,text,table_text,table_1,times,italic,10.0,31schl04_20211228_165931_1242717811_600_800.png,/scratch/parceirosbr/bigoilict/share/BigOil/document_generator/datasets/documents_2021_12_28/31schl04_20211228_165931_1242717811_600_800.png,31schl04_20211228_165931_1242717811_600_800_mask.png,7236.92
16,6,33,13,252,521,285,534,252,522,285,521,285,533,252,534,sub_line_text,table_text,table_1,times,italic,10.0,31schl04_20211228_165931_1242717811_600_800.png,/scratch/parceirosbr/bigoilict/share/BigOil/document_generator/datasets/documents_2021_12_28/31schl04_20211228_165931_1242717811_600_800.png,31schl04_20211228_165931_1242717811_600_800_mask.png,7236.92
14,6,28,13,257,535,285,548,257,536,285,535,285,547,257,548,text,table_text,table_1,times,italic,10.0,31schl04_20211228_165931_1242717811_600_800.png,/scratch/parceirosbr/bigoilict/share/BigOil/document_generator/datasets/documents_2021_12_28/31schl04_20211228_165931_1242717811_600_800.png,31schl04_20211228_165931_1242717811_600_800_mask.png,820.82
14,6,28,13,257,535,285,548,257,536,285,535,285,547,257,548,sub_line_text,table_text,table_1,times,italic,10.0,31schl04_20211228_165931_1242717811_600_800.png,/scratch/parceirosbr/bigoilict/share/BigOil/document_generator/datasets/documents_2021_12_28/31schl04_20211228_165931_1242717811_600_800.png,31schl04_20211228_165931_1242717811_600_800_mask.png,820.82
17,6,34,13,252,549,286,562,252,550,285,549,286,561,253,562,text,table_text,table_1,times,italic,10.0,31schl04_20211228_165931_1242717811_600_800.png,/scratch/parceirosbr/bigoilict/share/BigOil/document_generator/datasets/documents_2021_12_28/31schl04_20211228_165931_1242717811_600_800.png,31schl04_20211228_165931_1242717811_600_800_mask.png,7120.51
17,6,34,13,252,549,286,562,252,550,285,549,286,561,253,562,sub_line_text,table_text,table_1,times,italic,10.0,31schl04_20211228_165931_1242717811_600_800.png,/scratch/parceirosbr/bigoilict/share/BigOil/document_generator/datasets/documents_2021_12_28/31schl04_20211228_165931_1242717811_600_800.png,31schl04_20211228_165931_1242717811_600_800_mask.png,7120.51
11,6,23,12,263,563,286,575,263,563,286,563,286,575,263,575,text,table_text,table_1,times,italic,10.0,31schl04_20211228_165931_1242717811_600_800.png,/scratch/parceirosbr/bigoilict/share/BigOil/document_generator/datasets/documents_2021_12_28/31schl04_20211228_165931_1242717811_600_800.png,31schl04_20211228_165931_1242717811_600_800_mask.png,96.30
11,6,23,12,263,563,286,575,263,563,286,563,286,575,263,575,sub_line_text,table_text,table_1,times,italic,10.0,31schl04_20211228_165931_1242717811_600_800.png,/scratch/parceirosbr/bigoilict/share/BigOil/document_generator/datasets/documents_2021_12_28/31schl04_20211228_165931_1242717811_600_800.png,31schl04_20211228_165931_1242717811_600_800_mask.png,96.30
14,6,29,13,257,577,286,590,257,578,286,577,286,589,257,590,text,table_text,table_1,times,italic,10.0,31schl04_20211228_165931_1242717811_600_800.png,/scratch/parceirosbr/bigoilict/share/BigOil/document_generator/datasets/documents_2021_12_28/31schl04_20211228_165931_1242717811_600_800.png,31schl04_20211228_165931_1242717811_600_800_mask.png,241.26
14,6,29,13,257,577,286,590,257,578,286,577,286,589,257,590,sub_line_text,table_text,table_1,times,italic,10.0,31schl04_20211228_165931_1242717811_600_800.png,/scratch/parceirosbr/bigoilict/share/BigOil/document_generator/datasets/documents_2021_12_28/31schl04_20211228_165931_1242717811_600_800.png,31schl04_20211228_165931_1242717811_600_800_mask.png,241.26
14,6,28,13,258,591,286,604,258,592,286,591,286,603,258,604,text,table_text,table_1,times,italic,10.0,31schl04_20211228_165931_1242717811_600_800.png,/scratch/parceirosbr/bigoilict/share/BigOil/document_generator/datasets/documents_2021_12_28/31schl04_20211228_165931_1242717811_600_800.png,31schl04_20211228_165931_1242717811_600_800_mask.png,504.58
14,6,28,13,258,591,286,604,258,592,286,591,286,603,258,604,sub_line_text,table_text,table_1,times,italic,10.0,31schl04_20211228_165931_1242717811_600_800.png,/scratch/parceirosbr/bigoilict/share/BigOil/document_generator/datasets/documents_2021_12_28/31schl04_20211228_165931_1242717811_600_800.png,31schl04_20211228_165931_1242717811_600_800_mask.png,504.58
16,6,33,13,253,605,286,618,253,606,286,605,286,617,253,618,text,table_text,table_1,times,italic,10.0,31schl04_20211228_165931_1242717811_600_800.png,/scratch/parceirosbr/bigoilict/share/BigOil/document_generator/datasets/documents_2021_12_28/31schl04_20211228_165931_1242717811_600_800.png,31schl04_20211228_165931_1242717811_600_800_mask.png,5365.05
16,6,33,13,253,605,286,618,253,606,286,605,286,617,253,618,sub_line_text,table_text,table_1,times,italic,10.0,31schl04_20211228_165931_1242717811_600_800.png,/scratch/parceirosbr/bigoilict/share/BigOil/document_generator/datasets/documents_2021_12_28/31schl04_20211228_165931_1242717811_600_800.png,31schl04_20211228_165931_1242717811_600_800_mask.png,5365.05
11,6,23,12,264,619,287,631,264,619,287,619,287,631,264,631,text,table_text,table_1,times,italic,10.0,31schl04_20211228_165931_1242717811_600_800.png,/scratch/parceirosbr/bigoilict/share/BigOil/document_generator/datasets/documents_2021_12_28/31schl04_20211228_165931_1242717811_600_800.png,31schl04_20211228_165931_1242717811_600_800_mask.png,93.65
11,6,23,12,264,619,287,631,264,619,287,619,287,631,264,631,sub_line_text,table_text,table_1,times,italic,10.0,31schl04_20211228_165931_1242717811_600_800.png,/scratch/parceirosbr/bigoilict/share/BigOil/document_generator/datasets/documents_2021_12_28/31schl04_20211228_165931_1242717811_600_800.png,31schl04_20211228_165931_1242717811_600_800_mask.png,93.65
31,6,63,13,338,408,401,421,338,409,401,408,401,420,338,421,text,table_text,table_1,times,italic,10.0,31schl04_20211228_165931_1242717811_600_800.png,/scratch/parceirosbr/bigoilict/share/BigOil/document_generator/datasets/documents_2021_12_28/31schl04_20211228_165931_1242717811_600_800.png,31schl04_20211228_165931_1242717811_600_800_mask.png,297931843.254
31,6,63,13,338,408,401,421,338,409,401,408,401,420,338,421,sub_line_text,table_text,table_1,times,italic,10.0,31schl04_20211228_165931_1242717811_600_800.png,/scratch/parceirosbr/bigoilict/share/BigOil/document_generator/datasets/documents_2021_12_28/31schl04_20211228_165931_1242717811_600_800.png,31schl04_20211228_165931_1242717811_600_800_mask.png,297931843.254
32,6,64,13,337,422,401,435,337,423,401,422,401,434,338,435,text,table_text,table_1,times,italic,10.0,31schl04_20211228_165931_1242717811_600_800.png,/scratch/parceirosbr/bigoilict/share/BigOil/document_generator/datasets/documents_2021_12_28/31schl04_20211228_165931_1242717811_600_800.png,31schl04_20211228_165931_1242717811_600_800_mask.png,378838845.526
32,6,64,13,337,422,401,435,337,423,401,422,401,434,338,435,sub_line_text,table_text,table_1,times,italic,10.0,31schl04_20211228_165931_1242717811_600_800.png,/scratch/parceirosbr/bigoilict/share/BigOil/document_generator/datasets/documents_2021_12_28/31schl04_20211228_165931_1242717811_600_800.png,31schl04_20211228_165931_1242717811_600_800_mask.png,378838845.526
31,6,63,13,339,436,402,449,339,437,402,436,402,448,339,449,text,table_text,table_1,times,italic,10.0,31schl04_20211228_165931_1242717811_600_800.png,/scratch/parceirosbr/bigoilict/share/BigOil/document_generator/datasets/documents_2021_12_28/31schl04_20211228_165931_1242717811_600_800.png,31schl04_20211228_165931_1242717811_600_800_mask.png,966535936.762
31,6,63,13,339,436,402,449,339,437,402,436,402,448,339,449,sub_line_text,table_text,table_1,times,italic,10.0,31schl04_20211228_165931_1242717811_600_800.png,/scratch/parceirosbr/bigoilict/share/BigOil/document_generator/datasets/documents_2021_12_28/31schl04_20211228_165931_1242717811_600_800.png,31schl04_20211228_165931_1242717811_600_800_mask.png,966535936.762
31,6,63,13,339,450,402,463,339,451,402,450,402,462,339,463,text,table_text,table_1,times,italic,10.0,31schl04_20211228_165931_1242717811_600_800.png,/scratch/parceirosbr/bigoilict/share/BigOil/document_generator/datasets/documents_2021_12_28/31schl04_20211228_165931_1242717811_600_800.png,31schl04_20211228_165931_1242717811_600_800_mask.png,244700573.692
31,6,63,13,339,450,402,463,339,451,402,450,402,462,339,463,sub_line_text,table_text,table_1,times,italic,10.0,31schl04_20211228_165931_1242717811_600_800.png,/scratch/parceirosbr/bigoilict/share/BigOil/document_generator/datasets/documents_2021_12_28/31schl04_20211228_165931_1242717811_600_800.png,31schl04_20211228_165931_1242717811_600_800_mask.png,244700573.692
31,6,63,13,339,464,402,477,339,465,402,464,402,476,339,477,text,table_text,table_1,times,italic,10.0,31schl04_20211228_165931_1242717811_600_800.png,/scratch/parceirosbr/bigoilict/share/BigOil/document_generator/datasets/documents_2021_12_28/31schl04_20211228_165931_1242717811_600_800.png,31schl04_20211228_165931_1242717811_600_800_mask.png,361166119.751
31,6,63,13,339,464,402,477,339,465,402,464,402,476,339,477,sub_line_text,table_text,table_1,times,italic,10.0,31schl04_20211228_165931_1242717811_600_800.png,/scratch/parceirosbr/bigoilict/share/BigOil/document_generator/datasets/documents_2021_12_28/31schl04_20211228_165931_1242717811_600_800.png,31schl04_20211228_165931_1242717811_600_800_mask.png,361166119.751
31,6,63,13,339,478,402,491,339,479,402,478,402,490,339,491,text,table_text,table_1,times,italic,10.0,31schl04_20211228_165931_1242717811_600_800.png,/scratch/parceirosbr/bigoilict/share/BigOil/document_generator/datasets/documents_2021_12_28/31schl04_20211228_165931_1242717811_600_800.png,31schl04_20211228_165931_1242717811_600_800_mask.png,567588599.475
31,6,63,13,339,478,402,491,339,479,402,478,402,490,339,491,sub_line_text,table_text,table_1,times,italic,10.0,31schl04_20211228_165931_1242717811_600_800.png,/scratch/parceirosbr/bigoilict/share/BigOil/document_generator/datasets/documents_2021_12_28/31schl04_20211228_165931_1242717811_600_800.png,31schl04_20211228_165931_1242717811_600_800_mask.png,567588599.475
32,6,64,13,339,492,403,505,339,493,402,492,403,504,340,505,text,table_text,table_1,times,italic,10.0,31schl04_20211228_165931_1242717811_600_800.png,/scratch/parceirosbr/bigoilict/share/BigOil/document_generator/datasets/documents_2021_12_28/31schl04_20211228_165931_1242717811_600_800.png,31schl04_20211228_165931_1242717811_600_800_mask.png,607053104.315
32,6,64,13,339,492,403,505,339,493,402,492,403,504,340,505,sub_line_text,table_text,table_1,times,italic,10.0,31schl04_20211228_165931_1242717811_600_800.png,/scratch/parceirosbr/bigoilict/share/BigOil/document_generator/datasets/documents_2021_12_28/31schl04_20211228_165931_1242717811_600_800.png,31schl04_20211228_165931_1242717811_600_800_mask.png,607053104.315
31,6,63,13,340,506,403,519,340,507,403,506,403,518,340,519,text,table_text,table_1,times,italic,10.0,31schl04_20211228_165931_1242717811_600_800.png,/scratch/parceirosbr/bigoilict/share/BigOil/document_generator/datasets/documents_2021_12_28/31schl04_20211228_165931_1242717811_600_800.png,31schl04_20211228_165931_1242717811_600_800_mask.png,833523828.825
31,6,63,13,340,506,403,519,340,507,403,506,403,518,340,519,sub_line_text,table_text,table_1,times,italic,10.0,31schl04_20211228_165931_1242717811_600_800.png,/scratch/parceirosbr/bigoilict/share/BigOil/document_generator/datasets/documents_2021_12_28/31schl04_20211228_165931_1242717811_600_800.png,31schl04_20211228_165931_1242717811_600_800_mask.png,833523828.825
31,6,63,13,340,520,403,533,340,521,403,520,403,532,340,533,text,table_text,table_1,times,italic,10.0,31schl04_20211228_165931_1242717811_600_800.png,/scratch/parceirosbr/bigoilict/share/BigOil/document_generator/datasets/documents_2021_12_28/31schl04_20211228_165931_1242717811_600_800.png,31schl04_20211228_165931_1242717811_600_800_mask.png,845666598.271
31,6,63,13,340,520,403,533,340,521,403,520,403,532,340,533,sub_line_text,table_text,table_1,times,italic,10.0,31schl04_20211228_165931_1242717811_600_800.png,/scratch/parceirosbr/bigoilict/share/BigOil/document_generator/datasets/documents_2021_12_28/31schl04_20211228_165931_1242717811_600_800.png,31schl04_20211228_165931_1242717811_600_800_mask.png,845666598.271
31,6,63,13,340,534,403,547,340,535,403,534,403,546,340,547,text,table_text,table_1,times,italic,10.0,31schl04_20211228_165931_1242717811_600_800.png,/scratch/parceirosbr/bigoilict/share/BigOil/document_generator/datasets/documents_2021_12_28/31schl04_20211228_165931_1242717811_600_800.png,31schl04_20211228_165931_1242717811_600_800_mask.png,809379180.632
31,6,63,13,340,534,403,547,340,535,403,534,403,546,340,547,sub_line_text,table_text,table_1,times,italic,10.0,31schl04_20211228_165931_1242717811_600_800.png,/scratch/parceirosbr/bigoilict/share/BigOil/document_generator/datasets/documents_2021_12_28/31schl04_20211228_165931_1242717811_600_800.png,31schl04_20211228_165931_1242717811_600_800_mask.png,809379180.632
32,6,64,13,340,548,404,561,340,549,403,548,404,560,341,561,text,table_text,table_1,times,italic,10.0,31schl04_20211228_165931_1242717811_600_800.png,/scratch/parceirosbr/bigoilict/share/BigOil/document_generator/datasets/documents_2021_12_28/31schl04_20211228_165931_1242717811_600_800.png,31schl04_20211228_165931_1242717811_600_800_mask.png,115425617.659
32,6,64,13,340,548,404,561,340,549,403,548,404,560,341,561,sub_line_text,table_text,table_1,times,italic,10.0,31schl04_20211228_165931_1242717811_600_800.png,/scratch/parceirosbr/bigoilict/share/BigOil/document_generator/datasets/documents_2021_12_28/31schl04_20211228_165931_1242717811_600_800.png,31schl04_20211228_165931_1242717811_600_800_mask.png,115425617.659
31,6,63,13,341,562,404,575,341,563,404,562,404,574,341,575,text,table_text,table_1,times,italic,10.0,31schl04_20211228_165931_1242717811_600_800.png,/scratch/parceirosbr/bigoilict/share/BigOil/document_generator/datasets/documents_2021_12_28/31schl04_20211228_165931_1242717811_600_800.png,31schl04_20211228_165931_1242717811_600_800_mask.png,368489206.432
31,6,63,13,341,562,404,575,341,563,404,562,404,574,341,575,sub_line_text,table_text,table_1,times,italic,10.0,31schl04_20211228_165931_1242717811_600_800.png,/scratch/parceirosbr/bigoilict/share/BigOil/document_generator/datasets/documents_2021_12_28/31schl04_20211228_165931_1242717811_600_800.png,31schl04_20211228_165931_1242717811_600_800_mask.png,368489206.432
31,6,63,13,341,576,404,589,341,577,404,576,404,588,341,589,text,table_text,table_1,times,italic,10.0,31schl04_20211228_165931_1242717811_600_800.png,/scratch/parceirosbr/bigoilict/share/BigOil/document_generator/datasets/documents_2021_12_28/31schl04_20211228_165931_1242717811_600_800.png,31schl04_20211228_165931_1242717811_600_800_mask.png,799258124.739
31,6,63,13,341,576,404,589,341,577,404,576,404,588,341,589,sub_line_text,table_text,table_1,times,italic,10.0,31schl04_20211228_165931_1242717811_600_800.png,/scratch/parceirosbr/bigoilict/share/BigOil/document_generator/datasets/documents_2021_12_28/31schl04_20211228_165931_1242717811_600_800.png,31schl04_20211228_165931_1242717811_600_800_mask.png,799258124.739
31,6,63,13,341,590,404,603,341,591,404,590,404,602,341,603,text,table_text,table_1,times,italic,10.0,31schl04_20211228_165931_1242717811_600_800.png,/scratch/parceirosbr/bigoilict/share/BigOil/document_generator/datasets/documents_2021_12_28/31schl04_20211228_165931_1242717811_600_800.png,31schl04_20211228_165931_1242717811_600_800_mask.png,252612250.251
31,6,63,13,341,590,404,603,341,591,404,590,404,602,341,603,sub_line_text,table_text,table_1,times,italic,10.0,31schl04_20211228_165931_1242717811_600_800.png,/scratch/parceirosbr/bigoilict/share/BigOil/document_generator/datasets/documents_2021_12_28/31schl04_20211228_165931_1242717811_600_800.png,31schl04_20211228_165931_1242717811_600_800_mask.png,252612250.251
31,6,63,13,341,604,404,617,341,605,404,604,404,616,341,617,text,table_text,table_1,times,italic,10.0,31schl04_20211228_165931_1242717811_600_800.png,/scratch/parceirosbr/bigoilict/share/BigOil/document_generator/datasets/documents_2021_12_28/31schl04_20211228_165931_1242717811_600_800.png,31schl04_20211228_165931_1242717811_600_800_mask.png,144129651.240
31,6,63,13,341,604,404,617,341,605,404,604,404,616,341,617,sub_line_text,table_text,table_1,times,italic,10.0,31schl04_20211228_165931_1242717811_600_800.png,/scratch/parceirosbr/bigoilict/share/BigOil/document_generator/datasets/documents_2021_12_28/31schl04_20211228_165931_1242717811_600_800.png,31schl04_20211228_165931_1242717811_600_800_mask.png,144129651.240
31,6,63,13,342,618,405,631,342,619,404,618,405,630,342,631,text,table_text,table_1,times,italic,10.0,31schl04_20211228_165931_1242717811_600_800.png,/scratch/parceirosbr/bigoilict/share/BigOil/document_generator/datasets/documents_2021_12_28/31schl04_20211228_165931_1242717811_600_800.png,31schl04_20211228_165931_1242717811_600_800_mask.png,369329084.644
31,6,63,13,342,618,405,631,342,619,404,618,405,630,342,631,sub_line_text,table_text,table_1,times,italic,10.0,31schl04_20211228_165931_1242717811_600_800.png,/scratch/parceirosbr/bigoilict/share/BigOil/document_generator/datasets/documents_2021_12_28/31schl04_20211228_165931_1242717811_600_800.png,31schl04_20211228_165931_1242717811_600_800_mask.png,369329084.644
25,6,51,13,412,406,463,419,412,407,463,406,463,418,412,419,text,table_text,table_1,times,italic,10.0,31schl04_20211228_165931_1242717811_600_800.png,/scratch/parceirosbr/bigoilict/share/BigOil/document_generator/datasets/documents_2021_12_28/31schl04_20211228_165931_1242717811_600_800.png,31schl04_20211228_165931_1242717811_600_800_mask.png,componentes
25,6,51,13,412,406,463,419,412,407,463,406,463,418,412,419,sub_line_text,table_text,table_1,times,italic,10.0,31schl04_20211228_165931_1242717811_600_800.png,/scratch/parceirosbr/bigoilict/share/BigOil/document_generator/datasets/documents_2021_12_28/31schl04_20211228_165931_1242717811_600_800.png,31schl04_20211228_165931_1242717811_600_800_mask.png,componentes
18,6,37,13,419,420,456,433,419,421,456,420,456,432,419,433,text,table_text,table_1,times,italic,10.0,31schl04_20211228_165931_1242717811_600_800.png,/scratch/parceirosbr/bigoilict/share/BigOil/document_generator/datasets/documents_2021_12_28/31schl04_20211228_165931_1242717811_600_800.png,31schl04_20211228_165931_1242717811_600_800_mask.png,estrutura
18,6,37,13,419,420,456,433,419,421,456,420,456,432,419,433,sub_line_text,table_text,table_1,times,italic,10.0,31schl04_20211228_165931_1242717811_600_800.png,/scratch/parceirosbr/bigoilict/share/BigOil/document_generator/datasets/documents_2021_12_28/31schl04_20211228_165931_1242717811_600_800.png,31schl04_20211228_165931_1242717811_600_800_mask.png,estrutura
15,6,31,13,423,434,454,447,423,435,454,434,454,446,423,447,text,table_text,table_1,times,italic,10.0,31schl04_20211228_165931_1242717811_600_800.png,/scratch/parceirosbr/bigoilict/share/BigOil/document_generator/datasets/documents_2021_12_28/31schl04_20211228_165931_1242717811_600_800.png,31schl04_20211228_165931_1242717811_600_800_mask.png,projeto
15,6,31,13,423,434,454,447,423,435,454,434,454,446,423,447,sub_line_text,table_text,table_1,times,italic,10.0,31schl04_20211228_165931_1242717811_600_800.png,/scratch/parceirosbr/bigoilict/share/BigOil/document_generator/datasets/documents_2021_12_28/31schl04_20211228_165931_1242717811_600_800.png,31schl04_20211228_165931_1242717811_600_800_mask.png,projeto
15,6,30,13,423,448,453,461,423,449,453,448,453,460,423,461,text,table_text,table_1,times,italic,10.0,31schl04_20211228_165931_1242717811_600_800.png,/scratch/parceirosbr/bigoilict/share/BigOil/document_generator/datasets/documents_2021_12_28/31schl04_20211228_165931_1242717811_600_800.png,31schl04_20211228_165931_1242717811_600_800_mask.png,relação
15,6,30,13,423,448,453,461,423,449,453,448,453,460,423,461,sub_line_text,table_text,table_1,times,italic,10.0,31schl04_20211228_165931_1242717811_600_800.png,/scratch/parceirosbr/bigoilict/share/BigOil/document_generator/datasets/documents_2021_12_28/31schl04_20211228_165931_1242717811_600_800.png,31schl04_20211228_165931_1242717811_600_800_mask.png,relação
12,6,24,13,427,462,451,475,427,463,451,462,451,474,427,475,text,table_text,table_1,times,italic,10.0,31schl04_20211228_165931_1242717811_600_800.png,/scratch/parceirosbr/bigoilict/share/BigOil/document_generator/datasets/documents_2021_12_28/31schl04_20211228_165931_1242717811_600_800.png,31schl04_20211228_165931_1242717811_600_800_mask.png,Como
12,6,24,13,427,462,451,475,427,463,451,462,451,474,427,475,sub_line_text,table_text,table_1,times,italic,10.0,31schl04_20211228_165931_1242717811_600_800.png,/scratch/parceirosbr/bigoilict/share/BigOil/document_generator/datasets/documents_2021_12_28/31schl04_20211228_165931_1242717811_600_800.png,31schl04_20211228_165931_1242717811_600_800_mask.png,Como
12,6,25,13,426,476,451,489,426,477,451,476,451,488,426,489,text,table_text,table_1,times,italic,10.0,31schl04_20211228_165931_1242717811_600_800.png,/scratch/parceirosbr/bigoilict/share/BigOil/document_generator/datasets/documents_2021_12_28/31schl04_20211228_165931_1242717811_600_800.png,31schl04_20211228_165931_1242717811_600_800_mask.png,etanol
12,6,25,13,426,476,451,489,426,477,451,476,451,488,426,489,sub_line_text,table_text,table_1,times,italic,10.0,31schl04_20211228_165931_1242717811_600_800.png,/scratch/parceirosbr/bigoilict/share/BigOil/document_generator/datasets/documents_2021_12_28/31schl04_20211228_165931_1242717811_600_800.png,31schl04_20211228_165931_1242717811_600_800_mask.png,etanol
16,6,32,13,423,490,455,503,423,491,454,490,455,502,424,503,text,table_text,table_1,times,italic,10.0,31schl04_20211228_165931_1242717811_600_800.png,/scratch/parceirosbr/bigoilict/share/BigOil/document_generator/datasets/documents_2021_12_28/31schl04_20211228_165931_1242717811_600_800.png,31schl04_20211228_165931_1242717811_600_800_mask.png,projeto
16,6,32,13,423,490,455,503,423,491,454,490,455,502,424,503,sub_line_text,table_text,table_1,times,italic,10.0,31schl04_20211228_165931_1242717811_600_800.png,/scratch/parceirosbr/bigoilict/share/BigOil/document_generator/datasets/documents_2021_12_28/31schl04_20211228_165931_1242717811_600_800.png,31schl04_20211228_165931_1242717811_600_800_mask.png,projeto
5,6,10,13,434,504,444,517,434,505,444,504,444,516,434,517,text,table_text,table_1,times,italic,10.0,31schl04_20211228_165931_1242717811_600_800.png,/scratch/parceirosbr/bigoilict/share/BigOil/document_generator/datasets/documents_2021_12_28/31schl04_20211228_165931_1242717811_600_800.png,31schl04_20211228_165931_1242717811_600_800_mask.png,de
5,6,10,13,434,504,444,517,434,505,444,504,444,516,434,517,sub_line_text,table_text,table_1,times,italic,10.0,31schl04_20211228_165931_1242717811_600_800.png,/scratch/parceirosbr/bigoilict/share/BigOil/document_generator/datasets/documents_2021_12_28/31schl04_20211228_165931_1242717811_600_800.png,31schl04_20211228_165931_1242717811_600_800_mask.png,de
10,6,21,13,429,518,450,531,429,519,450,518,450,530,429,531,text,table_text,table_1,times,italic,10.0,31schl04_20211228_165931_1242717811_600_800.png,/scratch/parceirosbr/bigoilict/share/BigOil/document_generator/datasets/documents_2021_12_28/31schl04_20211228_165931_1242717811_600_800.png,31schl04_20211228_165931_1242717811_600_800_mask.png,atual
10,6,21,13,429,518,450,531,429,519,450,518,450,530,429,531,sub_line_text,table_text,table_1,times,italic,10.0,31schl04_20211228_165931_1242717811_600_800.png,/scratch/parceirosbr/bigoilict/share/BigOil/document_generator/datasets/documents_2021_12_28/31schl04_20211228_165931_1242717811_600_800.png,31schl04_20211228_165931_1242717811_600_800_mask.png,atual
13,6,27,13,426,532,453,545,426,533,453,532,453,544,426,545,text,table_text,table_1,times,italic,10.0,31schl04_20211228_165931_1242717811_600_800.png,/scratch/parceirosbr/bigoilict/share/BigOil/document_generator/datasets/documents_2021_12_28/31schl04_20211228_165931_1242717811_600_800.png,31schl04_20211228_165931_1242717811_600_800_mask.png,reação
13,6,27,13,426,532,453,545,426,533,453,532,453,544,426,545,sub_line_text,table_text,table_1,times,italic,10.0,31schl04_20211228_165931_1242717811_600_800.png,/scratch/parceirosbr/bigoilict/share/BigOil/document_generator/datasets/documents_2021_12_28/31schl04_20211228_165931_1242717811_600_800.png,31schl04_20211228_165931_1242717811_600_800_mask.png,reação
15,6,31,13,424,546,455,559,424,547,454,546,455,558,425,559,text,table_text,table_1,times,italic,10.0,31schl04_20211228_165931_1242717811_600_800.png,/scratch/parceirosbr/bigoilict/share/BigOil/document_generator/datasets/documents_2021_12_28/31schl04_20211228_165931_1242717811_600_800.png,31schl04_20211228_165931_1242717811_600_800_mask.png,análise
15,6,31,13,424,546,455,559,424,547,454,546,455,558,425,559,sub_line_text,table_text,table_1,times,italic,10.0,31schl04_20211228_165931_1242717811_600_800.png,/scratch/parceirosbr/bigoilict/share/BigOil/document_generator/datasets/documents_2021_12_28/31schl04_20211228_165931_1242717811_600_800.png,31schl04_20211228_165931_1242717811_600_800_mask.png,análise
18,6,37,13,422,560,459,573,422,561,459,560,459,572,422,573,text,table_text,table_1,times,italic,10.0,31schl04_20211228_165931_1242717811_600_800.png,/scratch/parceirosbr/bigoilict/share/BigOil/document_generator/datasets/documents_2021_12_28/31schl04_20211228_165931_1242717811_600_800.png,31schl04_20211228_165931_1242717811_600_800_mask.png,empresas
18,6,37,13,422,560,459,573,422,561,459,560,459,572,422,573,sub_line_text,table_text,table_1,times,italic,10.0,31schl04_20211228_165931_1242717811_600_800.png,/scratch/parceirosbr/bigoilict/share/BigOil/document_generator/datasets/documents_2021_12_28/31schl04_20211228_165931_1242717811_600_800.png,31schl04_20211228_165931_1242717811_600_800_mask.png,empresas
12,6,25,13,428,574,453,587,428,575,453,574,453,586,428,587,text,table_text,table_1,times,italic,10.0,31schl04_20211228_165931_1242717811_600_800.png,/scratch/parceirosbr/bigoilict/share/BigOil/document_generator/datasets/documents_2021_12_28/31schl04_20211228_165931_1242717811_600_800.png,31schl04_20211228_165931_1242717811_600_800_mask.png,fundo
12,6,25,13,428,574,453,587,428,575,453,574,453,586,428,587,sub_line_text,table_text,table_1,times,italic,10.0,31schl04_20211228_165931_1242717811_600_800.png,/scratch/parceirosbr/bigoilict/share/BigOil/document_generator/datasets/documents_2021_12_28/31schl04_20211228_165931_1242717811_600_800.png,31schl04_20211228_165931_1242717811_600_800_mask.png,fundo
17,6,35,13,423,588,458,601,423,589,458,588,458,600,423,601,text,table_text,table_1,times,italic,10.0,31schl04_20211228_165931_1242717811_600_800.png,/scratch/parceirosbr/bigoilict/share/BigOil/document_generator/datasets/documents_2021_12_28/31schl04_20211228_165931_1242717811_600_800.png,31schl04_20211228_165931_1242717811_600_800_mask.png,consumo
17,6,35,13,423,588,458,601,423,589,458,588,458,600,423,601,sub_line_text,table_text,table_1,times,italic,10.0,31schl04_20211228_165931_1242717811_600_800.png,/scratch/parceirosbr/bigoilict/share/BigOil/document_generator/datasets/documents_2021_12_28/31schl04_20211228_165931_1242717811_600_800.png,31schl04_20211228_165931_1242717811_600_800_mask.png,consumo
13,6,26,13,427,602,453,615,427,603,453,602,453,614,427,615,text,table_text,table_1,times,italic,10.0,31schl04_20211228_165931_1242717811_600_800.png,/scratch/parceirosbr/bigoilict/share/BigOil/document_generator/datasets/documents_2021_12_28/31schl04_20211228_165931_1242717811_600_800.png,31schl04_20211228_165931_1242717811_600_800_mask.png,geram
13,6,26,13,427,602,453,615,427,603,453,602,453,614,427,615,sub_line_text,table_text,table_1,times,italic,10.0,31schl04_20211228_165931_1242717811_600_800.png,/scratch/parceirosbr/bigoilict/share/BigOil/document_generator/datasets/documents_2021_12_28/31schl04_20211228_165931_1242717811_600_800.png,31schl04_20211228_165931_1242717811_600_800_mask.png,geram
18,6,36,13,423,616,459,629,423,617,458,616,459,628,424,629,text,table_text,table_1,times,italic,10.0,31schl04_20211228_165931_1242717811_600_800.png,/scratch/parceirosbr/bigoilict/share/BigOil/document_generator/datasets/documents_2021_12_28/31schl04_20211228_165931_1242717811_600_800.png,31schl04_20211228_165931_1242717811_600_800_mask.png,derivado
18,6,36,13,423,616,459,629,423,617,458,616,459,628,424,629,sub_line_text,table_text,table_1,times,italic,10.0,31schl04_20211228_165931_1242717811_600_800.png,/scratch/parceirosbr/bigoilict/share/BigOil/document_generator/datasets/documents_2021_12_28/31schl04_20211228_165931_1242717811_600_800.png,31schl04_20211228_165931_1242717811_600_800_mask.png,derivado
